ACCELEROMETER X (m/s²),ACCELEROMETER Y (m/s²),ACCELEROMETER Z (m/s²),GRAVITY X (m/s²),GRAVITY Y (m/s²),GRAVITY Z (m/s²),LINEAR ACCELERATION X (m/s²),LINEAR ACCELERATION Y (m/s²),LINEAR ACCELERATION Z (m/s²),GYROSCOPE X (rad/s),GYROSCOPE Y (rad/s),GYROSCOPE Z (rad/s),LIGHT (lux),MAGNETIC FIELD X (μT),MAGNETIC FIELD Y (μT),MAGNETIC FIELD Z (μT),ORIENTATION Z (azimuth °),ORIENTATION X (pitch °),ORIENTATION Y (roll °),PROXIMITY (i),SOUND LEVEL (dB),LOCATION Latitude : ,LOCATION Longitude : ,LOCATION Altitude ( m),LOCATION Altitude-google ( m),LOCATION Speed ( Kmh),LOCATION Accuracy ( m),LOCATION ORIENTATION (°),Satellites in range,Time since start in ms ,YYYY-MO-DD HH-MI-SS_SSS
-1.443769,3.120839,9.18156,-1.217486,2.950745,9.272606,-0.175783,0.016177,0.208444,0.006125,-0.03502,0.025033,55.0,18.9,-5.7,-32.4,287.5669,-17.6553,7.441,5.0,26.67864,48.8439,2.3533363,307.0968,NaN,,44.303226,,5 / 17,8,2022-01-10 17:04:32:537
-1.443769,3.120839,9.18156,-1.217486,2.950745,9.272606,-0.175783,0.016177,0.208444,0.006125,-0.03502,0.025033,55.0,18.9,-5.7,-32.4,287.5669,-17.6553,7.441,5.0,26.67864,48.8439,2.3533363,307.0968,NaN,,44.303226,,5 / 17,14,2022-01-10 17:04:32:543
-1.443769,3.120839,9.18156,-1.217486,2.950745,9.272606,-0.175783,0.016177,0.208444,0.006125,-0.03502,0.025033,55.0,18.9,-5.7,-32.4,287.5669,-17.6553,7.441,5.0,26.67864,48.8439,2.3533363,307.0968,NaN,,44.303226,,5 / 17,18,2022-01-10 17:04:32:547
-1.443769,3.120839,9.18156,-1.217486,2.950745,9.272606,-0.175783,0.016177,0.208444,0.006125,-0.03502,0.025033,55.0,18.9,-5.7,-32.4,287.5669,-17.6553,7.441,5.0,26.67864,48.8439,2.3533363,307.0968,NaN,,44.303226,,5 / 17,24,2022-01-10 17:04:32:553
-1.443769,3.120839,9.18156,-1.217486,2.950745,9.272606,-0.175783,0.016177,0.208444,0.006125,-0.03502,0.025033,55.0,18.9,-5.7,-32.4,287.5669,-17.6553,7.441,5.0,26.67864,48.8439,2.3533363,307.0968,NaN,,44.303226,,5 / 17,28,2022-01-10 17:04:32:557
-1.443769,3.120839,9.18156,-1.217486,2.950745,9.272606,-0.175783,0.016177,0.208444,0.006125,-0.03502,0.025033,55.0,18.9,-5.7,-32.4,287.5669,-17.6553,7.441,5.0,26.67864,48.8439,2.3533363,307.0968,NaN,,44.303226,,5 / 17,33,2022-01-10 17:04:32:562
-1.443769,3.120839,9.18156,-1.217486,2.950745,9.272606,-0.175783,0.016177,0.208444,0.006125,-0.03502,0.025033,55.0,18.9,-5.7,-32.4,287.5669,-17.6553,7.441,5.0,26.67864,48.8439,2.3533363,307.0968,NaN,,44.303226,,5 / 17,39,2022-01-10 17:04:32:568
-1.443769,3.120839,9.18156,-1.217486,2.950745,9.272606,-0.175783,0.016177,0.208444,0.006125,-0.03502,0.025033,55.0,18.9,-5.7,-32.4,287.5669,-17.6553,7.441,5.0,26.67864,48.8439,2.3533363,307.0968,NaN,,44.303226,,5 / 17,43,2022-01-10 17:04:32:572
-1.443769,3.120839,9.18156,-1.217486,2.950745,9.272606,-0.175783,0.016177,0.208444,0.006125,-0.03502,0.025033,55.0,18.9,-5.7,-32.4,287.5669,-17.6553,7.441,5.0,26.67864,48.8439,2.3533363,307.0968,NaN,,44.303226,,5 / 17,48,2022-01-10 17:04:32:577
-1.443769,3.120839,9.18156,-1.217486,2.950745,9.272606,-0.175783,0.016177,0.208444,0.006125,-0.03502,0.025033,55.0,18.9,-5.7,-32.4,287.5669,-17.6553,7.441,5.0,26.67864,48.8439,2.3533363,307.0968,NaN,,44.303226,,5 / 17,53,2022-01-10 17:04:32:582
-1.443769,3.120839,9.18156,-1.217486,2.950745,9.272606,-0.175783,0.016177,0.208444,0.006125,-0.03502,0.025033,55.0,18.9,-5.7,-32.4,287.5669,-17.6553,7.441,5.0,26.67864,48.8439,2.3533363,307.0968,NaN,,44.303226,,5 / 17,58,2022-01-10 17:04:32:587
-1.443769,3.120839,9.18156,-1.217486,2.950745,9.272606,-0.175783,0.016177,0.208444,0.006125,-0.03502,0.025033,55.0,18.9,-5.7,-32.4,287.5669,-17.6553,7.441,5.0,26.67864,48.8439,2.3533363,307.0968,NaN,,44.303226,,5 / 17,63,2022-01-10 17:04:32:592
-1.443769,3.120839,9.18156,-1.217486,2.950745,9.272606,-0.175783,0.016177,0.208444,0.006125,-0.03502,0.025033,55.0,18.9,-5.7,-32.4,287.5669,-17.6553,7.441,5.0,26.67864,48.8439,2.3533363,307.0968,NaN,,44.303226,,5 / 17,68,2022-01-10 17:04:32:597
-1.443769,3.120839,9.18156,-1.217486,2.950745,9.272606,-0.175783,0.016177,0.208444,0.006125,-0.03502,0.025033,55.0,18.9,-5.7,-32.4,287.5669,-17.6553,7.441,5.0,26.67864,48.8439,2.3533363,307.0968,NaN,,44.303226,,5 / 17,73,2022-01-10 17:04:32:602
-1.443769,3.120839,9.18156,-1.217486,2.950745,9.272606,-0.175783,0.016177,0.208444,0.006125,-0.03502,0.025033,55.0,18.9,-5.7,-32.4,287.5669,-17.6553,7.441,5.0,26.67864,48.8439,2.3533363,307.0968,NaN,,44.303226,,5 / 17,78,2022-01-10 17:04:32:607
-1.443769,3.120839,9.18156,-1.217486,2.950745,9.272606,-0.175783,0.016177,0.208444,0.006125,-0.03502,0.025033,55.0,18.9,-5.7,-32.4,287.5669,-17.6553,7.441,5.0,26.67864,48.8439,2.3533363,307.0968,NaN,,44.303226,,5 / 17,83,2022-01-10 17:04:32:612
-1.28674,2.990131,9.023335,-1.129478,2.903207,9.298713,-0.178382,0.156777,-0.159147,0.006125,-0.03502,0.025033,55.0,18.9,-5.7,-32.4,287.5669,-17.6553,7.441,5.0,26.67864,48.8439,2.3533363,307.0968,NaN,,44.303226,,5 / 17,88,2022-01-10 17:04:32:617
-1.28674,2.990131,9.023335,-1.129478,2.903207,9.298713,-0.178382,0.156777,-0.159147,0.006125,-0.03502,0.025033,55.0,18.6,-5.4,-32.55,290.6226,-17.2202,6.9256,5.0,26.67864,48.8439,2.3533363,307.0968,NaN,,44.303226,,5 / 17,93,2022-01-10 17:04:32:622
-1.28674,2.990131,9.023335,-1.129478,2.903207,9.298713,-0.178382,0.156777,-0.159147,-0.231156,-0.172035,0.162049,55.0,18.6,-5.4,-32.55,290.6226,-17.2202,6.9256,5.0,26.67864,48.8439,2.3533363,307.0968,NaN,,44.303226,,5 / 17,99,2022-01-10 17:04:32:628
-1.28674,2.990131,9.023335,-1.129478,2.903207,9.298713,-0.178382,0.156777,-0.159147,-0.231156,-0.172035,0.162049,55.0,18.6,-5.4,-32.55,290.6226,-17.2202,6.9256,5.0,26.67864,48.8439,2.3533363,307.0968,NaN,,44.303226,,5 / 17,103,2022-01-10 17:04:32:632
-1.28674,2.990131,9.023335,-1.129478,2.903207,9.298713,-0.178382,0.156777,-0.159147,-0.231156,-0.172035,0.162049,55.0,18.6,-5.4,-32.55,290.6226,-17.2202,6.9256,5.0,26.67864,48.8439,2.3533363,307.0968,NaN,,44.303226,,5 / 17,108,2022-01-10 17:04:32:637
-1.28674,2.990131,9.023335,-1.129478,2.903207,9.298713,-0.178382,0.156777,-0.159147,-0.231156,-0.172035,0.162049,55.0,18.6,-5.4,-32.55,290.6226,-17.2202,6.9256,5.0,26.67864,48.8439,2.3533363,307.0968,NaN,,44.303226,,5 / 17,113,2022-01-10 17:04:32:642
-1.28674,2.990131,9.023335,-1.129478,2.903207,9.298713,-0.178382,0.156777,-0.159147,-0.231156,-0.172035,0.162049,55.0,18.6,-5.4,-32.55,290.6226,-17.2202,6.9256,5.0,26.67864,48.8439,2.3533363,307.0968,NaN,,44.303226,,5 / 17,118,2022-01-10 17:04:32:647
-1.28674,2.990131,9.023335,-1.129478,2.903207,9.298713,-0.178382,0.156777,-0.159147,-0.231156,-0.172035,0.162049,55.0,18.6,-5.4,-32.55,290.6226,-17.2202,6.9256,5.0,26.67864,48.8439,2.3533363,307.0968,NaN,,44.303226,,5 / 17,123,2022-01-10 17:04:32:652
-1.28674,2.990131,9.023335,-1.129478,2.903207,9.298713,-0.178382,0.156777,-0.159147,-0.231156,-0.172035,0.162049,55.0,18.6,-5.4,-32.55,290.6226,-17.2202,6.9256,5.0,26.67864,48.8439,2.3533363,307.0968,NaN,,44.303226,,5 / 17,129,2022-01-10 17:04:32:658
-1.28674,2.990131,9.023335,-1.129478,2.903207,9.298713,-0.178382,0.156777,-0.159147,-0.231156,-0.172035,0.162049,55.0,18.6,-5.4,-32.55,290.6226,-17.2202,6.9256,5.0,26.67864,48.8439,2.3533363,307.0968,NaN,,44.303226,,5 / 17,132,2022-01-10 17:04:32:661
-1.28674,2.990131,9.023335,-1.129478,2.903207,9.298713,-0.178382,0.156777,-0.159147,-0.231156,-0.172035,0.162049,55.0,18.6,-5.4,-32.55,290.6226,-17.2202,6.9256,5.0,26.67864,48.8439,2.3533363,307.0968,NaN,,44.303226,,5 / 17,138,2022-01-10 17:04:32:667
-1.28674,2.990131,9.023335,-1.129478,2.903207,9.298713,-0.178382,0.156777,-0.159147,-0.231156,-0.172035,0.162049,55.0,18.6,-5.4,-32.55,290.6226,-17.2202,6.9256,5.0,26.67864,48.8439,2.3533363,307.0968,NaN,,44.303226,,5 / 17,144,2022-01-10 17:04:32:673
-1.28674,2.990131,9.023335,-1.129478,2.903207,9.298713,-0.178382,0.156777,-0.159147,-0.231156,-0.172035,0.162049,55.0,18.6,-5.4,-32.55,290.6226,-17.2202,6.9256,5.0,26.67864,48.8439,2.3533363,307.0968,NaN,,44.303226,,5 / 17,147,2022-01-10 17:04:32:676
-1.28674,2.990131,9.023335,-1.129478,2.903207,9.298713,-0.178382,0.156777,-0.159147,-0.231156,-0.172035,0.162049,55.0,18.6,-5.4,-32.55,290.6226,-17.2202,6.9256,5.0,26.67864,48.8439,2.3533363,307.0968,NaN,,44.303226,,5 / 17,153,2022-01-10 17:04:32:682
-1.28674,2.990131,9.023335,-1.129478,2.903207,9.298713,-0.178382,0.156777,-0.159147,-0.231156,-0.172035,0.162049,55.0,18.6,-5.4,-32.55,290.6226,-17.2202,6.9256,5.0,26.67864,48.8439,2.3533363,307.0968,NaN,,44.303226,,5 / 17,158,2022-01-10 17:04:32:687
-1.28674,2.990131,9.023335,-1.129478,2.903207,9.298713,-0.178382,0.156777,-0.159147,-0.231156,-0.172035,0.162049,55.0,18.6,-5.4,-32.55,290.6226,-17.2202,6.9256,5.0,26.67864,48.8439,2.3533363,307.0968,NaN,,44.303226,,5 / 17,164,2022-01-10 17:04:32:693
-1.28674,2.990131,9.023335,-1.129478,2.903207,9.298713,-0.178382,0.156777,-0.159147,-0.231156,-0.172035,0.162049,55.0,18.6,-5.4,-32.55,290.6226,-17.2202,6.9256,5.0,26.67864,48.8439,2.3533363,307.0968,NaN,,44.303226,,5 / 17,168,2022-01-10 17:04:32:697
-1.28674,2.990131,9.023335,-1.129478,2.903207,9.298713,-0.178382,0.156777,-0.159147,-0.231156,-0.172035,0.162049,55.0,18.6,-5.4,-32.55,290.6226,-17.2202,6.9256,5.0,26.67864,48.8439,2.3533363,307.0968,NaN,,44.303226,,5 / 17,173,2022-01-10 17:04:32:702
-1.28674,2.990131,9.023335,-1.129478,2.903207,9.298713,-0.178382,0.156777,-0.159147,-0.231156,-0.172035,0.162049,55.0,18.6,-5.4,-32.55,290.6226,-17.2202,6.9256,5.0,26.67864,48.8439,2.3533363,307.0968,NaN,,44.303226,,5 / 17,178,2022-01-10 17:04:32:707
-1.28674,2.990131,9.023335,-1.129478,2.903207,9.298713,-0.178382,0.156777,-0.159147,-0.231156,-0.172035,0.162049,55.0,18.6,-5.4,-32.55,290.6226,-17.2202,6.9256,5.0,26.67864,48.8439,2.3533363,307.0968,NaN,,44.303226,,5 / 17,183,2022-01-10 17:04:32:712
-1.28674,2.990131,9.023335,-1.129478,2.903207,9.298713,-0.178382,0.156777,-0.159147,-0.231156,-0.172035,0.162049,55.0,18.6,-5.4,-32.55,290.6226,-17.2202,6.9256,5.0,26.67864,48.8439,2.3533363,307.0968,NaN,,44.303226,,5 / 17,188,2022-01-10 17:04:32:717
-1.28674,2.990131,9.023335,-1.129478,2.903207,9.298713,-0.178382,0.156777,-0.159147,-0.231156,-0.172035,0.162049,55.0,18.6,-5.4,-32.55,290.6226,-17.2202,6.9256,5.0,26.67864,48.8439,2.3533363,307.0968,NaN,,44.303226,,5 / 17,194,2022-01-10 17:04:32:723
-1.28674,2.990131,9.023335,-1.129478,2.903207,9.298713,-0.178382,0.156777,-0.159147,-0.231156,-0.172035,0.162049,55.0,18.6,-5.4,-32.55,290.6226,-17.2202,6.9256,5.0,26.67864,48.8439,2.3533363,307.0968,NaN,,44.303226,,5 / 17,198,2022-01-10 17:04:32:727
-0.211167,1.826023,9.41157,-0.915438,2.622164,9.405138,0.006926,0.045654,-0.087748,-0.231156,-0.172035,0.162049,55.0,18.6,-5.4,-32.55,290.6226,-17.2202,6.9256,5.0,26.67864,48.8439,2.3533363,307.0968,NaN,,44.303226,,5 / 17,202,2022-01-10 17:04:32:731
-0.211167,1.826023,9.41157,-0.915438,2.622164,9.405138,0.006926,0.045654,-0.087748,-0.231156,-0.172035,0.162049,55.0,18.6,-5.4,-32.55,290.6226,-17.2202,6.9256,5.0,26.67864,48.8439,2.3533363,307.0968,NaN,,44.303226,,5 / 17,209,2022-01-10 17:04:32:738
-0.211167,1.826023,9.41157,-0.915438,2.622164,9.405138,0.006926,0.045654,-0.087748,-0.231156,-0.172035,0.162049,55.0,18.6,-5.4,-32.55,290.6226,-17.2202,6.9256,5.0,26.67864,48.8439,2.3533363,307.0968,NaN,,44.303226,,5 / 17,213,2022-01-10 17:04:32:742
-0.211167,1.826023,9.41157,-0.915438,2.622164,9.405138,0.006926,0.045654,-0.087748,-0.231156,-0.172035,0.162049,55.0,18.6,-5.4,-32.55,290.6226,-17.2202,6.9256,5.0,26.67864,48.8439,2.3533363,307.0968,NaN,,44.303226,,5 / 17,218,2022-01-10 17:04:32:747
-0.211167,1.826023,9.41157,-0.915438,2.622164,9.405138,0.006926,0.045654,-0.087748,-0.231156,-0.172035,0.162049,55.0,18.6,-5.4,-32.55,290.6226,-17.2202,6.9256,5.0,26.67864,48.8439,2.3533363,307.0968,NaN,,44.303226,,5 / 17,222,2022-01-10 17:04:32:751
-0.211167,1.826023,9.41157,-0.915438,2.622164,9.405138,0.006926,0.045654,-0.087748,-0.231156,-0.172035,0.162049,55.0,18.6,-5.4,-32.55,290.6226,-17.2202,6.9256,5.0,26.67864,48.8439,2.3533363,307.0968,NaN,,44.303226,,5 / 17,229,2022-01-10 17:04:32:758
-0.211167,1.826023,9.41157,-0.915438,2.622164,9.405138,0.006926,0.045654,-0.087748,-0.24527,-0.22077,0.071104,55.0,18.6,-5.4,-32.55,290.6226,-17.2202,6.9256,5.0,26.67864,48.8439,2.3533363,307.0968,NaN,,44.303226,,5 / 17,232,2022-01-10 17:04:32:761
-0.211167,1.826023,9.41157,-0.915438,2.622164,9.405138,0.006926,0.045654,-0.087748,-0.24527,-0.22077,0.071104,55.0,18.6,-5.4,-32.55,290.6226,-17.2202,6.9256,5.0,26.67864,48.8439,2.3533363,307.0968,NaN,,44.303226,,5 / 17,238,2022-01-10 17:04:32:767
-0.211167,1.826023,9.41157,-0.915438,2.622164,9.405138,0.006926,0.045654,-0.087748,-0.24527,-0.22077,0.071104,55.0,18.6,-5.4,-32.55,290.6226,-17.2202,6.9256,5.0,26.67864,48.8439,2.3533363,307.0968,NaN,,44.303226,,5 / 17,243,2022-01-10 17:04:32:772
-0.211167,1.826023,9.41157,-0.915438,2.622164,9.405138,0.006926,0.045654,-0.087748,-0.24527,-0.22077,0.071104,55.0,18.3,-4.8,-33.225,286.7529,-15.5088,5.5593,5.0,26.67864,48.8439,2.3533363,307.0968,NaN,,44.303226,,5 / 17,248,2022-01-10 17:04:32:777
-0.211167,1.826023,9.41157,-0.915438,2.622164,9.405138,0.006926,0.045654,-0.087748,-0.24527,-0.22077,0.071104,55.0,18.3,-4.8,-33.225,286.7529,-15.5088,5.5593,5.0,26.67864,48.8439,2.3533363,307.0968,NaN,,44.303226,,5 / 17,254,2022-01-10 17:04:32:783
-0.211167,1.826023,9.41157,-0.915438,2.622164,9.405138,0.006926,0.045654,-0.087748,-0.24527,-0.22077,0.071104,55.0,18.3,-4.8,-33.225,286.7529,-15.5088,5.5593,5.0,26.67864,48.8439,2.3533363,307.0968,NaN,,44.303226,,5 / 17,259,2022-01-10 17:04:32:788
-0.211167,1.826023,9.41157,-0.915438,2.622164,9.405138,0.006926,0.045654,-0.087748,-0.24527,-0.22077,0.071104,55.0,18.3,-4.8,-33.225,286.7529,-15.5088,5.5593,5.0,26.67864,48.8439,2.3533363,307.0968,NaN,,44.303226,,5 / 17,263,2022-01-10 17:04:32:792
-0.211167,1.826023,9.41157,-0.915438,2.622164,9.405138,0.006926,0.045654,-0.087748,-0.24527,-0.22077,0.071104,55.0,18.3,-4.8,-33.225,286.7529,-15.5088,5.5593,5.0,26.67864,48.8439,2.3533363,307.0968,NaN,,44.303226,,5 / 17,268,2022-01-10 17:04:32:797
-0.211167,1.826023,9.41157,-0.915438,2.622164,9.405138,0.006926,0.045654,-0.087748,-0.24527,-0.22077,0.071104,55.0,18.3,-4.8,-33.225,286.7529,-15.5088,5.5593,5.0,26.67864,48.8439,2.3533363,307.0968,NaN,,44.303226,,5 / 17,273,2022-01-10 17:04:32:802
-0.211167,1.826023,9.41157,-0.915438,2.622164,9.405138,0.006926,0.045654,-0.087748,-0.24527,-0.22077,0.071104,55.0,18.3,-4.8,-33.225,286.7529,-15.5088,5.5593,5.0,26.67864,48.8439,2.3533363,307.0968,NaN,,44.303226,,5 / 17,277,2022-01-10 17:04:32:806
-0.211167,1.826023,9.41157,-0.915438,2.622164,9.405138,0.006926,0.045654,-0.087748,-0.24527,-0.22077,0.071104,55.0,18.3,-4.8,-33.225,286.7529,-15.5088,5.5593,5.0,26.67864,48.8439,2.3533363,307.0968,NaN,,44.303226,,5 / 17,282,2022-01-10 17:04:32:811
-0.211167,1.826023,9.41157,-0.915438,2.622164,9.405138,0.006926,0.045654,-0.087748,-0.24527,-0.22077,0.071104,55.0,18.3,-4.8,-33.225,286.7529,-15.5088,5.5593,5.0,22.67624,48.8439,2.3533363,307.0968,NaN,,44.303226,,5 / 17,287,2022-01-10 17:04:32:816
-0.505783,2.295614,9.207881,-0.915438,2.622164,9.405138,0.006926,0.045654,-0.087748,-0.24527,-0.22077,0.071104,55.0,18.3,-4.8,-33.225,286.7529,-15.5088,5.5593,5.0,22.67624,48.8439,2.3533363,307.0968,NaN,,44.303226,,5 / 17,292,2022-01-10 17:04:32:821
-0.505783,2.295614,9.207881,-0.915438,2.622164,9.405138,0.006926,0.045654,-0.087748,-0.24527,-0.22077,0.071104,55.0,18.3,-4.8,-33.225,286.7529,-15.5088,5.5593,5.0,22.67624,48.8439,2.3533363,307.0968,NaN,,44.303226,,5 / 17,297,2022-01-10 17:04:32:826
-0.505783,2.295614,9.207881,-0.915438,2.622164,9.405138,0.006926,0.045654,-0.087748,-0.24527,-0.22077,0.071104,55.0,18.3,-4.8,-33.225,286.7529,-15.5088,5.5593,5.0,22.67624,48.8439,2.3533363,307.0968,NaN,,44.303226,,5 / 17,303,2022-01-10 17:04:32:832
-0.505783,2.295614,9.207881,-0.915438,2.622164,9.405138,0.006926,0.045654,-0.087748,-0.24527,-0.22077,0.071104,55.0,18.3,-4.8,-33.225,286.7529,-15.5088,5.5593,5.0,22.67624,48.8439,2.3533363,307.0968,NaN,,44.303226,,5 / 17,307,2022-01-10 17:04:32:836
-0.505783,2.295614,9.207881,-0.915438,2.622164,9.405138,0.006926,0.045654,-0.087748,-0.24527,-0.22077,0.071104,55.0,18.3,-4.8,-33.225,286.7529,-15.5088,5.5593,5.0,22.67624,48.8439,2.3533363,307.0968,NaN,,44.303226,,5 / 17,313,2022-01-10 17:04:32:842
-0.505783,2.295614,9.207881,-0.915438,2.622164,9.405138,0.006926,0.045654,-0.087748,-0.24527,-0.22077,0.071104,55.0,18.3,-4.8,-33.225,286.7529,-15.5088,5.5593,5.0,22.67624,48.8439,2.3533363,307.0968,NaN,,44.303226,,5 / 17,318,2022-01-10 17:04:32:847
-0.505783,2.295614,9.207881,-0.915438,2.622164,9.405138,0.006926,0.045654,-0.087748,-0.24527,-0.22077,0.071104,55.0,18.3,-4.8,-33.225,286.7529,-15.5088,5.5593,5.0,22.67624,48.8439,2.3533363,307.0968,NaN,,44.303226,,5 / 17,323,2022-01-10 17:04:32:852
-0.505783,2.295614,9.207881,-0.915438,2.622164,9.405138,0.006926,0.045654,-0.087748,-0.24527,-0.22077,0.071104,55.0,18.3,-4.8,-33.225,286.7529,-15.5088,5.5593,5.0,22.67624,48.8439,2.3533363,307.0968,NaN,,44.303226,,5 / 17,328,2022-01-10 17:04:32:857
-0.505783,2.295614,9.207881,-0.610151,2.261432,9.522816,0.055306,0.133919,-0.212031,-0.24527,-0.22077,0.071104,55.0,18.3,-4.8,-33.225,286.7529,-15.5088,5.5593,5.0,22.67624,48.8439,2.3533363,307.0968,NaN,,44.303226,,5 / 17,332,2022-01-10 17:04:32:861
-0.505783,2.295614,9.207881,-0.610151,2.261432,9.522816,0.055306,0.133919,-0.212031,-0.24527,-0.22077,0.071104,55.0,18.3,-4.8,-33.225,286.7529,-15.5088,5.5593,5.0,22.67624,48.8439,2.3533363,307.0968,NaN,,44.303226,,5 / 17,337,2022-01-10 17:04:32:866
-0.505783,2.295614,9.207881,-0.610151,2.261432,9.522816,0.055306,0.133919,-0.212031,-0.24527,-0.22077,0.071104,55.0,18.3,-4.8,-33.225,286.7529,-15.5088,5.5593,5.0,22.67624,48.8439,2.3533363,307.0968,NaN,,44.303226,,5 / 17,343,2022-01-10 17:04:32:872
-0.505783,2.295614,9.207881,-0.610151,2.261432,9.522816,0.055306,0.133919,-0.212031,-0.24527,-0.22077,0.071104,55.0,18.3,-4.8,-33.225,286.7529,-15.5088,5.5593,5.0,22.67624,48.8439,2.3533363,307.0968,NaN,,44.303226,,5 / 17,348,2022-01-10 17:04:32:877
-0.505783,2.295614,9.207881,-0.610151,2.261432,9.522816,0.055306,0.133919,-0.212031,-0.24527,-0.22077,0.071104,55.0,18.3,-4.8,-33.225,286.7529,-15.5088,5.5593,5.0,22.67624,48.8439,2.3533363,307.0968,NaN,,44.303226,,5 / 17,352,2022-01-10 17:04:32:881
-0.505783,2.295614,9.207881,-0.610151,2.261432,9.522816,0.055306,0.133919,-0.212031,-0.24527,-0.22077,0.071104,55.0,18.3,-4.8,-33.225,286.7529,-15.5088,5.5593,5.0,22.67624,48.8439,2.3533363,307.0968,NaN,,44.303226,,5 / 17,357,2022-01-10 17:04:32:886
-0.505783,2.295614,9.207881,-0.610151,2.261432,9.522816,0.055306,0.133919,-0.212031,-0.24527,-0.22077,0.071104,55.0,18.3,-4.8,-33.225,286.7529,-15.5088,5.5593,5.0,22.67624,48.8439,2.3533363,307.0968,NaN,,44.303226,,5 / 17,363,2022-01-10 17:04:32:892
-0.505783,2.295614,9.207881,-0.610151,2.261432,9.522816,0.055306,0.133919,-0.212031,-0.598528,-0.309983,0.08695,55.0,18.3,-4.8,-33.225,286.7529,-15.5088,5.5593,5.0,22.67624,48.8439,2.3533363,307.0968,NaN,,44.303226,,5 / 17,367,2022-01-10 17:04:32:896
-0.505783,2.295614,9.207881,-0.610151,2.261432,9.522816,0.055306,0.133919,-0.212031,-0.598528,-0.309983,0.08695,55.0,18.3,-4.8,-33.225,286.7529,-15.5088,5.5593,5.0,22.67624,48.8439,2.3533363,307.0968,NaN,,44.303226,,5 / 17,373,2022-01-10 17:04:32:902
-0.505783,2.295614,9.207881,-0.610151,2.261432,9.522816,0.055306,0.133919,-0.212031,-0.598528,-0.309983,0.08695,55.0,18.3,-4.8,-33.225,286.7529,-15.5088,5.5593,5.0,22.67624,48.8439,2.3533363,307.0968,NaN,,44.303226,,5 / 17,377,2022-01-10 17:04:32:906
-0.505783,2.295614,9.207881,-0.610151,2.261432,9.522816,0.055306,0.133919,-0.212031,-0.598528,-0.309983,0.08695,55.0,18.3,-4.8,-33.225,286.7529,-15.5088,5.5593,5.0,22.67624,48.8439,2.3533363,307.0968,NaN,,44.303226,,5 / 17,383,2022-01-10 17:04:32:912
-0.242273,1.742274,9.283255,-0.610151,2.261432,9.522816,0.055306,0.133919,-0.212031,-0.598528,-0.309983,0.08695,55.0,18.3,-4.8,-33.225,286.7529,-15.5088,5.5593,5.0,22.67624,48.8439,2.3533363,307.0968,NaN,,44.303226,,5 / 17,387,2022-01-10 17:04:32:916
-0.242273,1.742274,9.283255,-0.610151,2.261432,9.522816,0.055306,0.133919,-0.212031,-0.598528,-0.309983,0.08695,55.0,18.3,-4.8,-33.225,286.7529,-15.5088,5.5593,5.0,22.67624,48.8439,2.3533363,307.0968,NaN,,44.303226,,5 / 17,393,2022-01-10 17:04:32:922
-0.242273,1.742274,9.283255,-0.610151,2.261432,9.522816,0.055306,0.133919,-0.212031,-0.598528,-0.309983,0.08695,55.0,18.3,-4.8,-33.225,286.7529,-15.5088,5.5593,5.0,22.67624,48.8439,2.3533363,307.0968,NaN,,44.303226,,5 / 17,398,2022-01-10 17:04:32:927
-0.242273,1.742274,9.283255,-0.610151,2.261432,9.522816,0.055306,0.133919,-0.212031,-0.598528,-0.309983,0.08695,55.0,18.3,-4.8,-33.225,286.7529,-15.5088,5.5593,5.0,22.67624,48.8439,2.3533363,307.0968,NaN,,44.303226,,5 / 17,403,2022-01-10 17:04:32:932
-0.242273,1.742274,9.283255,-0.610151,2.261432,9.522816,0.055306,0.133919,-0.212031,-0.598528,-0.309983,0.08695,55.0,18.3,-4.8,-33.225,286.7529,-15.5088,5.5593,5.0,22.67624,48.8439,2.3533363,307.0968,NaN,,44.303226,,5 / 17,407,2022-01-10 17:04:32:936
-0.242273,1.742274,9.283255,-0.610151,2.261432,9.522816,0.055306,0.133919,-0.212031,-0.598528,-0.309983,0.08695,58.0,18.3,-4.8,-33.225,286.7529,-15.5088,5.5593,5.0,22.67624,48.8439,2.3533363,307.0968,NaN,,44.303226,,5 / 17,413,2022-01-10 17:04:32:942
-0.242273,1.742274,9.283255,-0.610151,2.261432,9.522816,0.055306,0.133919,-0.212031,-0.598528,-0.309983,0.08695,58.0,18.3,-4.8,-33.225,286.7529,-15.5088,5.5593,5.0,22.67624,48.8439,2.3533363,307.0968,NaN,,44.303226,,5 / 17,418,2022-01-10 17:04:32:947
-0.242273,1.742274,9.283255,-0.610151,2.261432,9.522816,0.055306,0.133919,-0.212031,-0.598528,-0.309983,0.08695,58.0,18.3,-4.8,-33.225,286.7529,-15.5088,5.5593,5.0,22.67624,48.8439,2.3533363,307.0968,NaN,,44.303226,,5 / 17,423,2022-01-10 17:04:32:952
-0.242273,1.742274,9.283255,-0.610151,2.261432,9.522816,0.055306,0.133919,-0.212031,-0.598528,-0.309983,0.08695,58.0,18.3,-4.8,-33.225,286.7529,-15.5088,5.5593,5.0,22.67624,48.8439,2.3533363,307.0968,NaN,,44.303226,,5 / 17,428,2022-01-10 17:04:32:957
-0.242273,1.742274,9.283255,-0.610151,2.261432,9.522816,0.055306,0.133919,-0.212031,-0.598528,-0.309983,0.08695,58.0,18.3,-4.8,-33.225,286.7529,-15.5088,5.5593,5.0,22.67624,48.8439,2.3533363,307.0968,NaN,,44.303226,,5 / 17,432,2022-01-10 17:04:32:961
-0.242273,1.742274,9.283255,-0.610151,2.261432,9.522816,0.055306,0.133919,-0.212031,-0.598528,-0.309983,0.08695,58.0,18.3,-4.8,-33.225,286.7529,-15.5088,5.5593,5.0,22.67624,48.8439,2.3533363,307.0968,NaN,,44.303226,,5 / 17,437,2022-01-10 17:04:32:966
-0.242273,1.742274,9.283255,-0.610151,2.261432,9.522816,0.055306,0.133919,-0.212031,-0.598528,-0.309983,0.08695,58.0,18.3,-4.8,-33.225,286.7529,-15.5088,5.5593,5.0,22.67624,48.8439,2.3533363,307.0968,NaN,,44.303226,,5 / 17,443,2022-01-10 17:04:32:972
-0.242273,1.742274,9.283255,-0.610151,2.261432,9.522816,0.055306,0.133919,-0.212031,-0.598528,-0.309983,0.08695,58.0,15.6,-9.75,-35.175,264.0124,-13.3325,3.6661,5.0,22.67624,48.8439,2.3533363,307.0968,NaN,,44.303226,,5 / 17,448,2022-01-10 17:04:32:977
-0.242273,1.742274,9.283255,-0.610151,2.261432,9.522816,0.055306,0.133919,-0.212031,-0.598528,-0.309983,0.08695,58.0,15.6,-9.75,-35.175,264.0124,-13.3325,3.6661,5.0,22.67624,48.8439,2.3533363,307.0968,NaN,,44.303226,,5 / 17,452,2022-01-10 17:04:32:981
-0.242273,1.742274,9.283255,-0.610151,2.261432,9.522816,0.055306,0.133919,-0.212031,-0.598528,-0.309983,0.08695,58.0,15.6,-9.75,-35.175,264.0124,-13.3325,3.6661,5.0,22.67624,48.8439,2.3533363,307.0968,NaN,,44.303226,,5 / 17,457,2022-01-10 17:04:32:986
-0.242273,1.742274,9.283255,-0.38775,1.527001,9.679272,0.137779,0.319781,-0.222266,-0.598528,-0.309983,0.08695,58.0,15.6,-9.75,-35.175,264.0124,-13.3325,3.6661,5.0,22.67624,48.8439,2.3533363,307.0968,NaN,,44.303226,,5 / 17,463,2022-01-10 17:04:32:992
-0.242273,1.742274,9.283255,-0.38775,1.527001,9.679272,0.137779,0.319781,-0.222266,-0.598528,-0.309983,0.08695,58.0,15.6,-9.75,-35.175,264.0124,-13.3325,3.6661,5.0,22.67624,48.8439,2.3533363,307.0968,NaN,,44.303226,,5 / 17,468,2022-01-10 17:04:32:997
-0.242273,1.742274,9.283255,-0.38775,1.527001,9.679272,0.137779,0.319781,-0.222266,-0.598528,-0.309983,0.08695,58.0,15.6,-9.75,-35.175,264.0124,-13.3325,3.6661,5.0,22.67624,48.8439,2.3533363,307.0968,NaN,,44.303226,,5 / 17,472,2022-01-10 17:04:33:001
-0.242273,1.742274,9.283255,-0.38775,1.527001,9.679272,0.137779,0.319781,-0.222266,-0.598528,-0.309983,0.08695,58.0,15.6,-9.75,-35.175,264.0124,-13.3325,3.6661,5.0,22.67624,48.8439,2.3533363,307.0968,NaN,,44.303226,,5 / 17,477,2022-01-10 17:04:33:006
-0.242273,1.742274,9.283255,-0.38775,1.527001,9.679272,0.137779,0.319781,-0.222266,-0.598528,-0.309983,0.08695,58.0,15.6,-9.75,-35.175,264.0124,-13.3325,3.6661,5.0,22.67624,48.8439,2.3533363,307.0968,NaN,,44.303226,,5 / 17,483,2022-01-10 17:04:33:012
-0.242273,1.742274,9.283255,-0.38775,1.527001,9.679272,0.137779,0.319781,-0.222266,-0.598528,-0.309983,0.08695,58.0,15.6,-9.75,-35.175,264.0124,-13.3325,3.6661,5.0,22.67624,48.8439,2.3533363,307.0968,NaN,,44.303226,,5 / 17,488,2022-01-10 17:04:33:017
-0.326022,1.130011,9.801899,-0.38775,1.527001,9.679272,0.137779,0.319781,-0.222266,-0.607183,0.08189,0.047536,58.0,15.6,-9.75,-35.175,264.0124,-13.3325,3.6661,5.0,22.67624,48.8439,2.3533363,307.0968,NaN,,44.303226,,5 / 17,492,2022-01-10 17:04:33:021
-0.326022,1.130011,9.801899,-0.38775,1.527001,9.679272,0.137779,0.319781,-0.222266,-0.607183,0.08189,0.047536,58.0,15.6,-9.75,-35.175,264.0124,-13.3325,3.6661,5.0,22.67624,48.8439,2.3533363,307.0968,NaN,,44.303226,,5 / 17,497,2022-01-10 17:04:33:026
-0.326022,1.130011,9.801899,-0.38775,1.527001,9.679272,0.137779,0.319781,-0.222266,-0.607183,0.08189,0.047536,58.0,15.6,-9.75,-35.175,264.0124,-13.3325,3.6661,5.0,22.67624,48.8439,2.3533363,307.0968,NaN,,44.303226,,5 / 17,502,2022-01-10 17:04:33:031
-0.326022,1.130011,9.801899,-0.412605,0.894469,9.757051,0.119096,0.053025,0.223814,-0.607183,0.08189,0.047536,58.0,15.6,-9.75,-35.175,264.0124,-13.3325,3.6661,5.0,22.67624,48.8439,2.3533363,307.0968,NaN,,44.303226,,5 / 17,575,2022-01-10 17:04:33:104
-0.326022,1.130011,9.801899,-0.412605,0.894469,9.757051,0.119096,0.053025,0.223814,-0.607183,0.08189,0.047536,58.0,15.6,-9.75,-35.175,264.0124,-13.3325,3.6661,5.0,22.67624,48.8439,2.3533363,307.0968,NaN,,44.303226,,5 / 17,576,2022-01-10 17:04:33:105
-0.326022,1.130011,9.801899,-0.412605,0.894469,9.757051,0.119096,0.053025,0.223814,-0.607183,0.08189,0.047536,58.0,15.6,-9.75,-35.175,264.0124,-13.3325,3.6661,5.0,22.67624,48.8439,2.3533363,307.0968,NaN,,44.303226,,5 / 17,576,2022-01-10 17:04:33:105
-0.326022,1.130011,9.801899,-0.412605,0.894469,9.757051,0.119096,0.053025,0.223814,-0.607183,0.08189,0.047536,58.0,15.6,-9.75,-35.175,264.0124,-13.3325,3.6661,5.0,22.67624,48.8439,2.3533363,307.0968,NaN,,44.303226,,5 / 17,577,2022-01-10 17:04:33:106
-0.326022,1.130011,9.801899,-0.412605,0.894469,9.757051,0.119096,0.053025,0.223814,-0.607183,0.08189,0.047536,58.0,15.6,-9.75,-35.175,264.0124,-13.3325,3.6661,5.0,22.67624,48.8439,2.3533363,307.0968,NaN,,44.303226,,5 / 17,577,2022-01-10 17:04:33:106
-0.326022,1.130011,9.801899,-0.412605,0.894469,9.757051,0.119096,0.053025,0.223814,-0.607183,0.08189,0.047536,58.0,15.6,-9.75,-35.175,264.0124,-13.3325,3.6661,5.0,22.67624,48.8439,2.3533363,307.0968,NaN,,44.303226,,5 / 17,577,2022-01-10 17:04:33:106
-0.326022,1.130011,9.801899,-0.412605,0.894469,9.757051,0.119096,0.053025,0.223814,-0.607183,0.08189,0.047536,58.0,15.6,-9.75,-35.175,264.0124,-13.3325,3.6661,5.0,22.67624,48.8439,2.3533363,307.0968,NaN,,44.303226,,5 / 17,577,2022-01-10 17:04:33:106
-0.326022,1.130011,9.801899,-0.412605,0.894469,9.757051,0.119096,0.053025,0.223814,-0.607183,0.08189,0.047536,58.0,15.6,-9.75,-35.175,264.0124,-13.3325,3.6661,5.0,22.67624,48.8439,2.3533363,307.0968,NaN,,44.303226,,5 / 17,578,2022-01-10 17:04:33:107
-0.326022,1.130011,9.801899,-0.412605,0.894469,9.757051,0.119096,0.053025,0.223814,-0.607183,0.08189,0.047536,58.0,15.6,-9.75,-35.175,264.0124,-13.3325,3.6661,5.0,22.67624,48.8439,2.3533363,307.0968,NaN,,44.303226,,5 / 17,578,2022-01-10 17:04:33:107
-0.326022,1.130011,9.801899,-0.412605,0.894469,9.757051,0.119096,0.053025,0.223814,-0.607183,0.08189,0.047536,58.0,15.6,-9.75,-35.175,264.0124,-13.3325,3.6661,5.0,22.67624,48.8439,2.3533363,307.0968,NaN,,44.303226,,5 / 17,578,2022-01-10 17:04:33:107
-0.326022,1.130011,9.801899,-0.412605,0.894469,9.757051,0.119096,0.053025,0.223814,-0.607183,0.08189,0.047536,58.0,15.6,-9.75,-35.175,264.0124,-13.3325,3.6661,5.0,22.67624,48.8439,2.3533363,307.0968,NaN,,44.303226,,5 / 17,579,2022-01-10 17:04:33:108
-0.326022,1.130011,9.801899,-0.412605,0.894469,9.757051,0.119096,0.053025,0.223814,-0.607183,0.08189,0.047536,58.0,15.6,-9.75,-35.175,264.0124,-13.3325,3.6661,5.0,22.67624,48.8439,2.3533363,307.0968,NaN,,44.303226,,5 / 17,579,2022-01-10 17:04:33:108
-0.326022,1.130011,9.801899,-0.412605,0.894469,9.757051,0.119096,0.053025,0.223814,-0.607183,0.08189,0.047536,58.0,15.6,-9.75,-35.175,264.0124,-13.3325,3.6661,5.0,22.67624,48.8439,2.3533363,307.0968,NaN,,44.303226,,5 / 17,579,2022-01-10 17:04:33:108
-0.326022,1.130011,9.801899,-0.412605,0.894469,9.757051,0.119096,0.053025,0.223814,-0.607183,0.08189,0.047536,58.0,15.6,-9.75,-35.175,264.0124,-13.3325,3.6661,5.0,22.67624,48.8439,2.3533363,307.0968,NaN,,44.303226,,5 / 17,579,2022-01-10 17:04:33:108
-0.326022,1.130011,9.801899,-0.412605,0.894469,9.757051,0.119096,0.053025,0.223814,-0.607183,0.08189,0.047536,58.0,15.6,-9.75,-35.175,264.0124,-13.3325,3.6661,5.0,22.67624,48.8439,2.3533363,307.0968,NaN,,44.303226,,5 / 17,580,2022-01-10 17:04:33:109
-0.326022,1.130011,9.801899,-0.412605,0.894469,9.757051,0.119096,0.053025,0.223814,-0.607183,0.08189,0.047536,58.0,15.6,-9.75,-35.175,264.0124,-13.3325,3.6661,5.0,22.67624,48.8439,2.3533363,307.0968,NaN,,44.303226,,5 / 17,582,2022-01-10 17:04:33:111
-0.326022,1.130011,9.801899,-0.412605,0.894469,9.757051,0.119096,0.053025,0.223814,-0.607183,0.08189,0.047536,58.0,15.6,-9.75,-35.175,264.0124,-13.3325,3.6661,5.0,22.67624,48.8439,2.3533363,307.0968,NaN,,44.303226,,5 / 17,588,2022-01-10 17:04:33:117
-0.326022,1.130011,9.801899,-0.412605,0.894469,9.757051,0.119096,0.053025,0.223814,-0.607183,0.08189,0.047536,58.0,15.6,-9.75,-35.175,264.0124,-13.3325,3.6661,5.0,22.67624,48.8439,2.3533363,307.0968,NaN,,44.303226,,5 / 17,593,2022-01-10 17:04:33:122
-0.326022,1.130011,9.801899,-0.412605,0.894469,9.757051,0.119096,0.053025,0.223814,-0.607183,0.08189,0.047536,58.0,15.6,-9.75,-35.175,264.0124,-13.3325,3.6661,5.0,22.67624,48.8439,2.3533363,307.0968,NaN,,44.303226,,5 / 17,598,2022-01-10 17:04:33:127
-0.326022,1.130011,9.801899,-0.412605,0.894469,9.757051,0.119096,0.053025,0.223814,-0.607183,0.08189,0.047536,58.0,15.6,-9.75,-35.175,264.0124,-13.3325,3.6661,5.0,22.67624,48.8439,2.3533363,307.0968,NaN,,44.303226,,5 / 17,602,2022-01-10 17:04:33:131
-0.326022,1.130011,9.801899,-0.412605,0.894469,9.757051,0.119096,0.053025,0.223814,-0.607183,0.08189,0.047536,58.0,15.6,-9.75,-35.175,264.0124,-13.3325,3.6661,5.0,22.67624,48.8439,2.3533363,307.0968,NaN,,44.303226,,5 / 17,607,2022-01-10 17:04:33:136
-0.326022,1.130011,9.801899,-0.412605,0.894469,9.757051,0.119096,0.053025,0.223814,-0.607183,0.08189,0.047536,58.0,15.6,-9.75,-35.175,264.0124,-13.3325,3.6661,5.0,22.67624,48.8439,2.3533363,307.0968,NaN,,44.303226,,5 / 17,613,2022-01-10 17:04:33:142
-0.326022,1.130011,9.801899,-0.412605,0.894469,9.757051,0.119096,0.053025,0.223814,-0.607183,0.08189,0.047536,58.0,15.6,-9.75,-35.175,264.0124,-13.3325,3.6661,5.0,24.07158,48.8439,2.3533363,307.0968,NaN,,44.303226,,5 / 17,617,2022-01-10 17:04:33:146
-0.326022,1.130011,9.801899,-0.412605,0.894469,9.757051,0.119096,0.053025,0.223814,-0.607183,0.08189,0.047536,58.0,15.6,-9.75,-35.175,264.0124,-13.3325,3.6661,5.0,24.07158,48.8439,2.3533363,307.0968,NaN,,44.303226,,5 / 17,622,2022-01-10 17:04:33:151
-0.257827,0.725324,10.039087,-0.412605,0.894469,9.757051,0.119096,0.053025,0.223814,0.003595,-0.158587,-0.02956,58.0,15.6,-9.75,-35.175,264.0124,-13.3325,3.6661,5.0,24.07158,48.8439,2.3533363,307.0968,NaN,,44.303226,,5 / 17,628,2022-01-10 17:04:33:157
-0.257827,0.725324,10.039087,-0.412605,0.894469,9.757051,0.119096,0.053025,0.223814,0.003595,-0.158587,-0.02956,58.0,15.6,-9.75,-35.175,264.0124,-13.3325,3.6661,5.0,24.07158,48.8439,2.3533363,307.0968,NaN,,44.303226,,5 / 17,635,2022-01-10 17:04:33:164
-0.257827,0.725324,10.039087,-0.412605,0.894469,9.757051,0.119096,0.053025,0.223814,0.003595,-0.158587,-0.02956,58.0,15.6,-9.75,-35.175,264.0124,-13.3325,3.6661,5.0,24.07158,48.8439,2.3533363,307.0968,NaN,,44.303226,,5 / 17,637,2022-01-10 17:04:33:166
-0.257827,0.725324,10.039087,-0.412605,0.894469,9.757051,0.119096,0.053025,0.223814,0.003595,-0.158587,-0.02956,58.0,15.6,-9.75,-35.175,264.0124,-13.3325,3.6661,5.0,24.07158,48.8439,2.3533363,307.0968,NaN,,44.303226,,5 / 17,643,2022-01-10 17:04:33:172
-0.257827,0.725324,10.039087,-0.412605,0.894469,9.757051,0.119096,0.053025,0.223814,0.003595,-0.158587,-0.02956,58.0,14.175,-6.9,-35.925,253.7391,-5.2332,2.4215,5.0,24.07158,48.8439,2.3533363,307.0968,NaN,,44.303226,,5 / 17,649,2022-01-10 17:04:33:178
-0.257827,0.725324,10.039087,-0.412605,0.894469,9.757051,0.119096,0.053025,0.223814,0.003595,-0.158587,-0.02956,58.0,14.175,-6.9,-35.925,253.7391,-5.2332,2.4215,5.0,24.07158,48.8439,2.3533363,307.0968,NaN,,44.303226,,5 / 17,652,2022-01-10 17:04:33:181
-0.257827,0.725324,10.039087,-0.412605,0.894469,9.757051,0.119096,0.053025,0.223814,0.003595,-0.158587,-0.02956,58.0,14.175,-6.9,-35.925,253.7391,-5.2332,2.4215,5.0,24.07158,48.8439,2.3533363,307.0968,NaN,,44.303226,,5 / 17,658,2022-01-10 17:04:33:187
-0.257827,0.725324,10.039087,-0.412605,0.894469,9.757051,0.119096,0.053025,0.223814,0.003595,-0.158587,-0.02956,58.0,14.175,-6.9,-35.925,253.7391,-5.2332,2.4215,5.0,24.07158,48.8439,2.3533363,307.0968,NaN,,44.303226,,5 / 17,662,2022-01-10 17:04:33:191
-0.257827,0.725324,10.039087,-0.412605,0.894469,9.757051,0.119096,0.053025,0.223814,0.003595,-0.158587,-0.02956,58.0,14.175,-6.9,-35.925,253.7391,-5.2332,2.4215,5.0,24.07158,48.8439,2.3533363,307.0968,NaN,,44.303226,,5 / 17,667,2022-01-10 17:04:33:196
-0.257827,0.725324,10.039087,-0.412605,0.894469,9.757051,0.119096,0.053025,0.223814,0.003595,-0.158587,-0.02956,58.0,14.175,-6.9,-35.925,253.7391,-5.2332,2.4215,5.0,24.07158,48.8439,2.3533363,307.0968,NaN,,44.303226,,5 / 17,673,2022-01-10 17:04:33:202
-0.257827,0.725324,10.039087,-0.412605,0.894469,9.757051,0.119096,0.053025,0.223814,0.003595,-0.158587,-0.02956,58.0,14.175,-6.9,-35.925,253.7391,-5.2332,2.4215,5.0,24.07158,48.8439,2.3533363,307.0968,NaN,,44.303226,,5 / 17,678,2022-01-10 17:04:33:207
-0.257827,0.725324,10.039087,-0.412605,0.894469,9.757051,0.119096,0.053025,0.223814,0.003595,-0.158587,-0.02956,58.0,14.175,-6.9,-35.925,253.7391,-5.2332,2.4215,5.0,24.07158,48.8439,2.3533363,307.0968,NaN,,44.303226,,5 / 17,683,2022-01-10 17:04:33:212
-0.257827,0.725324,10.039087,-0.412605,0.894469,9.757051,0.119096,0.053025,0.223814,0.003595,-0.158587,-0.02956,58.0,14.175,-6.9,-35.925,253.7391,-5.2332,2.4215,5.0,24.07158,48.8439,2.3533363,307.0968,NaN,,44.303226,,5 / 17,687,2022-01-10 17:04:33:216
-0.257827,0.725324,10.039087,-0.412605,0.894469,9.757051,0.119096,0.053025,0.223814,0.003595,-0.158587,-0.02956,58.0,14.175,-6.9,-35.925,253.7391,-5.2332,2.4215,5.0,24.07158,48.8439,2.3533363,307.0968,NaN,,44.303226,,5 / 17,693,2022-01-10 17:04:33:222
-0.257827,0.725324,10.039087,-0.296512,0.916133,9.759261,0.154331,-0.126054,0.261385,0.003595,-0.158587,-0.02956,58.0,14.175,-6.9,-35.925,253.7391,-5.2332,2.4215,5.0,24.07158,48.8439,2.3533363,307.0968,NaN,,44.303226,,5 / 17,697,2022-01-10 17:04:33:226
-0.257827,0.725324,10.039087,-0.296512,0.916133,9.759261,0.154331,-0.126054,0.261385,0.003595,-0.158587,-0.02956,58.0,14.175,-6.9,-35.925,253.7391,-5.2332,2.4215,5.0,24.07158,48.8439,2.3533363,307.0968,NaN,,44.303226,,5 / 17,703,2022-01-10 17:04:33:232
-0.257827,0.725324,10.039087,-0.296512,0.916133,9.759261,0.154331,-0.126054,0.261385,0.003595,-0.158587,-0.02956,58.0,14.175,-6.9,-35.925,253.7391,-5.2332,2.4215,5.0,24.07158,48.8439,2.3533363,307.0968,NaN,,44.303226,,5 / 17,708,2022-01-10 17:04:33:237
-0.257827,0.725324,10.039087,-0.296512,0.916133,9.759261,0.154331,-0.126054,0.261385,0.003595,-0.158587,-0.02956,58.0,14.175,-6.9,-35.925,253.7391,-5.2332,2.4215,5.0,24.07158,48.8439,2.3533363,307.0968,NaN,,44.303226,,5 / 17,713,2022-01-10 17:04:33:242
-0.257827,0.725324,10.039087,-0.296512,0.916133,9.759261,0.154331,-0.126054,0.261385,0.003595,-0.158587,-0.02956,58.0,14.175,-6.9,-35.925,253.7391,-5.2332,2.4215,5.0,24.07158,48.8439,2.3533363,307.0968,NaN,,44.303226,,5 / 17,718,2022-01-10 17:04:33:247
-0.257827,0.725324,10.039087,-0.296512,0.916133,9.759261,0.154331,-0.126054,0.261385,0.003595,-0.158587,-0.02956,58.0,14.175,-6.9,-35.925,253.7391,-5.2332,2.4215,5.0,24.07158,48.8439,2.3533363,307.0968,NaN,,44.303226,,5 / 17,723,2022-01-10 17:04:33:252
-0.257827,0.725324,10.039087,-0.296512,0.916133,9.759261,0.154331,-0.126054,0.261385,0.003595,-0.158587,-0.02956,58.0,14.175,-6.9,-35.925,253.7391,-5.2332,2.4215,5.0,24.07158,48.8439,2.3533363,307.0968,NaN,,44.303226,,5 / 17,728,2022-01-10 17:04:33:257
-0.257827,0.725324,10.039087,-0.296512,0.916133,9.759261,0.154331,-0.126054,0.261385,0.003595,-0.158587,-0.02956,58.0,14.175,-6.9,-35.925,253.7391,-5.2332,2.4215,5.0,24.07158,48.8439,2.3533363,307.0968,NaN,,44.303226,,5 / 17,732,2022-01-10 17:04:33:261
-0.257827,0.725324,10.039087,-0.296512,0.916133,9.759261,0.154331,-0.126054,0.261385,0.003595,-0.158587,-0.02956,58.0,14.175,-6.9,-35.925,253.7391,-5.2332,2.4215,5.0,24.07158,48.8439,2.3533363,307.0968,NaN,,44.303226,,5 / 17,738,2022-01-10 17:04:33:267
-0.257827,0.725324,10.039087,-0.296512,0.916133,9.759261,0.154331,-0.126054,0.261385,0.003595,-0.158587,-0.02956,58.0,14.175,-6.9,-35.925,253.7391,-5.2332,2.4215,5.0,24.07158,48.8439,2.3533363,307.0968,NaN,,44.303226,,5 / 17,742,2022-01-10 17:04:33:271
-0.108275,0.847358,9.605389,-0.296512,0.916133,9.759261,0.154331,-0.126054,0.261385,0.003595,-0.158587,-0.02956,58.0,14.175,-6.9,-35.925,253.7391,-5.2332,2.4215,5.0,24.07158,48.8439,2.3533363,307.0968,NaN,,44.303226,,5 / 17,747,2022-01-10 17:04:33:276
-0.108275,0.847358,9.605389,-0.296512,0.916133,9.759261,0.154331,-0.126054,0.261385,0.003595,-0.158587,-0.02956,58.0,14.175,-6.9,-35.925,253.7391,-5.2332,2.4215,5.0,24.07158,48.8439,2.3533363,307.0968,NaN,,44.303226,,5 / 17,753,2022-01-10 17:04:33:282
-0.108275,0.847358,9.605389,-0.296512,0.916133,9.759261,0.154331,-0.126054,0.261385,0.003595,-0.158587,-0.02956,58.0,14.175,-6.9,-35.925,253.7391,-5.2332,2.4215,5.0,24.07158,48.8439,2.3533363,307.0968,NaN,,44.303226,,5 / 17,757,2022-01-10 17:04:33:286
-0.108275,0.847358,9.605389,-0.296512,0.916133,9.759261,0.154331,-0.126054,0.261385,0.003595,-0.158587,-0.02956,58.0,14.175,-6.9,-35.925,253.7391,-5.2332,2.4215,5.0,24.07158,48.8439,2.3533363,307.0968,NaN,,44.303226,,5 / 17,763,2022-01-10 17:04:33:292
-0.108275,0.847358,9.605389,-0.296512,0.916133,9.759261,0.154331,-0.126054,0.261385,0.003595,-0.158587,-0.02956,58.0,14.175,-6.9,-35.925,253.7391,-5.2332,2.4215,5.0,24.07158,48.8439,2.3533363,307.0968,NaN,,44.303226,,5 / 17,769,2022-01-10 17:04:33:298
-0.108275,0.847358,9.605389,-0.296512,0.916133,9.759261,0.154331,-0.126054,0.261385,0.003595,-0.158587,-0.02956,58.0,14.175,-6.9,-35.925,253.7391,-5.2332,2.4215,5.0,24.07158,48.8439,2.3533363,307.0968,NaN,,44.303226,,5 / 17,773,2022-01-10 17:04:33:302
-0.108275,0.847358,9.605389,-0.296512,0.916133,9.759261,0.154331,-0.126054,0.261385,0.003595,-0.158587,-0.02956,58.0,14.175,-6.9,-35.925,253.7391,-5.2332,2.4215,5.0,24.07158,48.8439,2.3533363,307.0968,NaN,,44.303226,,5 / 17,777,2022-01-10 17:04:33:306
-0.108275,0.847358,9.605389,-0.296512,0.916133,9.759261,0.154331,-0.126054,0.261385,0.03209,-0.037017,0.025832,58.0,14.175,-6.9,-35.925,253.7391,-5.2332,2.4215,5.0,24.07158,48.8439,2.3533363,307.0968,NaN,,44.303226,,5 / 17,783,2022-01-10 17:04:33:312
-0.108275,0.847358,9.605389,-0.296512,0.916133,9.759261,0.154331,-0.126054,0.261385,0.03209,-0.037017,0.025832,58.0,14.175,-6.9,-35.925,253.7391,-5.2332,2.4215,5.0,24.07158,48.8439,2.3533363,307.0968,NaN,,44.303226,,5 / 17,788,2022-01-10 17:04:33:317
-0.108275,0.847358,9.605389,-0.296512,0.916133,9.759261,0.154331,-0.126054,0.261385,0.03209,-0.037017,0.025832,58.0,14.175,-6.9,-35.925,253.7391,-5.2332,2.4215,5.0,24.07158,48.8439,2.3533363,307.0968,NaN,,44.303226,,5 / 17,793,2022-01-10 17:04:33:322
-0.108275,0.847358,9.605389,-0.296512,0.916133,9.759261,0.154331,-0.126054,0.261385,0.03209,-0.037017,0.025832,58.0,14.175,-6.9,-35.925,253.7391,-5.2332,2.4215,5.0,24.07158,48.8439,2.3533363,307.0968,NaN,,44.303226,,5 / 17,798,2022-01-10 17:04:33:327
-0.108275,0.847358,9.605389,-0.296512,0.916133,9.759261,0.154331,-0.126054,0.261385,0.03209,-0.037017,0.025832,58.0,14.175,-6.9,-35.925,253.7391,-5.2332,2.4215,5.0,24.07158,48.8439,2.3533363,307.0968,NaN,,44.303226,,5 / 17,802,2022-01-10 17:04:33:331
-0.108275,0.847358,9.605389,-0.296512,0.916133,9.759261,0.154331,-0.126054,0.261385,0.03209,-0.037017,0.025832,58.0,14.175,-6.9,-35.925,253.7391,-5.2332,2.4215,5.0,24.07158,48.8439,2.3533363,307.0968,NaN,,44.303226,,5 / 17,807,2022-01-10 17:04:33:336
-0.108275,0.847358,9.605389,-0.296512,0.916133,9.759261,0.154331,-0.126054,0.261385,0.03209,-0.037017,0.025832,58.0,14.175,-6.9,-35.925,253.7391,-5.2332,2.4215,5.0,24.07158,48.8439,2.3533363,307.0968,NaN,,44.303226,,5 / 17,813,2022-01-10 17:04:33:342
-0.108275,0.847358,9.605389,-0.296512,0.916133,9.759261,0.154331,-0.126054,0.261385,0.03209,-0.037017,0.025832,58.0,14.175,-6.9,-35.925,253.7391,-5.2332,2.4215,5.0,24.07158,48.8439,2.3533363,307.0968,NaN,,44.303226,,5 / 17,818,2022-01-10 17:04:33:347
-0.108275,0.847358,9.605389,-0.215571,0.934963,9.759598,0.047431,-0.04771,-0.068197,0.03209,-0.037017,0.025832,58.0,14.175,-6.9,-35.925,253.7391,-5.2332,2.4215,5.0,24.07158,48.8439,2.3533363,307.0968,NaN,,44.303226,,5 / 17,822,2022-01-10 17:04:33:351
-0.108275,0.847358,9.605389,-0.215571,0.934963,9.759598,0.047431,-0.04771,-0.068197,0.03209,-0.037017,0.025832,58.0,14.175,-6.9,-35.925,253.7391,-5.2332,2.4215,5.0,24.07158,48.8439,2.3533363,307.0968,NaN,,44.303226,,5 / 17,827,2022-01-10 17:04:33:356
-0.314058,1.179362,9.975677,-0.215571,0.934963,9.759598,0.047431,-0.04771,-0.068197,0.03209,-0.037017,0.025832,58.0,14.175,-6.9,-35.925,253.7391,-5.2332,2.4215,5.0,24.07158,48.8439,2.3533363,307.0968,NaN,,44.303226,,5 / 17,833,2022-01-10 17:04:33:362
-0.314058,1.179362,9.975677,-0.215571,0.934963,9.759598,0.047431,-0.04771,-0.068197,0.03209,-0.037017,0.025832,58.0,14.175,-6.9,-35.925,253.7391,-5.2332,2.4215,5.0,24.07158,48.8439,2.3533363,307.0968,NaN,,44.303226,,5 / 17,839,2022-01-10 17:04:33:368
-0.314058,1.179362,9.975677,-0.215571,0.934963,9.759598,0.047431,-0.04771,-0.068197,0.03209,-0.037017,0.025832,58.0,14.175,-6.9,-35.925,253.7391,-5.2332,2.4215,5.0,24.07158,48.8439,2.3533363,307.0968,NaN,,44.303226,,5 / 17,843,2022-01-10 17:04:33:372
-0.314058,1.179362,9.975677,-0.215571,0.934963,9.759598,0.047431,-0.04771,-0.068197,0.03209,-0.037017,0.025832,58.0,13.05,-4.65,-36.6,263.3355,-5.4709,1.2653,5.0,24.07158,48.8439,2.3533363,307.0968,NaN,,44.303226,,5 / 17,849,2022-01-10 17:04:33:378
-0.314058,1.179362,9.975677,-0.215571,0.934963,9.759598,0.047431,-0.04771,-0.068197,0.03209,-0.037017,0.025832,58.0,13.05,-4.65,-36.6,263.3355,-5.4709,1.2653,5.0,24.07158,48.8439,2.3533363,307.0968,NaN,,44.303226,,0 / 17,853,2022-01-10 17:04:33:382
-0.314058,1.179362,9.975677,-0.215571,0.934963,9.759598,0.047431,-0.04771,-0.068197,0.03209,-0.037017,0.025832,58.0,13.05,-4.65,-36.6,263.3355,-5.4709,1.2653,5.0,24.07158,48.8439,2.3533363,307.0968,NaN,,44.303226,,0 / 17,858,2022-01-10 17:04:33:387
-0.314058,1.179362,9.975677,-0.215571,0.934963,9.759598,0.047431,-0.04771,-0.068197,0.03209,-0.037017,0.025832,58.0,13.05,-4.65,-36.6,263.3355,-5.4709,1.2653,5.0,24.07158,48.8439,2.3533363,307.0968,NaN,,44.303226,,0 / 17,862,2022-01-10 17:04:33:391
-0.314058,1.179362,9.975677,-0.215571,0.934963,9.759598,0.047431,-0.04771,-0.068197,0.03209,-0.037017,0.025832,58.0,13.05,-4.65,-36.6,263.3355,-5.4709,1.2653,5.0,24.07158,48.8439,2.3533363,307.0968,NaN,,44.303226,,0 / 17,868,2022-01-10 17:04:33:397
-0.314058,1.179362,9.975677,-0.215571,0.934963,9.759598,0.047431,-0.04771,-0.068197,0.03209,-0.037017,0.025832,58.0,13.05,-4.65,-36.6,263.3355,-5.4709,1.2653,5.0,24.07158,48.8439,2.3533363,307.0968,NaN,,44.303226,,0 / 17,872,2022-01-10 17:04:33:401
-0.314058,1.179362,9.975677,-0.215571,0.934963,9.759598,0.047431,-0.04771,-0.068197,0.03209,-0.037017,0.025832,58.0,13.05,-4.65,-36.6,263.3355,-5.4709,1.2653,5.0,24.07158,48.8439,2.3533363,307.0968,NaN,,44.303226,,0 / 17,877,2022-01-10 17:04:33:406
-0.314058,1.179362,9.975677,-0.215571,0.934963,9.759598,0.047431,-0.04771,-0.068197,0.03209,-0.037017,0.025832,57.0,13.05,-4.65,-36.6,263.3355,-5.4709,1.2653,5.0,24.07158,48.8439,2.3533363,307.0968,NaN,,44.303226,,0 / 17,883,2022-01-10 17:04:33:412
-0.314058,1.179362,9.975677,-0.215571,0.934963,9.759598,0.047431,-0.04771,-0.068197,0.03209,-0.037017,0.025832,57.0,13.05,-4.65,-36.6,263.3355,-5.4709,1.2653,5.0,24.07158,48.8439,2.3533363,307.0968,NaN,,44.303226,,0 / 17,887,2022-01-10 17:04:33:416
-0.314058,1.179362,9.975677,-0.215571,0.934963,9.759598,0.047431,-0.04771,-0.068197,0.03209,-0.037017,0.025832,57.0,13.05,-4.65,-36.6,263.3355,-5.4709,1.2653,5.0,24.07158,48.8439,2.3533363,307.0968,NaN,,44.303226,,0 / 17,892,2022-01-10 17:04:33:421
-0.314058,1.179362,9.975677,-0.215571,0.934963,9.759598,0.047431,-0.04771,-0.068197,0.03209,-0.037017,0.025832,57.0,13.05,-4.65,-36.6,263.3355,-5.4709,1.2653,5.0,24.07158,48.8439,2.3533363,307.0968,NaN,,44.303226,,0 / 17,897,2022-01-10 17:04:33:426
-0.314058,1.179362,9.975677,-0.215571,0.934963,9.759598,0.047431,-0.04771,-0.068197,0.03209,-0.037017,0.025832,57.0,13.05,-4.65,-36.6,263.3355,-5.4709,1.2653,5.0,24.07158,48.8439,2.3533363,307.0968,NaN,,44.303226,,0 / 17,903,2022-01-10 17:04:33:432
-0.314058,1.179362,9.975677,-0.215571,0.934963,9.759598,0.047431,-0.04771,-0.068197,0.03209,-0.037017,0.025832,57.0,13.05,-4.65,-36.6,263.3355,-5.4709,1.2653,5.0,24.07158,48.8439,2.3533363,307.0968,NaN,,44.303226,,0 / 17,909,2022-01-10 17:04:33:438
-0.314058,1.179362,9.975677,-0.215571,0.934963,9.759598,0.047431,-0.04771,-0.068197,-0.149399,-1.178281,0.522364,57.0,13.05,-4.65,-36.6,263.3355,-5.4709,1.2653,5.0,24.07158,48.8439,2.3533363,307.0968,NaN,,44.303226,,0 / 17,913,2022-01-10 17:04:33:442
-0.314058,1.179362,9.975677,-0.215571,0.934963,9.759598,0.047431,-0.04771,-0.068197,-0.149399,-1.178281,0.522364,57.0,13.05,-4.65,-36.6,263.3355,-5.4709,1.2653,5.0,24.07158,48.8439,2.3533363,307.0968,NaN,,44.303226,,0 / 17,917,2022-01-10 17:04:33:446
-0.314058,1.179362,9.975677,-0.215571,0.934963,9.759598,0.047431,-0.04771,-0.068197,-0.149399,-1.178281,0.522364,57.0,13.05,-4.65,-36.6,263.3355,-5.4709,1.2653,5.0,24.07158,48.8439,2.3533363,307.0968,NaN,,44.303226,,0 / 17,922,2022-01-10 17:04:33:451
-0.314058,1.179362,9.975677,-0.215571,0.934963,9.759598,0.047431,-0.04771,-0.068197,-0.149399,-1.178281,0.522364,57.0,13.05,-4.65,-36.6,263.3355,-5.4709,1.2653,5.0,24.07158,48.8439,2.3533363,307.0968,NaN,,44.303226,,0 / 17,928,2022-01-10 17:04:33:457
-0.314058,1.179362,9.975677,-0.215571,0.934963,9.759598,0.047431,-0.04771,-0.068197,-0.149399,-1.178281,0.522364,57.0,13.05,-4.65,-36.6,263.3355,-5.4709,1.2653,5.0,24.07158,48.8439,2.3533363,307.0968,NaN,,44.303226,,0 / 17,932,2022-01-10 17:04:33:461
0.448654,1.095315,9.911968,0.970256,0.768167,9.728253,-0.981795,0.476152,0.643933,-0.149399,-1.178281,0.522364,57.0,13.05,-4.65,-36.6,263.3355,-5.4709,1.2653,5.0,22.68343,48.8439,2.3533363,307.0968,NaN,,44.303226,,0 / 17,937,2022-01-10 17:04:33:466
0.448654,1.095315,9.911968,0.970256,0.768167,9.728253,-0.981795,0.476152,0.643933,-0.149399,-1.178281,0.522364,57.0,13.05,-4.65,-36.6,263.3355,-5.4709,1.2653,5.0,22.68343,48.8439,2.3533363,307.0968,NaN,,44.303226,,0 / 17,944,2022-01-10 17:04:33:473
0.448654,1.095315,9.911968,0.970256,0.768167,9.728253,-0.981795,0.476152,0.643933,-0.149399,-1.178281,0.522364,57.0,13.05,-4.65,-36.6,263.3355,-5.4709,1.2653,5.0,22.68343,48.8439,2.3533363,307.0968,NaN,,44.303226,,0 / 17,948,2022-01-10 17:04:33:477
0.448654,1.095315,9.911968,0.970256,0.768167,9.728253,-0.981795,0.476152,0.643933,-0.149399,-1.178281,0.522364,57.0,13.05,-4.65,-36.6,263.3355,-5.4709,1.2653,5.0,22.68343,48.8439,2.3533363,307.0968,NaN,,44.303226,,0 / 17,953,2022-01-10 17:04:33:482
0.448654,1.095315,9.911968,0.970256,0.768167,9.728253,-0.981795,0.476152,0.643933,-0.149399,-1.178281,0.522364,57.0,13.05,-4.65,-36.6,263.3355,-5.4709,1.2653,5.0,22.68343,48.8439,2.3533363,307.0968,NaN,,44.303226,,0 / 17,958,2022-01-10 17:04:33:487
0.448654,1.095315,9.911968,0.970256,0.768167,9.728253,-0.981795,0.476152,0.643933,-0.149399,-1.178281,0.522364,57.0,13.05,-4.65,-36.6,263.3355,-5.4709,1.2653,5.0,22.68343,48.8439,2.3533363,307.0968,NaN,,44.303226,,0 / 17,963,2022-01-10 17:04:33:492
0.448654,1.095315,9.911968,0.970256,0.768167,9.728253,-0.981795,0.476152,0.643933,-0.149399,-1.178281,0.522364,57.0,13.05,-4.65,-36.6,263.3355,-5.4709,1.2653,5.0,22.68343,48.8439,2.3533363,307.0968,NaN,,44.303226,,0 / 17,968,2022-01-10 17:04:33:497
0.448654,1.095315,9.911968,0.970256,0.768167,9.728253,-0.981795,0.476152,0.643933,-0.149399,-1.178281,0.522364,57.0,13.05,-4.65,-36.6,263.3355,-5.4709,1.2653,5.0,22.68343,48.8439,2.3533363,307.0968,NaN,,44.303226,,0 / 17,974,2022-01-10 17:04:33:503
0.448654,1.095315,9.911968,0.970256,0.768167,9.728253,-0.981795,0.476152,0.643933,-0.149399,-1.178281,0.522364,57.0,13.05,-4.65,-36.6,263.3355,-5.4709,1.2653,5.0,22.68343,48.8439,2.3533363,307.0968,NaN,,44.303226,,0 / 17,978,2022-01-10 17:04:33:507
0.448654,1.095315,9.911968,0.970256,0.768167,9.728253,-0.981795,0.476152,0.643933,-0.149399,-1.178281,0.522364,57.0,13.05,-4.65,-36.6,263.3355,-5.4709,1.2653,5.0,22.68343,48.8439,2.3533363,307.0968,NaN,,44.303226,,0 / 17,983,2022-01-10 17:04:33:512
0.448654,1.095315,9.911968,0.970256,0.768167,9.728253,-0.981795,0.476152,0.643933,-0.149399,-1.178281,0.522364,57.0,13.05,-4.65,-36.6,263.3355,-5.4709,1.2653,5.0,22.68343,48.8439,2.3533363,307.0968,NaN,,44.303226,,0 / 17,988,2022-01-10 17:04:33:517
0.448654,1.095315,9.911968,0.970256,0.768167,9.728253,-0.981795,0.476152,0.643933,-0.149399,-1.178281,0.522364,57.0,13.05,-4.65,-36.6,263.3355,-5.4709,1.2653,5.0,22.68343,48.8439,2.3533363,307.0968,NaN,,44.303226,,0 / 17,992,2022-01-10 17:04:33:521
0.448654,1.095315,9.911968,0.970256,0.768167,9.728253,-0.981795,0.476152,0.643933,-0.149399,-1.178281,0.522364,57.0,13.05,-4.65,-36.6,263.3355,-5.4709,1.2653,5.0,22.68343,48.8439,2.3533363,307.0968,NaN,,44.303226,,0 / 17,998,2022-01-10 17:04:33:527
0.448654,1.095315,9.911968,0.970256,0.768167,9.728253,-0.981795,0.476152,0.643933,-0.149399,-1.178281,0.522364,57.0,13.05,-4.65,-36.6,263.3355,-5.4709,1.2653,5.0,22.68343,48.8439,2.3533363,307.0968,NaN,,44.303226,,0 / 17,1003,2022-01-10 17:04:33:532
0.448654,1.095315,9.911968,0.970256,0.768167,9.728253,-0.981795,0.476152,0.643933,-0.149399,-1.178281,0.522364,57.0,13.05,-4.65,-36.6,263.3355,-5.4709,1.2653,5.0,22.68343,48.8439,2.3533363,307.0968,NaN,,44.303226,,0 / 17,1011,2022-01-10 17:04:33:540
0.448654,1.095315,9.911968,0.970256,0.768167,9.728253,-0.981795,0.476152,0.643933,-0.149399,-1.178281,0.522364,57.0,13.05,-4.65,-36.6,263.3355,-5.4709,1.2653,5.0,22.68343,48.8439,2.3533363,307.0968,NaN,,44.303226,,0 / 17,1012,2022-01-10 17:04:33:541
0.448654,1.095315,9.911968,0.970256,0.768167,9.728253,-0.981795,0.476152,0.643933,-0.149399,-1.178281,0.522364,57.0,13.05,-4.65,-36.6,263.3355,-5.4709,1.2653,5.0,22.68343,48.8439,2.3533363,307.0968,NaN,,44.303226,,0 / 17,1017,2022-01-10 17:04:33:546
0.448654,1.095315,9.911968,0.970256,0.768167,9.728253,-0.981795,0.476152,0.643933,-0.149399,-1.178281,0.522364,57.0,13.05,-4.65,-36.6,263.3355,-5.4709,1.2653,5.0,22.68343,48.8439,2.3533363,307.0968,NaN,,44.303226,,0 / 17,1023,2022-01-10 17:04:33:552
0.448654,1.095315,9.911968,0.970256,0.768167,9.728253,-0.981795,0.476152,0.643933,-0.149399,-1.178281,0.522364,57.0,13.05,-4.65,-36.6,263.3355,-5.4709,1.2653,5.0,22.68343,48.8439,2.3533363,307.0968,NaN,,44.303226,,0 / 17,1028,2022-01-10 17:04:33:557
0.448654,1.095315,9.911968,0.970256,0.768167,9.728253,-0.981795,0.476152,0.643933,-0.149399,-1.178281,0.522364,57.0,13.05,-4.65,-36.6,263.3355,-5.4709,1.2653,5.0,22.68343,48.8439,2.3533363,307.0968,NaN,,44.303226,,0 / 17,1033,2022-01-10 17:04:33:562
0.448654,1.095315,9.911968,0.970256,0.768167,9.728253,-0.981795,0.476152,0.643933,-0.149399,-1.178281,0.522364,57.0,13.05,-4.65,-36.6,263.3355,-5.4709,1.2653,5.0,22.68343,48.8439,2.3533363,307.0968,NaN,,44.303226,,0 / 17,1038,2022-01-10 17:04:33:567
0.448654,1.095315,9.911968,0.970256,0.768167,9.728253,-0.981795,0.476152,0.643933,-0.149399,-1.178281,0.522364,57.0,13.05,-4.65,-36.6,263.3355,-5.4709,1.2653,5.0,22.68343,48.8439,2.3533363,307.0968,NaN,,44.303226,,0 / 17,1042,2022-01-10 17:04:33:571
0.448654,1.095315,9.911968,0.970256,0.768167,9.728253,-0.981795,0.476152,0.643933,-0.149399,-1.178281,0.522364,57.0,13.05,-4.65,-36.6,263.3355,-5.4709,1.2653,5.0,22.68343,48.8439,2.3533363,307.0968,NaN,,44.303226,,0 / 17,1048,2022-01-10 17:04:33:577
0.448654,1.095315,9.911968,0.970256,0.768167,9.728253,-0.981795,0.476152,0.643933,-0.149399,-1.178281,0.522364,57.0,13.05,-4.65,-36.6,263.3355,-5.4709,1.2653,5.0,22.68343,48.8439,2.3533363,307.0968,NaN,,44.303226,,0 / 17,1052,2022-01-10 17:04:33:581
0.448654,1.095315,9.911968,0.970256,0.768167,9.728253,-0.981795,0.476152,0.643933,-0.149399,-1.178281,0.522364,57.0,13.05,-4.65,-36.6,263.3355,-5.4709,1.2653,5.0,22.68343,48.8439,2.3533363,307.0968,NaN,,44.303226,,0 / 17,1058,2022-01-10 17:04:33:587
0.448654,1.095315,9.911968,0.970256,0.768167,9.728253,-0.981795,0.476152,0.643933,-0.149399,-1.178281,0.522364,57.0,13.05,-4.65,-36.6,263.3355,-5.4709,1.2653,5.0,22.68343,48.8439,2.3533363,307.0968,NaN,,44.303226,,0 / 17,1062,2022-01-10 17:04:33:591
0.448654,1.095315,9.911968,0.970256,0.768167,9.728253,-0.981795,0.476152,0.643933,-0.149399,-1.178281,0.522364,57.0,13.05,-4.65,-36.6,263.3355,-5.4709,1.2653,5.0,22.68343,48.8439,2.3533363,307.0968,NaN,,44.303226,,0 / 17,1068,2022-01-10 17:04:33:597
0.973281,0.527617,9.387342,1.956562,0.363566,9.602608,-0.274343,-0.122748,-0.480686,-0.347532,-0.685744,-0.053128,30.0,10.2,-3.3,-37.875,269.5548,-4.4927,-5.6956,5.0,22.68343,48.8439,2.3533363,307.0968,NaN,,44.303226,,0 / 17,1073,2022-01-10 17:04:33:602
0.973281,0.527617,9.387342,1.956562,0.363566,9.602608,-0.274343,-0.122748,-0.480686,-0.347532,-0.685744,-0.053128,30.0,10.2,-3.3,-37.875,269.5548,-4.4927,-5.6956,5.0,22.68343,48.8439,2.3533363,307.0968,NaN,,44.303226,,0 / 17,1077,2022-01-10 17:04:33:606
0.973281,0.527617,9.387342,1.956562,0.363566,9.602608,-0.274343,-0.122748,-0.480686,-0.347532,-0.685744,-0.053128,30.0,10.2,-3.3,-37.875,269.5548,-4.4927,-5.6956,5.0,22.68343,48.8439,2.3533363,307.0968,NaN,,44.303226,,0 / 17,1083,2022-01-10 17:04:33:612
0.973281,0.527617,9.387342,1.956562,0.363566,9.602608,-0.274343,-0.122748,-0.480686,-0.347532,-0.685744,-0.053128,30.0,10.2,-3.3,-37.875,269.5548,-4.4927,-5.6956,5.0,22.68343,48.8439,2.3533363,307.0968,NaN,,44.303226,,0 / 17,1087,2022-01-10 17:04:33:616
0.973281,0.527617,9.387342,1.956562,0.363566,9.602608,-0.274343,-0.122748,-0.480686,-0.347532,-0.685744,-0.053128,30.0,10.2,-3.3,-37.875,269.5548,-4.4927,-5.6956,5.0,22.68343,48.8439,2.3533363,307.0968,NaN,,44.303226,,0 / 17,1093,2022-01-10 17:04:33:622
0.973281,0.527617,9.387342,1.956562,0.363566,9.602608,-0.274343,-0.122748,-0.480686,-0.347532,-0.685744,-0.053128,30.0,10.2,-3.3,-37.875,269.5548,-4.4927,-5.6956,5.0,22.68343,48.8439,2.3533363,307.0968,NaN,,44.303226,,0 / 17,1098,2022-01-10 17:04:33:627
0.973281,0.527617,9.387342,1.956562,0.363566,9.602608,-0.274343,-0.122748,-0.480686,-0.347532,-0.685744,-0.053128,30.0,10.2,-3.3,-37.875,269.5548,-4.4927,-5.6956,5.0,22.68343,48.8439,2.3533363,307.0968,NaN,,44.303226,,0 / 17,1102,2022-01-10 17:04:33:631
0.973281,0.527617,9.387342,1.956562,0.363566,9.602608,-0.274343,-0.122748,-0.480686,-0.347532,-0.685744,-0.053128,30.0,10.2,-3.3,-37.875,269.5548,-4.4927,-5.6956,5.0,22.68343,48.8439,2.3533363,307.0968,NaN,,44.303226,,0 / 17,1108,2022-01-10 17:04:33:637
0.973281,0.527617,9.387342,1.956562,0.363566,9.602608,-0.274343,-0.122748,-0.480686,-0.347532,-0.685744,-0.053128,30.0,10.2,-3.3,-37.875,269.5548,-4.4927,-5.6956,5.0,22.68343,48.8439,2.3533363,307.0968,NaN,,44.303226,,0 / 17,1113,2022-01-10 17:04:33:642
0.973281,0.527617,9.387342,1.956562,0.363566,9.602608,-0.274343,-0.122748,-0.480686,-0.347532,-0.685744,-0.053128,30.0,10.2,-3.3,-37.875,269.5548,-4.4927,-5.6956,5.0,22.68343,48.8439,2.3533363,307.0968,NaN,,44.303226,,0 / 17,1117,2022-01-10 17:04:33:646
0.973281,0.527617,9.387342,1.956562,0.363566,9.602608,-0.274343,-0.122748,-0.480686,-0.347532,-0.685744,-0.053128,30.0,10.2,-3.3,-37.875,269.5548,-4.4927,-5.6956,5.0,22.68343,48.8439,2.3533363,307.0968,NaN,,44.303226,,0 / 17,1124,2022-01-10 17:04:33:653
0.973281,0.527617,9.387342,1.956562,0.363566,9.602608,-0.274343,-0.122748,-0.480686,-0.347532,-0.685744,-0.053128,30.0,10.2,-3.3,-37.875,269.5548,-4.4927,-5.6956,5.0,22.68343,48.8439,2.3533363,307.0968,NaN,,44.303226,,0 / 17,1128,2022-01-10 17:04:33:657
0.973281,0.527617,9.387342,1.956562,0.363566,9.602608,-0.274343,-0.122748,-0.480686,-0.347532,-0.685744,-0.053128,30.0,10.2,-3.3,-37.875,269.5548,-4.4927,-5.6956,5.0,22.68343,48.8439,2.3533363,307.0968,NaN,,44.303226,,0 / 17,1133,2022-01-10 17:04:33:662
0.973281,0.527617,9.387342,1.956562,0.363566,9.602608,-0.274343,-0.122748,-0.480686,-0.347532,-0.685744,-0.053128,30.0,10.2,-3.3,-37.875,269.5548,-4.4927,-5.6956,5.0,22.68343,48.8439,2.3533363,307.0968,NaN,,44.303226,,0 / 17,1138,2022-01-10 17:04:33:667
0.973281,0.527617,9.387342,1.956562,0.363566,9.602608,-0.274343,-0.122748,-0.480686,-0.347532,-0.685744,-0.053128,30.0,10.2,-3.3,-37.875,269.5548,-4.4927,-5.6956,5.0,22.68343,48.8439,2.3533363,307.0968,NaN,,44.303226,,0 / 17,1144,2022-01-10 17:04:33:673
0.973281,0.527617,9.387342,1.956562,0.363566,9.602608,-0.274343,-0.122748,-0.480686,-0.347532,-0.685744,-0.053128,30.0,10.2,-3.3,-37.875,269.5548,-4.4927,-5.6956,5.0,22.68343,48.8439,2.3533363,307.0968,NaN,,44.303226,,0 / 17,1147,2022-01-10 17:04:33:676
0.973281,0.527617,9.387342,1.956562,0.363566,9.602608,-0.274343,-0.122748,-0.480686,-0.347532,-0.685744,-0.053128,30.0,10.2,-3.3,-37.875,269.5548,-4.4927,-5.6956,5.0,22.68343,48.8439,2.3533363,307.0968,NaN,,44.303226,,0 / 17,1153,2022-01-10 17:04:33:682
0.973281,0.527617,9.387342,1.956562,0.363566,9.602608,-0.274343,-0.122748,-0.480686,-0.347532,-0.685744,-0.053128,30.0,10.2,-3.3,-37.875,269.5548,-4.4927,-5.6956,5.0,22.68343,48.8439,2.3533363,307.0968,NaN,,44.303226,,0 / 17,1157,2022-01-10 17:04:33:686
0.973281,0.527617,9.387342,1.956562,0.363566,9.602608,-0.274343,-0.122748,-0.480686,-0.347532,-0.685744,-0.053128,30.0,10.2,-3.3,-37.875,269.5548,-4.4927,-5.6956,5.0,22.68343,48.8439,2.3533363,307.0968,NaN,,44.303226,,0 / 17,1162,2022-01-10 17:04:33:691
2.159223,1.159024,9.125328,1.956562,0.363566,9.602608,-0.274343,-0.122748,-0.480686,-0.347532,-0.685744,-0.053128,30.0,10.2,-3.3,-37.875,269.5548,-4.4927,-5.6956,5.0,22.68343,48.8439,2.3533363,307.0968,NaN,,44.303226,,0 / 17,1168,2022-01-10 17:04:33:697
2.159223,1.159024,9.125328,1.956562,0.363566,9.602608,-0.274343,-0.122748,-0.480686,-0.347532,-0.685744,-0.053128,30.0,10.2,-3.3,-37.875,269.5548,-4.4927,-5.6956,5.0,22.68343,48.8439,2.3533363,307.0968,NaN,,44.303226,,0 / 17,1173,2022-01-10 17:04:33:702
2.159223,1.159024,9.125328,1.956562,0.363566,9.602608,-0.274343,-0.122748,-0.480686,-0.347532,-0.685744,-0.053128,30.0,10.2,-3.3,-37.875,269.5548,-4.4927,-5.6956,5.0,22.68343,48.8439,2.3533363,307.0968,NaN,,44.303226,,0 / 17,1178,2022-01-10 17:04:33:707
2.159223,1.159024,9.125328,1.068044,1.467662,9.6372,-0.274343,-0.122748,-0.480686,-0.347532,-0.685744,-0.053128,30.0,10.2,-3.3,-37.875,269.5548,-4.4927,-5.6956,5.0,22.68343,48.8439,2.3533363,307.0968,NaN,,44.303226,,0 / 17,1182,2022-01-10 17:04:33:711
2.159223,1.159024,9.125328,1.068044,1.467662,9.6372,1.483835,-0.532441,-0.838088,-0.347532,-0.685744,-0.053128,30.0,10.2,-3.3,-37.875,269.5548,-4.4927,-5.6956,5.0,22.68343,48.8439,2.3533363,307.0968,NaN,,44.303226,,0 / 17,1189,2022-01-10 17:04:33:718
2.159223,1.159024,9.125328,1.068044,1.467662,9.6372,1.483835,-0.532441,-0.838088,-0.347532,-0.685744,-0.053128,30.0,10.2,-3.3,-37.875,269.5548,-4.4927,-5.6956,5.0,22.68343,48.8439,2.3533363,307.0968,NaN,,44.303226,,0 / 17,1193,2022-01-10 17:04:33:722
2.159223,1.159024,9.125328,1.068044,1.467662,9.6372,1.483835,-0.532441,-0.838088,-0.347532,-0.685744,-0.053128,30.0,10.2,-3.3,-37.875,269.5548,-4.4927,-5.6956,5.0,22.68343,48.8439,2.3533363,307.0968,NaN,,44.303226,,0 / 17,1197,2022-01-10 17:04:33:726
2.159223,1.159024,9.125328,1.068044,1.467662,9.6372,1.483835,-0.532441,-0.838088,-0.347532,-0.685744,-0.053128,30.0,10.2,-3.3,-37.875,269.5548,-4.4927,-5.6956,5.0,22.68343,48.8439,2.3533363,307.0968,NaN,,44.303226,,0 / 17,1203,2022-01-10 17:04:33:732
2.159223,1.159024,9.125328,1.068044,1.467662,9.6372,1.483835,-0.532441,-0.838088,-0.347532,-0.685744,-0.053128,30.0,10.2,-3.3,-37.875,269.5548,-4.4927,-5.6956,5.0,22.68343,48.8439,2.3533363,307.0968,NaN,,44.303226,,0 / 17,1208,2022-01-10 17:04:33:737
2.159223,1.159024,9.125328,1.068044,1.467662,9.6372,1.483835,-0.532441,-0.838088,-0.347532,-0.685744,-0.053128,30.0,10.2,-3.3,-37.875,269.5548,-4.4927,-5.6956,5.0,22.68343,48.8439,2.3533363,307.0968,NaN,,44.303226,,0 / 17,1212,2022-01-10 17:04:33:741
2.159223,1.159024,9.125328,1.068044,1.467662,9.6372,1.483835,-0.532441,-0.838088,-0.347532,-0.685744,-0.053128,30.0,10.2,-3.3,-37.875,269.5548,-4.4927,-5.6956,5.0,22.68343,48.8439,2.3533363,307.0968,NaN,,44.303226,,0 / 17,1218,2022-01-10 17:04:33:747
2.159223,1.159024,9.125328,1.068044,1.467662,9.6372,1.483835,-0.532441,-0.838088,-0.347532,-0.685744,-0.053128,30.0,10.2,-3.3,-37.875,269.5548,-4.4927,-5.6956,5.0,22.68343,48.8439,2.3533363,307.0968,NaN,,44.303226,,0 / 17,1222,2022-01-10 17:04:33:751
2.159223,1.159024,9.125328,1.068044,1.467662,9.6372,1.483835,-0.532441,-0.838088,-0.347532,-0.685744,-0.053128,30.0,10.2,-3.3,-37.875,269.5548,-4.4927,-5.6956,5.0,22.68343,48.8439,2.3533363,307.0968,NaN,,44.303226,,0 / 17,1228,2022-01-10 17:04:33:757
2.159223,1.159024,9.125328,1.068044,1.467662,9.6372,1.483835,-0.532441,-0.838088,-0.347532,-0.685744,-0.053128,30.0,10.2,-3.3,-37.875,269.5548,-4.4927,-5.6956,5.0,22.68343,48.8439,2.3533363,307.0968,NaN,,44.303226,,0 / 17,1232,2022-01-10 17:04:33:761
2.159223,1.159024,9.125328,1.068044,1.467662,9.6372,1.483835,-0.532441,-0.838088,-0.347532,-0.685744,-0.053128,30.0,10.2,-3.3,-37.875,269.5548,-4.4927,-5.6956,5.0,22.68343,48.8439,2.3533363,307.0968,NaN,,44.303226,,0 / 17,1238,2022-01-10 17:04:33:767
2.159223,1.159024,9.125328,1.068044,1.467662,9.6372,1.483835,-0.532441,-0.838088,-0.169239,-0.184418,-0.587742,30.0,7.575,-4.575,-39.0,273.3908,-8.6072,-6.324,5.0,22.68343,48.8439,2.3533363,307.0968,NaN,,44.303226,,0 / 17,1242,2022-01-10 17:04:33:771
2.159223,1.159024,9.125328,1.068044,1.467662,9.6372,1.483835,-0.532441,-0.838088,-0.169239,-0.184418,-0.587742,30.0,7.575,-4.575,-39.0,273.3908,-8.6072,-6.324,5.0,22.68343,48.8439,2.3533363,307.0968,NaN,,44.303226,,0 / 17,1248,2022-01-10 17:04:33:777
2.159223,1.159024,9.125328,1.068044,1.467662,9.6372,1.483835,-0.532441,-0.838088,-0.169239,-0.184418,-0.587742,30.0,7.575,-4.575,-39.0,273.3908,-8.6072,-6.324,5.0,22.68343,48.8439,2.3533363,307.0968,NaN,,44.303226,,0 / 17,1253,2022-01-10 17:04:33:782
2.159223,1.159024,9.125328,1.068044,1.467662,9.6372,1.483835,-0.532441,-0.838088,-0.169239,-0.184418,-0.587742,30.0,7.575,-4.575,-39.0,273.3908,-8.6072,-6.324,5.0,31.12351,48.8439,2.3533363,307.0968,NaN,,44.303226,,0 / 17,1258,2022-01-10 17:04:33:787
2.159223,1.159024,9.125328,1.068044,1.467662,9.6372,1.483835,-0.532441,-0.838088,-0.169239,-0.184418,-0.587742,30.0,7.575,-4.575,-39.0,273.3908,-8.6072,-6.324,5.0,31.12351,48.8439,2.3533363,307.0968,NaN,,44.303226,,0 / 17,1263,2022-01-10 17:04:33:792
2.159223,1.159024,9.125328,1.068044,1.467662,9.6372,1.483835,-0.532441,-0.838088,-0.169239,-0.184418,-0.587742,30.0,7.575,-4.575,-39.0,273.3908,-8.6072,-6.324,5.0,31.12351,48.8439,2.3533363,307.0968,NaN,,44.303226,,0 / 17,1268,2022-01-10 17:04:33:797
2.159223,1.159024,9.125328,1.068044,1.467662,9.6372,1.483835,-0.532441,-0.838088,-0.169239,-0.184418,-0.587742,30.0,7.575,-4.575,-39.0,273.3908,-8.6072,-6.324,5.0,31.12351,48.8439,2.3533363,307.0968,NaN,,44.303226,,0 / 17,1273,2022-01-10 17:04:33:802
2.159223,1.159024,9.125328,1.068044,1.467662,9.6372,1.483835,-0.532441,-0.838088,-0.169239,-0.184418,-0.587742,30.0,7.575,-4.575,-39.0,273.3908,-8.6072,-6.324,5.0,31.12351,48.8439,2.3533363,307.0968,NaN,,44.303226,,0 / 17,1278,2022-01-10 17:04:33:807
2.159223,1.159024,9.125328,1.068044,1.467662,9.6372,1.483835,-0.532441,-0.838088,-0.169239,-0.184418,-0.587742,30.0,7.575,-4.575,-39.0,273.3908,-8.6072,-6.324,5.0,31.12351,48.8439,2.3533363,307.0968,NaN,,44.303226,,0 / 17,1282,2022-01-10 17:04:33:811
2.159223,1.159024,9.125328,1.068044,1.467662,9.6372,1.483835,-0.532441,-0.838088,-0.169239,-0.184418,-0.587742,30.0,7.575,-4.575,-39.0,273.3908,-8.6072,-6.324,5.0,31.12351,48.8439,2.3533363,307.0968,NaN,,44.303226,,0 / 17,1288,2022-01-10 17:04:33:817
2.762813,1.869094,12.649058,1.068044,1.467662,9.6372,1.483835,-0.532441,-0.838088,-0.169239,-0.184418,-0.587742,30.0,7.575,-4.575,-39.0,273.3908,-8.6072,-6.324,5.0,31.12351,48.8439,2.3533363,307.0968,NaN,,44.303226,,0 / 17,1292,2022-01-10 17:04:33:821
2.762813,1.869094,12.649058,1.247482,1.506846,9.609557,0.422663,-0.228153,0.941187,-0.169239,-0.184418,-0.587742,30.0,7.575,-4.575,-39.0,273.3908,-8.6072,-6.324,5.0,31.12351,48.8439,2.3533363,307.0968,NaN,,44.303226,,0 / 17,1298,2022-01-10 17:04:33:827
2.762813,1.869094,12.649058,1.247482,1.506846,9.609557,0.422663,-0.228153,0.941187,-0.169239,-0.184418,-0.587742,30.0,7.575,-4.575,-39.0,273.3908,-8.6072,-6.324,5.0,31.12351,48.8439,2.3533363,307.0968,NaN,,44.303226,,0 / 17,1303,2022-01-10 17:04:33:832
2.762813,1.869094,12.649058,1.247482,1.506846,9.609557,0.422663,-0.228153,0.941187,-0.169239,-0.184418,-0.587742,30.0,7.575,-4.575,-39.0,273.3908,-8.6072,-6.324,5.0,31.12351,48.8439,2.3533363,307.0968,NaN,,44.303226,,0 / 17,1308,2022-01-10 17:04:33:837
2.762813,1.869094,12.649058,1.247482,1.506846,9.609557,0.422663,-0.228153,0.941187,-0.169239,-0.184418,-0.587742,30.0,7.575,-4.575,-39.0,273.3908,-8.6072,-6.324,5.0,31.12351,48.8439,2.3533363,307.0968,NaN,,44.303226,,0 / 17,1313,2022-01-10 17:04:33:842
2.762813,1.869094,12.649058,1.247482,1.506846,9.609557,0.422663,-0.228153,0.941187,-0.169239,-0.184418,-0.587742,30.0,7.575,-4.575,-39.0,273.3908,-8.6072,-6.324,5.0,31.12351,48.8439,2.3533363,307.0968,NaN,,44.303226,,0 / 17,1317,2022-01-10 17:04:33:846
2.762813,1.869094,12.649058,1.247482,1.506846,9.609557,0.422663,-0.228153,0.941187,-0.169239,-0.184418,-0.587742,30.0,7.575,-4.575,-39.0,273.3908,-8.6072,-6.324,5.0,31.12351,48.8439,2.3533363,307.0968,NaN,,44.303226,,0 / 17,1324,2022-01-10 17:04:33:853
2.762813,1.869094,12.649058,1.247482,1.506846,9.609557,0.422663,-0.228153,0.941187,-0.169239,-0.184418,-0.587742,30.0,7.575,-4.575,-39.0,273.3908,-8.6072,-6.324,5.0,31.12351,48.8439,2.3533363,307.0968,NaN,,44.303226,,0 / 17,1328,2022-01-10 17:04:33:857
2.762813,1.869094,12.649058,1.247482,1.506846,9.609557,0.422663,-0.228153,0.941187,-0.169239,-0.184418,-0.587742,30.0,7.575,-4.575,-39.0,273.3908,-8.6072,-6.324,5.0,31.12351,48.8439,2.3533363,307.0968,NaN,,44.303226,,0 / 17,1332,2022-01-10 17:04:33:861
2.762813,1.869094,12.649058,1.247482,1.506846,9.609557,0.422663,-0.228153,0.941187,-0.169239,-0.184418,-0.587742,30.0,7.575,-4.575,-39.0,273.3908,-8.6072,-6.324,5.0,31.12351,48.8439,2.3533363,307.0968,NaN,,44.303226,,0 / 17,1338,2022-01-10 17:04:33:867
2.762813,1.869094,12.649058,1.247482,1.506846,9.609557,0.422663,-0.228153,0.941187,-0.169239,-0.184418,-0.587742,30.0,7.575,-4.575,-39.0,273.3908,-8.6072,-6.324,5.0,31.12351,48.8439,2.3533363,307.0968,NaN,,44.303226,,0 / 17,1343,2022-01-10 17:04:33:872
2.762813,1.869094,12.649058,1.247482,1.506846,9.609557,0.422663,-0.228153,0.941187,-0.169239,-0.184418,-0.587742,30.0,6.0,-6.075,-39.525,273.3908,-8.6072,-6.324,5.0,31.12351,48.8439,2.3533363,307.0968,NaN,,44.303226,,0 / 17,1348,2022-01-10 17:04:33:877
2.762813,1.869094,12.649058,1.247482,1.506846,9.609557,0.422663,-0.228153,0.941187,-0.169239,-0.184418,-0.587742,26.0,6.0,-6.075,-39.525,273.3908,-8.6072,-6.324,5.0,31.12351,48.8439,2.3533363,307.0968,NaN,,44.303226,,0 / 17,1353,2022-01-10 17:04:33:882
2.762813,1.869094,12.649058,1.247482,1.506846,9.609557,0.422663,-0.228153,0.941187,-0.169239,-0.184418,-0.587742,26.0,6.0,-6.075,-39.525,273.3908,-8.6072,-6.324,5.0,31.12351,48.8439,2.3533363,307.0968,NaN,,44.303226,,0 / 17,1358,2022-01-10 17:04:33:887
2.762813,1.869094,12.649058,1.247482,1.506846,9.609557,0.422663,-0.228153,0.941187,-0.169239,-0.184418,-0.587742,26.0,6.0,-6.075,-39.525,273.3908,-8.6072,-6.324,5.0,31.12351,48.8439,2.3533363,307.0968,NaN,,44.303226,,0 / 17,1364,2022-01-10 17:04:33:893
2.762813,1.869094,12.649058,1.247482,1.506846,9.609557,0.422663,-0.228153,0.941187,-0.169239,-0.184418,-0.587742,26.0,6.0,-6.075,-39.525,273.3908,-8.6072,-6.324,5.0,31.12351,48.8439,2.3533363,307.0968,NaN,,44.303226,,0 / 17,1367,2022-01-10 17:04:33:896
2.762813,1.869094,12.649058,1.247482,1.506846,9.609557,0.422663,-0.228153,0.941187,-0.169239,-0.184418,-0.587742,26.0,6.0,-6.075,-39.525,273.3908,-8.6072,-6.324,5.0,31.12351,48.8439,2.3533363,307.0968,NaN,,44.303226,,0 / 17,1374,2022-01-10 17:04:33:903
2.762813,1.869094,12.649058,1.247482,1.506846,9.609557,0.422663,-0.228153,0.941187,-0.169239,-0.184418,-0.587742,26.0,6.0,-6.075,-39.525,273.3908,-8.6072,-6.324,5.0,31.12351,48.8439,2.3533363,307.0968,NaN,,44.303226,,0 / 17,1378,2022-01-10 17:04:33:907
2.762813,1.869094,12.649058,1.247482,1.506846,9.609557,0.422663,-0.228153,0.941187,1.475614,-0.330888,-0.177494,26.0,6.0,-6.075,-39.525,273.3908,-8.6072,-6.324,5.0,31.12351,48.8439,2.3533363,307.0968,NaN,,44.303226,,0 / 17,1382,2022-01-10 17:04:33:911
2.181955,2.296811,12.774682,1.247482,1.506846,9.609557,0.422663,-0.228153,0.941187,1.475614,-0.330888,-0.177494,26.0,6.0,-6.075,-39.525,273.3908,-8.6072,-6.324,5.0,31.12351,48.8439,2.3533363,307.0968,NaN,,44.303226,,0 / 17,1389,2022-01-10 17:04:33:918
2.181955,2.296811,12.774682,1.247482,1.506846,9.609557,0.422663,-0.228153,0.941187,1.475614,-0.330888,-0.177494,26.0,6.0,-6.075,-39.525,273.3908,-8.6072,-6.324,5.0,31.12351,48.8439,2.3533363,307.0968,NaN,,44.303226,,0 / 17,1393,2022-01-10 17:04:33:922
2.181955,2.296811,12.774682,1.247482,1.506846,9.609557,0.422663,-0.228153,0.941187,1.475614,-0.330888,-0.177494,26.0,6.0,-6.075,-39.525,273.3908,-8.6072,-6.324,5.0,31.12351,48.8439,2.3533363,307.0968,NaN,,44.303226,,0 / 17,1398,2022-01-10 17:04:33:927
2.181955,2.296811,12.774682,1.247482,1.506846,9.609557,0.422663,-0.228153,0.941187,1.475614,-0.330888,-0.177494,26.0,6.0,-6.075,-39.525,273.3908,-8.6072,-6.324,5.0,31.12351,48.8439,2.3533363,307.0968,NaN,,44.303226,,0 / 17,1402,2022-01-10 17:04:33:931
2.181955,2.296811,12.774682,1.247482,1.506846,9.609557,0.422663,-0.228153,0.941187,1.475614,-0.330888,-0.177494,26.0,6.0,-6.075,-39.525,273.3908,-8.6072,-6.324,5.0,31.12351,48.8439,2.3533363,307.0968,NaN,,44.303226,,0 / 17,1408,2022-01-10 17:04:33:937
2.181955,2.296811,12.774682,1.247482,1.506846,9.609557,0.422663,-0.228153,0.941187,1.475614,-0.330888,-0.177494,26.0,6.0,-6.075,-39.525,273.3908,-8.6072,-6.324,5.0,31.12351,48.8439,2.3533363,307.0968,NaN,,44.303226,,0 / 17,1413,2022-01-10 17:04:33:942
2.181955,2.296811,12.774682,1.247482,1.506846,9.609557,0.422663,-0.228153,0.941187,1.475614,-0.330888,-0.177494,26.0,6.0,-6.075,-39.525,273.3908,-8.6072,-6.324,5.0,31.12351,48.8439,2.3533363,307.0968,NaN,,44.303226,,0 / 17,1418,2022-01-10 17:04:33:947
2.181955,2.296811,12.774682,1.247482,1.506846,9.609557,0.422663,-0.228153,0.941187,1.475614,-0.330888,-0.177494,26.0,6.0,-6.075,-39.525,273.3908,-8.6072,-6.324,5.0,31.12351,48.8439,2.3533363,307.0968,NaN,,44.303226,,0 / 17,1422,2022-01-10 17:04:33:951
2.181955,2.296811,12.774682,1.61437,3.371619,9.066222,0.410488,-1.014296,2.820013,1.475614,-0.330888,-0.177494,26.0,6.0,-6.075,-39.525,273.3908,-8.6072,-6.324,5.0,31.12351,48.8439,2.3533363,307.0968,NaN,,44.303226,,0 / 17,1427,2022-01-10 17:04:33:956
2.181955,2.296811,12.774682,1.61437,3.371619,9.066222,0.410488,-1.014296,2.820013,1.475614,-0.330888,-0.177494,26.0,6.0,-6.075,-39.525,273.3908,-8.6072,-6.324,5.0,31.12351,48.8439,2.3533363,307.0968,NaN,,44.303226,,0 / 17,1432,2022-01-10 17:04:33:961
2.181955,2.296811,12.774682,1.61437,3.371619,9.066222,0.410488,-1.014296,2.820013,1.475614,-0.330888,-0.177494,26.0,6.0,-6.075,-39.525,273.3908,-8.6072,-6.324,5.0,31.12351,48.8439,2.3533363,307.0968,NaN,,44.303226,,0 / 17,1437,2022-01-10 17:04:33:966
2.181955,2.296811,12.774682,1.61437,3.371619,9.066222,0.410488,-1.014296,2.820013,1.475614,-0.330888,-0.177494,26.0,6.0,-6.075,-39.525,273.3908,-8.6072,-6.324,5.0,31.12351,48.8439,2.3533363,307.0968,NaN,,44.303226,,0 / 17,1442,2022-01-10 17:04:33:971
2.181955,2.296811,12.774682,1.61437,3.371619,9.066222,0.410488,-1.014296,2.820013,1.475614,-0.330888,-0.177494,26.0,6.0,-6.075,-39.525,273.3908,-8.6072,-6.324,5.0,31.12351,48.8439,2.3533363,307.0968,NaN,,44.303226,,0 / 17,1449,2022-01-10 17:04:33:978
2.181955,2.296811,12.774682,1.61437,3.371619,9.066222,0.410488,-1.014296,2.820013,1.475614,-0.330888,-0.177494,26.0,6.0,-6.075,-39.525,273.3908,-8.6072,-6.324,5.0,31.12351,48.8439,2.3533363,307.0968,NaN,,44.303226,,0 / 17,1453,2022-01-10 17:04:33:982
2.181955,2.296811,12.774682,1.61437,3.371619,9.066222,0.410488,-1.014296,2.820013,1.475614,-0.330888,-0.177494,26.0,6.0,-6.075,-39.525,273.3908,-8.6072,-6.324,5.0,31.12351,48.8439,2.3533363,307.0968,NaN,,44.303226,,0 / 17,1458,2022-01-10 17:04:33:987
2.181955,2.296811,12.774682,1.61437,3.371619,9.066222,0.410488,-1.014296,2.820013,1.475614,-0.330888,-0.177494,26.0,6.0,-6.075,-39.525,273.3908,-8.6072,-6.324,5.0,31.12351,48.8439,2.3533363,307.0968,NaN,,44.303226,,0 / 17,1462,2022-01-10 17:04:33:991
2.181955,2.296811,12.774682,1.61437,3.371619,9.066222,0.410488,-1.014296,2.820013,1.475614,-0.330888,-0.177494,26.0,6.0,-6.075,-39.525,273.3908,-8.6072,-6.324,5.0,31.12351,48.8439,2.3533363,307.0968,NaN,,44.303226,,0 / 17,1467,2022-01-10 17:04:33:996
2.181955,2.296811,12.774682,1.61437,3.371619,9.066222,0.410488,-1.014296,2.820013,1.475614,-0.330888,-0.177494,26.0,6.0,-6.075,-39.525,273.3908,-8.6072,-6.324,5.0,31.12351,48.8439,2.3533363,307.0968,NaN,,44.303226,,0 / 17,1473,2022-01-10 17:04:34:002
2.181955,2.296811,12.774682,1.61437,3.371619,9.066222,0.410488,-1.014296,2.820013,1.475614,-0.330888,-0.177494,26.0,6.0,-6.075,-39.525,273.3908,-8.6072,-6.324,5.0,31.12351,48.8439,2.3533363,307.0968,NaN,,44.303226,,0 / 17,1477,2022-01-10 17:04:34:006
2.181955,2.296811,12.774682,1.61437,3.371619,9.066222,0.410488,-1.014296,2.820013,1.475614,-0.330888,-0.177494,26.0,6.0,-6.075,-39.525,273.3908,-8.6072,-6.324,5.0,31.12351,48.8439,2.3533363,307.0968,NaN,,44.303226,,0 / 17,1483,2022-01-10 17:04:34:012
3.879065,2.379363,11.023734,1.61437,3.371619,9.066222,0.410488,-1.014296,2.820013,1.475614,-0.330888,-0.177494,26.0,6.0,-6.075,-39.525,273.3908,-8.6072,-6.324,5.0,31.12351,48.8439,2.3533363,307.0968,NaN,,44.303226,,0 / 17,1487,2022-01-10 17:04:34:016
3.879065,2.379363,11.023734,1.61437,3.371619,9.066222,0.410488,-1.014296,2.820013,1.475614,-0.330888,-0.177494,26.0,6.225,-10.725,-37.875,279.8017,-20.1091,-10.0965,5.0,31.12351,48.8439,2.3533363,307.0968,NaN,,44.303226,,0 / 17,1492,2022-01-10 17:04:34:021
3.879065,2.379363,11.023734,1.61437,3.371619,9.066222,0.410488,-1.014296,2.820013,1.475614,-0.330888,-0.177494,26.0,6.225,-10.725,-37.875,279.8017,-20.1091,-10.0965,5.0,31.12351,48.8439,2.3533363,307.0968,NaN,,44.303226,,0 / 17,1497,2022-01-10 17:04:34:026
3.879065,2.379363,11.023734,1.61437,3.371619,9.066222,0.410488,-1.014296,2.820013,1.475614,-0.330888,-0.177494,26.0,6.225,-10.725,-37.875,279.8017,-20.1091,-10.0965,5.0,31.12351,48.8439,2.3533363,307.0968,NaN,,44.303226,,0 / 17,1503,2022-01-10 17:04:34:032
3.879065,2.379363,11.023734,1.61437,3.371619,9.066222,0.410488,-1.014296,2.820013,1.475614,-0.330888,-0.177494,26.0,6.225,-10.725,-37.875,279.8017,-20.1091,-10.0965,5.0,31.12351,48.8439,2.3533363,307.0968,NaN,,44.303226,,0 / 17,1510,2022-01-10 17:04:34:039
3.879065,2.379363,11.023734,1.61437,3.371619,9.066222,0.410488,-1.014296,2.820013,4.491289,1.427545,-1.181743,26.0,6.225,-10.725,-37.875,279.8017,-20.1091,-10.0965,5.0,31.12351,48.8439,2.3533363,307.0968,NaN,,44.303226,,0 / 17,1512,2022-01-10 17:04:34:041
3.879065,2.379363,11.023734,1.61437,3.371619,9.066222,0.410488,-1.014296,2.820013,4.491289,1.427545,-1.181743,26.0,6.225,-10.725,-37.875,279.8017,-20.1091,-10.0965,5.0,31.12351,48.8439,2.3533363,307.0968,NaN,,44.303226,,0 / 17,1517,2022-01-10 17:04:34:046
3.879065,2.379363,11.023734,1.61437,3.371619,9.066222,0.410488,-1.014296,2.820013,4.491289,1.427545,-1.181743,26.0,6.225,-10.725,-37.875,279.8017,-20.1091,-10.0965,5.0,31.12351,48.8439,2.3533363,307.0968,NaN,,44.303226,,0 / 17,1522,2022-01-10 17:04:34:051
3.879065,2.379363,11.023734,1.61437,3.371619,9.066222,0.410488,-1.014296,2.820013,4.491289,1.427545,-1.181743,26.0,6.225,-10.725,-37.875,279.8017,-20.1091,-10.0965,5.0,31.12351,48.8439,2.3533363,307.0968,NaN,,44.303226,,0 / 17,1528,2022-01-10 17:04:34:057
3.879065,2.379363,11.023734,1.61437,3.371619,9.066222,0.410488,-1.014296,2.820013,4.491289,1.427545,-1.181743,26.0,6.225,-10.725,-37.875,279.8017,-20.1091,-10.0965,5.0,31.12351,48.8439,2.3533363,307.0968,NaN,,44.303226,,0 / 17,1532,2022-01-10 17:04:34:061
3.879065,2.379363,11.023734,1.61437,3.371619,9.066222,0.410488,-1.014296,2.820013,4.491289,1.427545,-1.181743,26.0,6.225,-10.725,-37.875,279.8017,-20.1091,-10.0965,5.0,31.12351,48.8439,2.3533363,307.0968,NaN,,44.303226,,0 / 17,1537,2022-01-10 17:04:34:066
3.879065,2.379363,11.023734,1.61437,3.371619,9.066222,0.410488,-1.014296,2.820013,4.491289,1.427545,-1.181743,26.0,6.225,-10.725,-37.875,279.8017,-20.1091,-10.0965,5.0,31.12351,48.8439,2.3533363,307.0968,NaN,,44.303226,,0 / 17,1543,2022-01-10 17:04:34:072
3.879065,2.379363,11.023734,1.61437,3.371619,9.066222,0.410488,-1.014296,2.820013,4.491289,1.427545,-1.181743,26.0,6.225,-10.725,-37.875,279.8017,-20.1091,-10.0965,5.0,31.12351,48.8439,2.3533363,307.0968,NaN,,44.303226,,0 / 17,1547,2022-01-10 17:04:34:076
3.879065,2.379363,11.023734,-0.409544,7.592335,6.193474,2.926488,-4.884502,3.856185,4.491289,1.427545,-1.181743,26.0,6.225,-10.725,-37.875,279.8017,-20.1091,-10.0965,5.0,31.12351,48.8439,2.3533363,307.0968,NaN,,44.303226,,0 / 17,1553,2022-01-10 17:04:34:082
3.879065,2.379363,11.023734,-0.409544,7.592335,6.193474,2.926488,-4.884502,3.856185,4.491289,1.427545,-1.181743,26.0,6.225,-10.725,-37.875,279.8017,-20.1091,-10.0965,5.0,31.12351,48.8439,2.3533363,307.0968,NaN,,44.303226,,0 / 17,1558,2022-01-10 17:04:34:087
3.879065,2.379363,11.023734,-0.409544,7.592335,6.193474,2.926488,-4.884502,3.856185,4.491289,1.427545,-1.181743,26.0,6.225,-10.725,-37.875,279.8017,-20.1091,-10.0965,5.0,31.12351,48.8439,2.3533363,307.0968,NaN,,44.303226,,0 / 17,1563,2022-01-10 17:04:34:092
3.879065,2.379363,11.023734,-0.409544,7.592335,6.193474,2.926488,-4.884502,3.856185,4.491289,1.427545,-1.181743,26.0,6.225,-10.725,-37.875,279.8017,-20.1091,-10.0965,5.0,31.12351,48.8439,2.3533363,307.0968,NaN,,44.303226,,0 / 17,1567,2022-01-10 17:04:34:096
3.879065,2.379363,11.023734,-0.409544,7.592335,6.193474,2.926488,-4.884502,3.856185,4.491289,1.427545,-1.181743,26.0,6.225,-10.725,-37.875,279.8017,-20.1091,-10.0965,5.0,31.12351,48.8439,2.3533363,307.0968,NaN,,44.303226,,0 / 17,1572,2022-01-10 17:04:34:101
3.879065,2.379363,11.023734,-0.409544,7.592335,6.193474,2.926488,-4.884502,3.856185,4.491289,1.427545,-1.181743,26.0,6.225,-10.725,-37.875,279.8017,-20.1091,-10.0965,5.0,31.12351,48.8439,2.3533363,307.0968,NaN,,44.303226,,0 / 17,1578,2022-01-10 17:04:34:107
1.497907,3.823731,3.325724,-0.409544,7.592335,6.193474,2.926488,-4.884502,3.856185,4.491289,1.427545,-1.181743,26.0,6.225,-10.725,-37.875,279.8017,-20.1091,-10.0965,5.0,25.41071,48.8439,2.3533363,307.0968,NaN,,44.303226,,0 / 17,1582,2022-01-10 17:04:34:111
1.497907,3.823731,3.325724,-0.409544,7.592335,6.193474,2.926488,-4.884502,3.856185,4.491289,1.427545,-1.181743,26.0,6.225,-10.725,-37.875,279.8017,-20.1091,-10.0965,5.0,25.41071,48.8439,2.3533363,307.0968,NaN,,44.303226,,0 / 17,1587,2022-01-10 17:04:34:116
1.497907,3.823731,3.325724,-0.409544,7.592335,6.193474,2.926488,-4.884502,3.856185,4.491289,1.427545,-1.181743,26.0,6.225,-10.725,-37.875,279.8017,-20.1091,-10.0965,5.0,25.41071,48.8439,2.3533363,307.0968,NaN,,44.303226,,0 / 17,1593,2022-01-10 17:04:34:122
1.497907,3.823731,3.325724,-0.409544,7.592335,6.193474,2.926488,-4.884502,3.856185,4.491289,1.427545,-1.181743,26.0,6.225,-10.725,-37.875,279.8017,-20.1091,-10.0965,5.0,25.41071,48.8439,2.3533363,307.0968,NaN,,44.303226,,0 / 17,1597,2022-01-10 17:04:34:126
1.497907,3.823731,3.325724,-0.409544,7.592335,6.193474,2.926488,-4.884502,3.856185,4.491289,1.427545,-1.181743,26.0,6.225,-10.725,-37.875,279.8017,-20.1091,-10.0965,5.0,25.41071,48.8439,2.3533363,307.0968,NaN,,44.303226,,0 / 17,1602,2022-01-10 17:04:34:131
1.497907,3.823731,3.325724,-0.409544,7.592335,6.193474,2.926488,-4.884502,3.856185,4.491289,1.427545,-1.181743,26.0,6.225,-10.725,-37.875,279.8017,-20.1091,-10.0965,5.0,25.41071,48.8439,2.3533363,307.0968,NaN,,44.303226,,0 / 17,1608,2022-01-10 17:04:34:137
1.497907,3.823731,3.325724,-0.409544,7.592335,6.193474,2.926488,-4.884502,3.856185,4.491289,1.427545,-1.181743,26.0,6.225,-10.725,-37.875,279.8017,-20.1091,-10.0965,5.0,25.41071,48.8439,2.3533363,307.0968,NaN,,44.303226,,0 / 17,1613,2022-01-10 17:04:34:142
1.497907,3.823731,3.325724,-0.409544,7.592335,6.193474,2.926488,-4.884502,3.856185,4.491289,1.427545,-1.181743,26.0,6.225,-10.725,-37.875,279.8017,-20.1091,-10.0965,5.0,25.41071,48.8439,2.3533363,307.0968,NaN,,44.303226,,0 / 17,1617,2022-01-10 17:04:34:146
1.497907,3.823731,3.325724,-0.409544,7.592335,6.193474,2.926488,-4.884502,3.856185,4.491289,1.427545,-1.181743,26.0,6.225,-10.725,-37.875,279.8017,-20.1091,-10.0965,5.0,25.41071,48.8439,2.3533363,307.0968,NaN,,44.303226,,0 / 17,1622,2022-01-10 17:04:34:151
1.497907,3.823731,3.325724,-0.409544,7.592335,6.193474,2.926488,-4.884502,3.856185,4.491289,1.427545,-1.181743,26.0,6.225,-10.725,-37.875,279.8017,-20.1091,-10.0965,5.0,25.41071,48.8439,2.3533363,307.0968,NaN,,44.303226,,0 / 17,1628,2022-01-10 17:04:34:157
1.497907,3.823731,3.325724,-0.409544,7.592335,6.193474,2.926488,-4.884502,3.856185,7.073813,3.821124,-3.658942,26.0,6.225,-10.725,-37.875,279.8017,-20.1091,-10.0965,5.0,25.41071,48.8439,2.3533363,307.0968,NaN,,44.303226,,0 / 17,1636,2022-01-10 17:04:34:165
1.497907,3.823731,3.325724,-0.409544,7.592335,6.193474,2.926488,-4.884502,3.856185,7.073813,3.821124,-3.658942,26.0,6.225,-10.725,-37.875,279.8017,-20.1091,-10.0965,5.0,25.41071,48.8439,2.3533363,307.0968,NaN,,44.303226,,0 / 17,1638,2022-01-10 17:04:34:167
1.497907,3.823731,3.325724,-0.409544,7.592335,6.193474,2.926488,-4.884502,3.856185,7.073813,3.821124,-3.658942,26.0,6.225,-10.725,-37.875,279.8017,-20.1091,-10.0965,5.0,25.41071,48.8439,2.3533363,307.0968,NaN,,44.303226,,0 / 17,1642,2022-01-10 17:04:34:171
1.497907,3.823731,3.325724,-0.409544,7.592335,6.193474,2.926488,-4.884502,3.856185,7.073813,3.821124,-3.658942,26.0,10.875,-18.075,-30.15,323.9157,-50.7328,3.7832,5.0,25.41071,48.8439,2.3533363,307.0968,NaN,,44.303226,,0 / 17,1647,2022-01-10 17:04:34:176
1.497907,3.823731,3.325724,-0.409544,7.592335,6.193474,2.926488,-4.884502,3.856185,7.073813,3.821124,-3.658942,26.0,10.875,-18.075,-30.15,323.9157,-50.7328,3.7832,5.0,25.41071,48.8439,2.3533363,307.0968,NaN,,44.303226,,0 / 17,1653,2022-01-10 17:04:34:182
1.497907,3.823731,3.325724,-0.409544,7.592335,6.193474,2.926488,-4.884502,3.856185,7.073813,3.821124,-3.658942,26.0,10.875,-18.075,-30.15,323.9157,-50.7328,3.7832,5.0,25.41071,48.8439,2.3533363,307.0968,NaN,,44.303226,,0 / 17,1658,2022-01-10 17:04:34:187
1.497907,3.823731,3.325724,-0.409544,7.592335,6.193474,2.926488,-4.884502,3.856185,7.073813,3.821124,-3.658942,26.0,10.875,-18.075,-30.15,323.9157,-50.7328,3.7832,5.0,25.41071,48.8439,2.3533363,307.0968,NaN,,44.303226,,0 / 17,1662,2022-01-10 17:04:34:191
1.497907,3.823731,3.325724,-0.409544,7.592335,6.193474,2.926488,-4.884502,3.856185,7.073813,3.821124,-3.658942,26.0,10.875,-18.075,-30.15,323.9157,-50.7328,3.7832,5.0,25.41071,48.8439,2.3533363,307.0968,NaN,,44.303226,,0 / 17,1668,2022-01-10 17:04:34:197
-0.318844,0.384048,-4.615156,-4.797391,8.28219,-2.135596,6.591592,-4.493242,5.519097,7.073813,3.821124,-3.658942,26.0,10.875,-18.075,-30.15,323.9157,-50.7328,3.7832,5.0,25.41071,48.8439,2.3533363,307.0968,NaN,,44.303226,,0 / 17,1674,2022-01-10 17:04:34:203
-0.318844,0.384048,-4.615156,-4.797391,8.28219,-2.135596,6.591592,-4.493242,5.519097,7.073813,3.821124,-3.658942,26.0,10.875,-18.075,-30.15,323.9157,-50.7328,3.7832,5.0,25.41071,48.8439,2.3533363,307.0968,NaN,,44.303226,,0 / 17,1678,2022-01-10 17:04:34:207
-0.318844,0.384048,-4.615156,-4.797391,8.28219,-2.135596,6.591592,-4.493242,5.519097,7.073813,3.821124,-3.658942,26.0,10.875,-18.075,-30.15,323.9157,-50.7328,3.7832,5.0,25.41071,48.8439,2.3533363,307.0968,NaN,,44.303226,,0 / 17,1685,2022-01-10 17:04:34:214
-0.318844,0.384048,-4.615156,-4.797391,8.28219,-2.135596,6.591592,-4.493242,5.519097,7.073813,3.821124,-3.658942,26.0,10.875,-18.075,-30.15,323.9157,-50.7328,3.7832,5.0,25.41071,48.8439,2.3533363,307.0968,NaN,,44.303226,,0 / 17,1688,2022-01-10 17:04:34:217
-0.318844,0.384048,-4.615156,-4.797391,8.28219,-2.135596,6.591592,-4.493242,5.519097,7.073813,3.821124,-3.658942,26.0,10.875,-18.075,-30.15,323.9157,-50.7328,3.7832,5.0,25.41071,48.8439,2.3533363,307.0968,NaN,,44.303226,,0 / 17,1693,2022-01-10 17:04:34:222
-0.318844,0.384048,-4.615156,-4.797391,8.28219,-2.135596,6.591592,-4.493242,5.519097,7.073813,3.821124,-3.658942,26.0,10.875,-18.075,-30.15,323.9157,-50.7328,3.7832,5.0,25.41071,48.8439,2.3533363,307.0968,NaN,,44.303226,,0 / 17,1698,2022-01-10 17:04:34:227
-0.318844,0.384048,-4.615156,-4.797391,8.28219,-2.135596,6.591592,-4.493242,5.519097,7.073813,3.821124,-3.658942,26.0,10.875,-18.075,-30.15,323.9157,-50.7328,3.7832,5.0,25.41071,48.8439,2.3533363,307.0968,NaN,,44.303226,,0 / 17,1703,2022-01-10 17:04:34:232
-0.318844,0.384048,-4.615156,-4.797391,8.28219,-2.135596,6.591592,-4.493242,5.519097,7.073813,3.821124,-3.658942,26.0,10.875,-18.075,-30.15,323.9157,-50.7328,3.7832,5.0,25.41071,48.8439,2.3533363,307.0968,NaN,,44.303226,,0 / 17,1708,2022-01-10 17:04:34:237
-0.318844,0.384048,-4.615156,-4.797391,8.28219,-2.135596,6.591592,-4.493242,5.519097,7.073813,3.821124,-3.658942,26.0,10.875,-18.075,-30.15,323.9157,-50.7328,3.7832,5.0,25.41071,48.8439,2.3533363,307.0968,NaN,,44.303226,,0 / 17,1712,2022-01-10 17:04:34:241
-0.318844,0.384048,-4.615156,-4.797391,8.28219,-2.135596,6.591592,-4.493242,5.519097,7.073813,3.821124,-3.658942,26.0,10.875,-18.075,-30.15,323.9157,-50.7328,3.7832,5.0,25.41071,48.8439,2.3533363,307.0968,NaN,,44.303226,,0 / 17,1718,2022-01-10 17:04:34:247
-0.318844,0.384048,-4.615156,-4.797391,8.28219,-2.135596,6.591592,-4.493242,5.519097,7.073813,3.821124,-3.658942,26.0,10.875,-18.075,-30.15,323.9157,-50.7328,3.7832,5.0,25.41071,48.8439,2.3533363,307.0968,NaN,,44.303226,,0 / 17,1723,2022-01-10 17:04:34:252
-0.318844,0.384048,-4.615156,-4.797391,8.28219,-2.135596,6.591592,-4.493242,5.519097,7.073813,3.821124,-3.658942,26.0,10.875,-18.075,-30.15,323.9157,-50.7328,3.7832,5.0,25.41071,48.8439,2.3533363,307.0968,NaN,,44.303226,,0 / 17,1728,2022-01-10 17:04:34:257
-0.318844,0.384048,-4.615156,-4.797391,8.28219,-2.135596,6.591592,-4.493242,5.519097,7.073813,3.821124,-3.658942,26.0,10.875,-18.075,-30.15,323.9157,-50.7328,3.7832,5.0,25.41071,48.8439,2.3533363,307.0968,NaN,,44.303226,,0 / 17,1733,2022-01-10 17:04:34:262
-0.318844,0.384048,-4.615156,-4.797391,8.28219,-2.135596,6.591592,-4.493242,5.519097,7.073813,3.821124,-3.658942,26.0,10.875,-18.075,-30.15,323.9157,-50.7328,3.7832,5.0,25.41071,48.8439,2.3533363,307.0968,NaN,,44.303226,,0 / 17,1738,2022-01-10 17:04:34:267
-0.318844,0.384048,-4.615156,-4.797391,8.28219,-2.135596,6.591592,-4.493242,5.519097,7.073813,3.821124,-3.658942,26.0,10.875,-18.075,-30.15,323.9157,-50.7328,3.7832,5.0,25.41071,48.8439,2.3533363,307.0968,NaN,,44.303226,,0 / 17,1743,2022-01-10 17:04:34:272
-0.318844,0.384048,-4.615156,-4.797391,8.28219,-2.135596,6.591592,-4.493242,5.519097,7.073813,3.821124,-3.658942,26.0,10.875,-18.075,-30.15,323.9157,-50.7328,3.7832,5.0,25.41071,48.8439,2.3533363,307.0968,NaN,,44.303226,,0 / 17,1748,2022-01-10 17:04:34:277
-0.318844,0.384048,-4.615156,-4.797391,8.28219,-2.135596,6.591592,-4.493242,5.519097,7.073813,3.821124,-3.658942,26.0,10.875,-18.075,-30.15,323.9157,-50.7328,3.7832,5.0,25.41071,48.8439,2.3533363,307.0968,NaN,,44.303226,,0 / 17,1752,2022-01-10 17:04:34:281
-6.181857,-3.551846,-10.147662,-4.797391,8.28219,-2.135596,6.591592,-4.493242,5.519097,7.073813,3.821124,-3.658942,9.0,10.875,-18.075,-30.15,323.9157,-50.7328,3.7832,5.0,25.41071,48.8439,2.3533363,307.0968,NaN,,44.303226,,0 / 17,1757,2022-01-10 17:04:34:286
-6.181857,-3.551846,-10.147662,-4.797391,8.28219,-2.135596,6.591592,-4.493242,5.519097,7.073813,3.821124,-3.658942,9.0,10.875,-18.075,-30.15,323.9157,-50.7328,3.7832,5.0,25.41071,48.8439,2.3533363,307.0968,NaN,,44.303226,,0 / 17,1762,2022-01-10 17:04:34:291
-6.181857,-3.551846,-10.147662,-4.797391,8.28219,-2.135596,6.591592,-4.493242,5.519097,7.073813,3.821124,-3.658942,9.0,10.875,-18.075,-30.15,323.9157,-50.7328,3.7832,5.0,25.41071,48.8439,2.3533363,307.0968,NaN,,44.303226,,0 / 17,1768,2022-01-10 17:04:34:297
-6.181857,-3.551846,-10.147662,-4.797391,8.28219,-2.135596,6.591592,-4.493242,5.519097,5.177033,-0.813039,-6.301386,9.0,10.875,-18.075,-30.15,323.9157,-50.7328,3.7832,5.0,25.41071,48.8439,2.3533363,307.0968,NaN,,44.303226,,0 / 17,1773,2022-01-10 17:04:34:302
-6.181857,-3.551846,-10.147662,-4.797391,8.28219,-2.135596,6.591592,-4.493242,5.519097,5.177033,-0.813039,-6.301386,9.0,10.875,-18.075,-30.15,323.9157,-50.7328,3.7832,5.0,25.41071,48.8439,2.3533363,307.0968,NaN,,44.303226,,0 / 17,1777,2022-01-10 17:04:34:306
-6.181857,-3.551846,-10.147662,-4.797391,8.28219,-2.135596,6.591592,-4.493242,5.519097,5.177033,-0.813039,-6.301386,9.0,10.875,-18.075,-30.15,323.9157,-50.7328,3.7832,5.0,25.41071,48.8439,2.3533363,307.0968,NaN,,44.303226,,0 / 17,1782,2022-01-10 17:04:34:311
-6.181857,-3.551846,-10.147662,-8.102129,0.172475,-5.522331,4.018255,-2.260204,-0.037021,5.177033,-0.813039,-6.301386,9.0,10.875,-18.075,-30.15,323.9157,-50.7328,3.7832,5.0,25.41071,48.8439,2.3533363,307.0968,NaN,,44.303226,,0 / 17,1787,2022-01-10 17:04:34:316
-6.181857,-3.551846,-10.147662,-8.102129,0.172475,-5.522331,4.018255,-2.260204,-0.037021,5.177033,-0.813039,-6.301386,9.0,10.875,-18.075,-30.15,323.9157,-50.7328,3.7832,5.0,25.41071,48.8439,2.3533363,307.0968,NaN,,44.303226,,0 / 17,1792,2022-01-10 17:04:34:321
-6.181857,-3.551846,-10.147662,-8.102129,0.172475,-5.522331,4.018255,-2.260204,-0.037021,5.177033,-0.813039,-6.301386,9.0,10.875,-18.075,-30.15,323.9157,-50.7328,3.7832,5.0,25.41071,48.8439,2.3533363,307.0968,NaN,,44.303226,,0 / 17,1800,2022-01-10 17:04:34:329
-6.181857,-3.551846,-10.147662,-8.102129,0.172475,-5.522331,4.018255,-2.260204,-0.037021,5.177033,-0.813039,-6.301386,9.0,10.875,-18.075,-30.15,323.9157,-50.7328,3.7832,5.0,25.41071,48.8439,2.3533363,307.0968,NaN,,44.303226,,0 / 17,1805,2022-01-10 17:04:34:334
-6.181857,-3.551846,-10.147662,-8.102129,0.172475,-5.522331,4.018255,-2.260204,-0.037021,5.177033,-0.813039,-6.301386,9.0,10.875,-18.075,-30.15,323.9157,-50.7328,3.7832,5.0,25.41071,48.8439,2.3533363,307.0968,NaN,,44.303226,,0 / 17,1808,2022-01-10 17:04:34:337
-6.181857,-3.551846,-10.147662,-8.102129,0.172475,-5.522331,4.018255,-2.260204,-0.037021,5.177033,-0.813039,-6.301386,9.0,10.875,-18.075,-30.15,323.9157,-50.7328,3.7832,5.0,25.41071,48.8439,2.3533363,307.0968,NaN,,44.303226,,0 / 17,1812,2022-01-10 17:04:34:341
-6.181857,-3.551846,-10.147662,-8.102129,0.172475,-5.522331,4.018255,-2.260204,-0.037021,5.177033,-0.813039,-6.301386,9.0,10.875,-18.075,-30.15,323.9157,-50.7328,3.7832,5.0,25.41071,48.8439,2.3533363,307.0968,NaN,,44.303226,,0 / 17,1817,2022-01-10 17:04:34:346
-6.181857,-3.551846,-10.147662,-8.102129,0.172475,-5.522331,4.018255,-2.260204,-0.037021,5.177033,-0.813039,-6.301386,9.0,10.875,-18.075,-30.15,323.9157,-50.7328,3.7832,5.0,25.41071,48.8439,2.3533363,307.0968,NaN,,44.303226,,0 / 17,1823,2022-01-10 17:04:34:352
-6.181857,-3.551846,-10.147662,-8.102129,0.172475,-5.522331,4.018255,-2.260204,-0.037021,5.177033,-0.813039,-6.301386,9.0,10.875,-18.075,-30.15,323.9157,-50.7328,3.7832,5.0,25.41071,48.8439,2.3533363,307.0968,NaN,,44.303226,,0 / 17,1828,2022-01-10 17:04:34:357
-6.181857,-3.551846,-10.147662,-8.102129,0.172475,-5.522331,4.018255,-2.260204,-0.037021,5.177033,-0.813039,-6.301386,9.0,10.875,-18.075,-30.15,323.9157,-50.7328,3.7832,5.0,25.41071,48.8439,2.3533363,307.0968,NaN,,44.303226,,0 / 17,1833,2022-01-10 17:04:34:362
-6.181857,-3.551846,-10.147662,-8.102129,0.172475,-5.522331,4.018255,-2.260204,-0.037021,5.177033,-0.813039,-6.301386,9.0,10.875,-18.075,-30.15,323.9157,-50.7328,3.7832,5.0,25.41071,48.8439,2.3533363,307.0968,NaN,,44.303226,,0 / 17,1838,2022-01-10 17:04:34:367
-8.84806,-6.66102,-2.368296,-8.102129,0.172475,-5.522331,4.018255,-2.260204,-0.037021,5.177033,-0.813039,-6.301386,9.0,21.225,-13.725,-6.15,129.3276,-1.0077,124.278,5.0,25.41071,48.8439,2.3533363,307.0968,NaN,,44.303226,,0 / 17,1843,2022-01-10 17:04:34:372
-8.84806,-6.66102,-2.368296,-8.102129,0.172475,-5.522331,4.018255,-2.260204,-0.037021,5.177033,-0.813039,-6.301386,9.0,21.225,-13.725,-6.15,129.3276,-1.0077,124.278,5.0,25.41071,48.8439,2.3533363,307.0968,NaN,,44.303226,,0 / 17,1849,2022-01-10 17:04:34:378
-8.84806,-6.66102,-2.368296,-8.102129,0.172475,-5.522331,4.018255,-2.260204,-0.037021,5.177033,-0.813039,-6.301386,9.0,21.225,-13.725,-6.15,129.3276,-1.0077,124.278,5.0,25.41071,48.8439,2.3533363,307.0968,NaN,,44.303226,,0 / 17,1852,2022-01-10 17:04:34:381
-8.84806,-6.66102,-2.368296,-8.102129,0.172475,-5.522331,4.018255,-2.260204,-0.037021,5.177033,-0.813039,-6.301386,9.0,21.225,-13.725,-6.15,129.3276,-1.0077,124.278,5.0,25.41071,48.8439,2.3533363,307.0968,NaN,,44.303226,,0 / 17,1858,2022-01-10 17:04:34:387
-8.84806,-6.66102,-2.368296,-8.102129,0.172475,-5.522331,4.018255,-2.260204,-0.037021,5.177033,-0.813039,-6.301386,9.0,21.225,-13.725,-6.15,129.3276,-1.0077,124.278,5.0,25.41071,48.8439,2.3533363,307.0968,NaN,,44.303226,,0 / 17,1863,2022-01-10 17:04:34:392
-8.84806,-6.66102,-2.368296,-8.102129,0.172475,-5.522331,4.018255,-2.260204,-0.037021,5.177033,-0.813039,-6.301386,9.0,21.225,-13.725,-6.15,129.3276,-1.0077,124.278,5.0,25.41071,48.8439,2.3533363,307.0968,NaN,,44.303226,,0 / 17,1867,2022-01-10 17:04:34:396
-8.84806,-6.66102,-2.368296,-8.102129,0.172475,-5.522331,4.018255,-2.260204,-0.037021,5.177033,-0.813039,-6.301386,9.0,21.225,-13.725,-6.15,129.3276,-1.0077,124.278,5.0,25.41071,48.8439,2.3533363,307.0968,NaN,,44.303226,,0 / 17,1873,2022-01-10 17:04:34:402
-8.84806,-6.66102,-2.368296,-8.102129,0.172475,-5.522331,4.018255,-2.260204,-0.037021,5.177033,-0.813039,-6.301386,9.0,21.225,-13.725,-6.15,129.3276,-1.0077,124.278,5.0,25.41071,48.8439,2.3533363,307.0968,NaN,,44.303226,,0 / 17,1878,2022-01-10 17:04:34:407
-8.84806,-6.66102,-2.368296,-8.102129,0.172475,-5.522331,4.018255,-2.260204,-0.037021,5.177033,-0.813039,-6.301386,9.0,21.225,-13.725,-6.15,129.3276,-1.0077,124.278,5.0,25.41071,48.8439,2.3533363,307.0968,NaN,,44.303226,,0 / 17,1882,2022-01-10 17:04:34:411
-8.84806,-6.66102,-2.368296,-8.102129,0.172475,-5.522331,4.018255,-2.260204,-0.037021,5.177033,-0.813039,-6.301386,9.0,21.225,-13.725,-6.15,129.3276,-1.0077,124.278,5.0,25.41071,48.8439,2.3533363,307.0968,NaN,,44.303226,,0 / 17,1889,2022-01-10 17:04:34:418
-8.84806,-6.66102,-2.368296,-8.102129,0.172475,-5.522331,4.018255,-2.260204,-0.037021,5.177033,-0.813039,-6.301386,9.0,21.225,-13.725,-6.15,129.3276,-1.0077,124.278,5.0,25.41071,48.8439,2.3533363,307.0968,NaN,,44.303226,,0 / 17,1893,2022-01-10 17:04:34:422
-8.84806,-6.66102,-2.368296,-8.102129,0.172475,-5.522331,4.018255,-2.260204,-0.037021,2.688382,-2.357893,-3.733642,9.0,21.225,-13.725,-6.15,129.3276,-1.0077,124.278,5.0,25.41071,48.8439,2.3533363,307.0968,NaN,,44.303226,,0 / 17,1898,2022-01-10 17:04:34:427
-8.84806,-6.66102,-2.368296,-8.102129,0.172475,-5.522331,4.018255,-2.260204,-0.037021,2.688382,-2.357893,-3.733642,9.0,21.225,-13.725,-6.15,129.3276,-1.0077,124.278,5.0,25.41071,48.8439,2.3533363,307.0968,NaN,,44.303226,,0 / 17,1903,2022-01-10 17:04:34:432
-8.84806,-6.66102,-2.368296,-8.102129,0.172475,-5.522331,4.018255,-2.260204,-0.037021,2.688382,-2.357893,-3.733642,9.0,21.225,-13.725,-6.15,129.3276,-1.0077,124.278,5.0,25.41071,48.8439,2.3533363,307.0968,NaN,,44.303226,,0 / 17,1907,2022-01-10 17:04:34:436
-8.84806,-6.66102,-2.368296,-8.102129,0.172475,-5.522331,4.018255,-2.260204,-0.037021,2.688382,-2.357893,-3.733642,9.0,21.225,-13.725,-6.15,129.3276,-1.0077,124.278,5.0,25.41071,48.8439,2.3533363,307.0968,NaN,,44.303226,,0 / 17,1912,2022-01-10 17:04:34:441
-8.84806,-6.66102,-2.368296,-8.102129,0.172475,-5.522331,4.018255,-2.260204,-0.037021,2.688382,-2.357893,-3.733642,9.0,21.225,-13.725,-6.15,129.3276,-1.0077,124.278,5.0,25.41071,48.8439,2.3533363,307.0968,NaN,,44.303226,,0 / 17,1917,2022-01-10 17:04:34:446
-8.84806,-6.66102,-2.368296,-7.349438,-5.956651,-2.583492,-0.245506,-0.604075,-1.187883,2.688382,-2.357893,-3.733642,9.0,21.225,-13.725,-6.15,129.3276,-1.0077,124.278,5.0,27.05614,48.8439,2.3533363,307.0968,NaN,,44.303226,,0 / 17,1923,2022-01-10 17:04:34:452
-8.84806,-6.66102,-2.368296,-7.349438,-5.956651,-2.583492,-0.245506,-0.604075,-1.187883,2.688382,-2.357893,-3.733642,9.0,21.225,-13.725,-6.15,129.3276,-1.0077,124.278,5.0,27.05614,48.8439,2.3533363,307.0968,NaN,,44.303226,,0 / 17,1928,2022-01-10 17:04:34:457
-8.84806,-6.66102,-2.368296,-7.349438,-5.956651,-2.583492,-0.245506,-0.604075,-1.187883,2.688382,-2.357893,-3.733642,9.0,21.225,-13.725,-6.15,129.3276,-1.0077,124.278,5.0,27.05614,48.8439,2.3533363,307.0968,NaN,,44.303226,,0 / 17,1933,2022-01-10 17:04:34:462
-8.84806,-6.66102,-2.368296,-7.349438,-5.956651,-2.583492,-0.245506,-0.604075,-1.187883,2.688382,-2.357893,-3.733642,5.0,21.225,-13.725,-6.15,129.3276,-1.0077,124.278,5.0,27.05614,48.8439,2.3533363,307.0968,NaN,,44.303226,,0 / 17,1943,2022-01-10 17:04:34:472
-13.244871,-4.218845,-5.681159,-7.349438,-5.956651,-2.583492,-0.245506,-0.604075,-1.187883,2.688382,-2.357893,-3.733642,5.0,21.225,-13.725,-6.15,129.3276,-1.0077,124.278,5.0,27.05614,48.8439,2.3533363,307.0968,NaN,,44.303226,,0 / 17,1945,2022-01-10 17:04:34:474
-13.244871,-4.218845,-5.681159,-7.349438,-5.956651,-2.583492,-0.245506,-0.604075,-1.187883,2.688382,-2.357893,-3.733642,5.0,21.225,-13.725,-6.15,129.3276,-1.0077,124.278,5.0,27.05614,48.8439,2.3533363,307.0968,NaN,,44.303226,,0 / 17,1948,2022-01-10 17:04:34:477
-13.244871,-4.218845,-5.681159,-7.349438,-5.956651,-2.583492,-0.245506,-0.604075,-1.187883,2.688382,-2.357893,-3.733642,5.0,21.225,-13.725,-6.15,129.3276,-1.0077,124.278,5.0,27.05614,48.8439,2.3533363,307.0968,NaN,,44.303226,,0 / 17,1953,2022-01-10 17:04:34:482
-13.244871,-4.218845,-5.681159,-7.349438,-5.956651,-2.583492,-0.245506,-0.604075,-1.187883,2.688382,-2.357893,-3.733642,5.0,21.225,-13.725,-6.15,129.3276,-1.0077,124.278,5.0,27.05614,48.8439,2.3533363,307.0968,NaN,,44.303226,,0 / 17,1957,2022-01-10 17:04:34:486
-13.244871,-4.218845,-5.681159,-7.349438,-5.956651,-2.583492,-0.245506,-0.604075,-1.187883,2.688382,-2.357893,-3.733642,5.0,21.225,-13.725,-6.15,129.3276,-1.0077,124.278,5.0,27.05614,48.8439,2.3533363,307.0968,NaN,,44.303226,,0 / 17,1963,2022-01-10 17:04:34:492
-13.244871,-4.218845,-5.681159,-7.349438,-5.956651,-2.583492,-0.245506,-0.604075,-1.187883,2.688382,-2.357893,-3.733642,5.0,21.225,-13.725,-6.15,129.3276,-1.0077,124.278,5.0,27.05614,48.8439,2.3533363,307.0968,NaN,,44.303226,,0 / 17,1968,2022-01-10 17:04:34:497
-13.244871,-4.218845,-5.681159,-7.349438,-5.956651,-2.583492,-0.245506,-0.604075,-1.187883,2.688382,-2.357893,-3.733642,5.0,21.225,-13.725,-6.15,129.3276,-1.0077,124.278,5.0,27.05614,48.8439,2.3533363,307.0968,NaN,,44.303226,,0 / 17,1972,2022-01-10 17:04:34:501
-13.244871,-4.218845,-5.681159,-7.349438,-5.956651,-2.583492,-0.245506,-0.604075,-1.187883,2.688382,-2.357893,-3.733642,5.0,21.225,-13.725,-6.15,129.3276,-1.0077,124.278,5.0,27.05614,48.8439,2.3533363,307.0968,NaN,,44.303226,,0 / 17,1978,2022-01-10 17:04:34:507
-13.244871,-4.218845,-5.681159,-7.349438,-5.956651,-2.583492,-0.245506,-0.604075,-1.187883,2.688382,-2.357893,-3.733642,5.0,21.225,-13.725,-6.15,129.3276,-1.0077,124.278,5.0,27.05614,48.8439,2.3533363,307.0968,NaN,,44.303226,,0 / 17,1983,2022-01-10 17:04:34:512
-13.244871,-4.218845,-5.681159,-7.349438,-5.956651,-2.583492,-0.245506,-0.604075,-1.187883,2.688382,-2.357893,-3.733642,5.0,21.225,-13.725,-6.15,129.3276,-1.0077,124.278,5.0,27.05614,48.8439,2.3533363,307.0968,NaN,,44.303226,,0 / 17,1988,2022-01-10 17:04:34:517
-13.244871,-4.218845,-5.681159,-7.349438,-5.956651,-2.583492,-0.245506,-0.604075,-1.187883,2.688382,-2.357893,-3.733642,5.0,21.225,-13.725,-6.15,129.3276,-1.0077,124.278,5.0,27.05614,48.8439,2.3533363,307.0968,NaN,,44.303226,,0 / 17,1992,2022-01-10 17:04:34:521
-13.244871,-4.218845,-5.681159,-7.349438,-5.956651,-2.583492,-0.245506,-0.604075,-1.187883,2.688382,-2.357893,-3.733642,5.0,21.225,-13.725,-6.15,129.3276,-1.0077,124.278,5.0,27.05614,48.8439,2.3533363,307.0968,NaN,,44.303226,,0 / 17,1998,2022-01-10 17:04:34:527
-13.244871,-4.218845,-5.681159,-7.349438,-5.956651,-2.583492,-0.245506,-0.604075,-1.187883,2.688382,-2.357893,-3.733642,5.0,21.225,-13.725,-6.15,129.3276,-1.0077,124.278,5.0,27.05614,48.8439,2.3533363,307.0968,NaN,,44.303226,,0 / 17,2003,2022-01-10 17:04:34:532
-13.244871,-4.218845,-5.681159,-7.349438,-5.956651,-2.583492,-0.245506,-0.604075,-1.187883,2.688382,-2.357893,-3.733642,5.0,21.225,-13.725,-6.15,129.3276,-1.0077,124.278,5.0,27.05614,48.8439,2.3533363,307.0968,NaN,,44.303226,,0 / 17,2009,2022-01-10 17:04:34:538
-13.244871,-4.218845,-5.681159,-7.349438,-5.956651,-2.583492,-0.245506,-0.604075,-1.187883,2.688382,-2.357893,-3.733642,5.0,21.225,-13.725,-6.15,129.3276,-1.0077,124.278,5.0,27.05614,48.8439,2.3533363,307.0968,NaN,,44.303226,,0 / 17,2013,2022-01-10 17:04:34:542
-13.244871,-4.218845,-5.681159,-7.349438,-5.956651,-2.583492,-0.245506,-0.604075,-1.187883,2.688382,-2.357893,-3.733642,5.0,21.225,-13.725,-6.15,129.3276,-1.0077,124.278,5.0,27.05614,48.8439,2.3533363,307.0968,NaN,,44.303226,,0 / 17,2018,2022-01-10 17:04:34:547
-13.244871,-4.218845,-5.681159,-7.349438,-5.956651,-2.583492,-0.245506,-0.604075,-1.187883,2.688382,-2.357893,-3.733642,5.0,21.225,-13.725,-6.15,129.3276,-1.0077,124.278,5.0,27.05614,48.8439,2.3533363,307.0968,NaN,,44.303226,,0 / 17,2023,2022-01-10 17:04:34:552
-13.244871,-4.218845,-5.681159,-7.349438,-5.956651,-2.583492,-0.245506,-0.604075,-1.187883,2.688382,-2.357893,-3.733642,5.0,21.225,-13.725,-6.15,129.3276,-1.0077,124.278,5.0,27.05614,48.8439,2.3533363,307.0968,NaN,,44.303226,,0 / 17,2028,2022-01-10 17:04:34:557
-14.228322,-4.85743,-0.547657,-8.547172,-4.795168,0.350164,-4.692502,0.274498,-4.528536,-1.386933,-2.693442,3.538704,5.0,21.225,-13.725,-6.15,129.3276,-1.0077,124.278,5.0,27.05614,48.8439,2.3533363,307.0968,NaN,,44.303226,,0 / 17,2033,2022-01-10 17:04:34:562
-14.228322,-4.85743,-0.547657,-8.547172,-4.795168,0.350164,-4.692502,0.274498,-4.528536,-1.386933,-2.693442,3.538704,5.0,21.225,-13.725,-6.15,129.3276,-1.0077,124.278,5.0,27.05614,48.8439,2.3533363,307.0968,NaN,,44.303226,,0 / 17,2038,2022-01-10 17:04:34:567
-14.228322,-4.85743,-0.547657,-8.547172,-4.795168,0.350164,-4.692502,0.274498,-4.528536,-1.386933,-2.693442,3.538704,5.0,21.225,-13.725,-6.15,129.3276,-1.0077,124.278,5.0,27.05614,48.8439,2.3533363,307.0968,NaN,,44.303226,,0 / 17,2043,2022-01-10 17:04:34:572
-14.228322,-4.85743,-0.547657,-8.547172,-4.795168,0.350164,-4.692502,0.274498,-4.528536,-1.386933,-2.693442,3.538704,5.0,27.6,7.125,9.15,129.3276,-1.0077,124.278,5.0,27.05614,48.8439,2.3533363,307.0968,NaN,,44.303226,,0 / 17,2048,2022-01-10 17:04:34:577
-14.228322,-4.85743,-0.547657,-8.547172,-4.795168,0.350164,-4.692502,0.274498,-4.528536,-1.386933,-2.693442,3.538704,5.0,27.6,7.125,9.15,233.899,29.273,87.654,5.0,27.05614,48.8439,2.3533363,307.0968,NaN,,44.303226,,0 / 17,2053,2022-01-10 17:04:34:582
-14.228322,-4.85743,-0.547657,-8.547172,-4.795168,0.350164,-4.692502,0.274498,-4.528536,-1.386933,-2.693442,3.538704,5.0,27.6,7.125,9.15,233.899,29.273,87.654,5.0,27.05614,48.8439,2.3533363,307.0968,NaN,,44.303226,,0 / 17,2058,2022-01-10 17:04:34:587
-14.228322,-4.85743,-0.547657,-8.547172,-4.795168,0.350164,-4.692502,0.274498,-4.528536,-1.386933,-2.693442,3.538704,5.0,27.6,7.125,9.15,233.899,29.273,87.654,5.0,27.05614,48.8439,2.3533363,307.0968,NaN,,44.303226,,0 / 17,2063,2022-01-10 17:04:34:592
-14.228322,-4.85743,-0.547657,-8.547172,-4.795168,0.350164,-4.692502,0.274498,-4.528536,-1.386933,-2.693442,3.538704,5.0,27.6,7.125,9.15,233.899,29.273,87.654,5.0,27.05614,48.8439,2.3533363,307.0968,NaN,,44.303226,,0 / 17,2067,2022-01-10 17:04:34:596
-14.228322,-4.85743,-0.547657,-8.547172,-4.795168,0.350164,-4.692502,0.274498,-4.528536,-1.386933,-2.693442,3.538704,5.0,27.6,7.125,9.15,233.899,29.273,87.654,5.0,27.05614,48.8439,2.3533363,307.0968,NaN,,44.303226,,0 / 17,2074,2022-01-10 17:04:34:603
-14.228322,-4.85743,-0.547657,-8.547172,-4.795168,0.350164,-4.692502,0.274498,-4.528536,-1.386933,-2.693442,3.538704,5.0,27.6,7.125,9.15,233.899,29.273,87.654,5.0,27.05614,48.8439,2.3533363,307.0968,NaN,,44.303226,,0 / 17,2078,2022-01-10 17:04:34:607
-14.228322,-4.85743,-0.547657,-8.547172,-4.795168,0.350164,-4.692502,0.274498,-4.528536,-1.386933,-2.693442,3.538704,5.0,27.6,7.125,9.15,233.899,29.273,87.654,5.0,27.05614,48.8439,2.3533363,307.0968,NaN,,44.303226,,0 / 17,2084,2022-01-10 17:04:34:613
-14.228322,-4.85743,-0.547657,-8.547172,-4.795168,0.350164,-4.692502,0.274498,-4.528536,-1.386933,-2.693442,3.538704,5.0,27.6,7.125,9.15,233.899,29.273,87.654,5.0,27.05614,48.8439,2.3533363,307.0968,NaN,,44.303226,,0 / 17,2088,2022-01-10 17:04:34:617
-14.228322,-4.85743,-0.547657,-8.547172,-4.795168,0.350164,-4.692502,0.274498,-4.528536,-1.386933,-2.693442,3.538704,5.0,27.6,7.125,9.15,233.899,29.273,87.654,5.0,27.05614,48.8439,2.3533363,307.0968,NaN,,44.303226,,0 / 17,2092,2022-01-10 17:04:34:621
-14.228322,-4.85743,-0.547657,-8.547172,-4.795168,0.350164,-4.692502,0.274498,-4.528536,-1.386933,-2.693442,3.538704,5.0,27.6,7.125,9.15,233.899,29.273,87.654,5.0,27.05614,48.8439,2.3533363,307.0968,NaN,,44.303226,,0 / 17,2099,2022-01-10 17:04:34:628
-14.228322,-4.85743,-0.547657,-8.547172,-4.795168,0.350164,-4.692502,0.274498,-4.528536,-1.386933,-2.693442,3.538704,5.0,27.6,7.125,9.15,233.899,29.273,87.654,5.0,27.05614,48.8439,2.3533363,307.0968,NaN,,44.303226,,0 / 17,2103,2022-01-10 17:04:34:632
-14.228322,-4.85743,-0.547657,-8.547172,-4.795168,0.350164,-4.692502,0.274498,-4.528536,-1.386933,-2.693442,3.538704,5.0,27.6,7.125,9.15,233.899,29.273,87.654,5.0,27.05614,48.8439,2.3533363,307.0968,NaN,,44.303226,,0 / 17,2107,2022-01-10 17:04:34:636
-14.228322,-4.85743,-0.547657,-8.547172,-4.795168,0.350164,-4.692502,0.274498,-4.528536,-1.386933,-2.693442,3.538704,5.0,27.6,7.125,9.15,233.899,29.273,87.654,5.0,27.05614,48.8439,2.3533363,307.0968,NaN,,44.303226,,0 / 17,2112,2022-01-10 17:04:34:641
-14.228322,-4.85743,-0.547657,-8.547172,-4.795168,0.350164,-4.692502,0.274498,-4.528536,-1.386933,-2.693442,3.538704,19.0,27.6,7.125,9.15,233.899,29.273,87.654,5.0,27.05614,48.8439,2.3533363,307.0968,NaN,,44.303226,,0 / 17,2117,2022-01-10 17:04:34:646
-14.228322,-4.85743,-0.547657,-8.547172,-4.795168,0.350164,-4.692502,0.274498,-4.528536,-1.386933,-2.693442,3.538704,19.0,27.6,7.125,9.15,233.899,29.273,87.654,5.0,27.05614,48.8439,2.3533363,307.0968,NaN,,44.303226,,0 / 17,2122,2022-01-10 17:04:34:651
-14.228322,-4.85743,-0.547657,-8.547172,-4.795168,0.350164,-4.692502,0.274498,-4.528536,-1.386933,-2.693442,3.538704,19.0,27.6,7.125,9.15,233.899,29.273,87.654,5.0,27.05614,48.8439,2.3533363,307.0968,NaN,,44.303226,,0 / 17,2128,2022-01-10 17:04:34:657
-14.228322,-4.85743,-0.547657,-8.547172,-4.795168,0.350164,-4.692502,0.274498,-4.528536,-1.386933,-2.693442,3.538704,19.0,27.6,7.125,9.15,233.899,29.273,87.654,5.0,27.05614,48.8439,2.3533363,307.0968,NaN,,44.303226,,0 / 17,2132,2022-01-10 17:04:34:661
-14.228322,-4.85743,-0.547657,-8.547172,-4.795168,0.350164,-4.692502,0.274498,-4.528536,-1.386933,-2.693442,3.538704,19.0,27.6,7.125,9.15,233.899,29.273,87.654,5.0,27.05614,48.8439,2.3533363,307.0968,NaN,,44.303226,,0 / 17,2141,2022-01-10 17:04:34:670
-14.228322,-4.85743,-0.547657,-8.547172,-4.795168,0.350164,-4.692502,0.274498,-4.528536,-1.386933,-2.693442,3.538704,19.0,27.6,7.125,9.15,233.899,29.273,87.654,5.0,27.05614,48.8439,2.3533363,307.0968,NaN,,44.303226,,0 / 17,2142,2022-01-10 17:04:34:671
-11.78495,-1.339682,-3.002992,-8.547172,-4.795168,0.350164,-4.692502,0.274498,-4.528536,-1.386933,-2.693442,3.538704,19.0,27.6,7.125,9.15,233.899,29.273,87.654,5.0,27.05614,48.8439,2.3533363,307.0968,NaN,,44.303226,,0 / 17,2149,2022-01-10 17:04:34:678
-11.78495,-1.339682,-3.002992,-8.547172,-4.795168,0.350164,-4.692502,0.274498,-4.528536,-1.386933,-2.693442,3.538704,19.0,27.6,7.125,9.15,233.899,29.273,87.654,5.0,27.05614,48.8439,2.3533363,307.0968,NaN,,44.303226,,0 / 17,2153,2022-01-10 17:04:34:682
-11.78495,-1.339682,-3.002992,-8.547172,-4.795168,0.350164,-4.692502,0.274498,-4.528536,-1.386933,-2.693442,3.538704,19.0,27.6,7.125,9.15,233.899,29.273,87.654,5.0,27.05614,48.8439,2.3533363,307.0968,NaN,,44.303226,,0 / 17,2158,2022-01-10 17:04:34:687
-11.78495,-1.339682,-3.002992,-9.223763,1.164494,3.120343,-2.611957,-4.615991,-5.760658,-5.553992,-2.959483,7.159698,19.0,27.6,7.125,9.15,233.899,29.273,87.654,5.0,27.05614,48.8439,2.3533363,307.0968,NaN,,44.303226,,0 / 17,2162,2022-01-10 17:04:34:691
-11.78495,-1.339682,-3.002992,-9.223763,1.164494,3.120343,-2.611957,-4.615991,-5.760658,-5.553992,-2.959483,7.159698,19.0,27.6,7.125,9.15,233.899,29.273,87.654,5.0,27.05614,48.8439,2.3533363,307.0968,NaN,,44.303226,,0 / 17,2168,2022-01-10 17:04:34:697
-11.78495,-1.339682,-3.002992,-9.223763,1.164494,3.120343,-2.611957,-4.615991,-5.760658,-5.553992,-2.959483,7.159698,19.0,27.6,7.125,9.15,233.899,29.273,87.654,5.0,27.05614,48.8439,2.3533363,307.0968,NaN,,44.303226,,0 / 17,2172,2022-01-10 17:04:34:701
-11.78495,-1.339682,-3.002992,-9.223763,1.164494,3.120343,-2.611957,-4.615991,-5.760658,-5.553992,-2.959483,7.159698,19.0,27.6,7.125,9.15,233.899,29.273,87.654,5.0,27.05614,48.8439,2.3533363,307.0968,NaN,,44.303226,,0 / 17,2178,2022-01-10 17:04:34:707
-11.78495,-1.339682,-3.002992,-9.223763,1.164494,3.120343,-2.611957,-4.615991,-5.760658,-5.553992,-2.959483,7.159698,19.0,27.6,7.125,9.15,233.899,29.273,87.654,5.0,27.05614,48.8439,2.3533363,307.0968,NaN,,44.303226,,0 / 17,2184,2022-01-10 17:04:34:713
-11.78495,-1.339682,-3.002992,-9.223763,1.164494,3.120343,-2.611957,-4.615991,-5.760658,-5.553992,-2.959483,7.159698,19.0,27.6,7.125,9.15,233.899,29.273,87.654,5.0,27.05614,48.8439,2.3533363,307.0968,NaN,,44.303226,,0 / 17,2187,2022-01-10 17:04:34:716
-11.78495,-1.339682,-3.002992,-9.223763,1.164494,3.120343,-2.611957,-4.615991,-5.760658,-5.553992,-2.959483,7.159698,19.0,27.6,7.125,9.15,233.899,29.273,87.654,5.0,27.05614,48.8439,2.3533363,307.0968,NaN,,44.303226,,0 / 17,2192,2022-01-10 17:04:34:721
-11.78495,-1.339682,-3.002992,-9.223763,1.164494,3.120343,-2.611957,-4.615991,-5.760658,-5.553992,-2.959483,7.159698,19.0,27.6,7.125,9.15,233.899,29.273,87.654,5.0,27.05614,48.8439,2.3533363,307.0968,NaN,,44.303226,,0 / 17,2198,2022-01-10 17:04:34:727
-11.78495,-1.339682,-3.002992,-9.223763,1.164494,3.120343,-2.611957,-4.615991,-5.760658,-5.553992,-2.959483,7.159698,19.0,27.6,7.125,9.15,233.899,29.273,87.654,5.0,27.05614,48.8439,2.3533363,307.0968,NaN,,44.303226,,0 / 17,2203,2022-01-10 17:04:34:732
-11.78495,-1.339682,-3.002992,-9.223763,1.164494,3.120343,-2.611957,-4.615991,-5.760658,-5.553992,-2.959483,7.159698,19.0,27.6,7.125,9.15,233.899,29.273,87.654,5.0,27.05614,48.8439,2.3533363,307.0968,NaN,,44.303226,,0 / 17,2208,2022-01-10 17:04:34:737
-11.78495,-1.339682,-3.002992,-9.223763,1.164494,3.120343,-2.611957,-4.615991,-5.760658,-5.553992,-2.959483,7.159698,19.0,27.6,7.125,9.15,233.899,29.273,87.654,5.0,27.05614,48.8439,2.3533363,307.0968,NaN,,44.303226,,0 / 17,2213,2022-01-10 17:04:34:742
-11.78495,-1.339682,-3.002992,-9.223763,1.164494,3.120343,-2.611957,-4.615991,-5.760658,-5.553992,-2.959483,7.159698,19.0,27.6,7.125,9.15,233.899,29.273,87.654,5.0,27.05614,48.8439,2.3533363,307.0968,NaN,,44.303226,,0 / 17,2219,2022-01-10 17:04:34:748
-11.78495,-1.339682,-3.002992,-9.223763,1.164494,3.120343,-2.611957,-4.615991,-5.760658,-5.553992,-2.959483,7.159698,19.0,27.6,7.125,9.15,233.899,29.273,87.654,5.0,27.05614,48.8439,2.3533363,307.0968,NaN,,44.303226,,0 / 17,2223,2022-01-10 17:04:34:752
-11.78495,-1.339682,-3.002992,-9.223763,1.164494,3.120343,-2.611957,-4.615991,-5.760658,-5.553992,-2.959483,7.159698,19.0,27.6,7.125,9.15,233.899,29.273,87.654,5.0,27.05614,48.8439,2.3533363,307.0968,NaN,,44.303226,,0 / 17,2228,2022-01-10 17:04:34:757
-1.567,-2.703889,11.703894,-9.223763,1.164494,3.120343,-2.611957,-4.615991,-5.760658,-5.553992,-2.959483,7.159698,19.0,27.6,7.125,9.15,233.899,29.273,87.654,5.0,28.20659,48.8439,2.3533363,307.0968,NaN,,44.303226,,0 / 17,2233,2022-01-10 17:04:34:762
-1.567,-2.703889,11.703894,-9.223763,1.164494,3.120343,-2.611957,-4.615991,-5.760658,-5.553992,-2.959483,7.159698,19.0,27.6,7.125,9.15,233.899,29.273,87.654,5.0,28.20659,48.8439,2.3533363,307.0968,NaN,,44.303226,,0 / 17,2238,2022-01-10 17:04:34:767
-1.567,-2.703889,11.703894,-9.223763,1.164494,3.120343,-2.611957,-4.615991,-5.760658,-5.553992,-2.959483,7.159698,19.0,27.6,7.125,9.15,233.899,29.273,87.654,5.0,28.20659,48.8439,2.3533363,307.0968,NaN,,44.303226,,0 / 17,2243,2022-01-10 17:04:34:772
-1.567,-2.703889,11.703894,-9.223763,1.164494,3.120343,-2.611957,-4.615991,-5.760658,-5.553992,-2.959483,7.159698,19.0,33.75,20.7,1.875,332.5291,-6.8197,71.3096,5.0,28.20659,48.8439,2.3533363,307.0968,NaN,,44.303226,,0 / 17,2248,2022-01-10 17:04:34:777
-1.567,-2.703889,11.703894,-9.223763,1.164494,3.120343,-2.611957,-4.615991,-5.760658,-5.553992,-2.959483,7.159698,19.0,33.75,20.7,1.875,332.5291,-6.8197,71.3096,5.0,28.20659,48.8439,2.3533363,307.0968,NaN,,44.303226,,0 / 17,2257,2022-01-10 17:04:34:786
-1.567,-2.703889,11.703894,-9.223763,1.164494,3.120343,-2.611957,-4.615991,-5.760658,-5.553992,-2.959483,7.159698,19.0,33.75,20.7,1.875,332.5291,-6.8197,71.3096,5.0,28.20659,48.8439,2.3533363,307.0968,NaN,,44.303226,,0 / 17,2258,2022-01-10 17:04:34:787
-1.567,-2.703889,11.703894,-9.223763,1.164494,3.120343,-2.611957,-4.615991,-5.760658,-5.553992,-2.959483,7.159698,19.0,33.75,20.7,1.875,332.5291,-6.8197,71.3096,5.0,28.20659,48.8439,2.3533363,307.0968,NaN,,44.303226,,0 / 17,2262,2022-01-10 17:04:34:791
-1.567,-2.703889,11.703894,-9.223763,1.164494,3.120343,-2.611957,-4.615991,-5.760658,-5.553992,-2.959483,7.159698,19.0,33.75,20.7,1.875,332.5291,-6.8197,71.3096,5.0,28.20659,48.8439,2.3533363,307.0968,NaN,,44.303226,,0 / 17,2267,2022-01-10 17:04:34:796
-1.567,-2.703889,11.703894,-9.223763,1.164494,3.120343,-2.611957,-4.615991,-5.760658,-5.553992,-2.959483,7.159698,19.0,33.75,20.7,1.875,332.5291,-6.8197,71.3096,5.0,28.20659,48.8439,2.3533363,307.0968,NaN,,44.303226,,0 / 17,2273,2022-01-10 17:04:34:802
-1.567,-2.703889,11.703894,-4.121975,3.44656,8.203716,-3.851954,-7.861336,-3.256658,-5.553992,-2.959483,7.159698,19.0,33.75,20.7,1.875,332.5291,-6.8197,71.3096,5.0,28.20659,48.8439,2.3533363,307.0968,NaN,,44.303226,,0 / 17,2277,2022-01-10 17:04:34:806
-1.567,-2.703889,11.703894,-4.121975,3.44656,8.203716,-3.851954,-7.861336,-3.256658,-5.553992,-2.959483,7.159698,19.0,33.75,20.7,1.875,332.5291,-6.8197,71.3096,5.0,28.20659,48.8439,2.3533363,307.0968,NaN,,44.303226,,0 / 17,2283,2022-01-10 17:04:34:812
-1.567,-2.703889,11.703894,-4.121975,3.44656,8.203716,-3.851954,-7.861336,-3.256658,-5.553992,-2.959483,7.159698,19.0,33.75,20.7,1.875,332.5291,-6.8197,71.3096,5.0,28.20659,48.8439,2.3533363,307.0968,NaN,,44.303226,,0 / 17,2288,2022-01-10 17:04:34:817
-1.567,-2.703889,11.703894,-4.121975,3.44656,8.203716,-3.851954,-7.861336,-3.256658,-2.747103,-3.927514,4.920445,19.0,33.75,20.7,1.875,332.5291,-6.8197,71.3096,5.0,28.20659,48.8439,2.3533363,307.0968,NaN,,44.303226,,0 / 17,2292,2022-01-10 17:04:34:821
-1.567,-2.703889,11.703894,-4.121975,3.44656,8.203716,-3.851954,-7.861336,-3.256658,-2.747103,-3.927514,4.920445,19.0,33.75,20.7,1.875,332.5291,-6.8197,71.3096,5.0,28.20659,48.8439,2.3533363,307.0968,NaN,,44.303226,,0 / 17,2297,2022-01-10 17:04:34:826
-1.567,-2.703889,11.703894,-4.121975,3.44656,8.203716,-3.851954,-7.861336,-3.256658,-2.747103,-3.927514,4.920445,19.0,33.75,20.7,1.875,332.5291,-6.8197,71.3096,5.0,28.20659,48.8439,2.3533363,307.0968,NaN,,44.303226,,0 / 17,2303,2022-01-10 17:04:34:832
-1.567,-2.703889,11.703894,-4.121975,3.44656,8.203716,-3.851954,-7.861336,-3.256658,-2.747103,-3.927514,4.920445,19.0,33.75,20.7,1.875,332.5291,-6.8197,71.3096,5.0,28.20659,48.8439,2.3533363,307.0968,NaN,,44.303226,,0 / 17,2307,2022-01-10 17:04:34:836
-1.567,-2.703889,11.703894,-4.121975,3.44656,8.203716,-3.851954,-7.861336,-3.256658,-2.747103,-3.927514,4.920445,19.0,33.75,20.7,1.875,332.5291,-6.8197,71.3096,5.0,28.20659,48.8439,2.3533363,307.0968,NaN,,44.303226,,0 / 17,2313,2022-01-10 17:04:34:842
-1.567,-2.703889,11.703894,-4.121975,3.44656,8.203716,-3.851954,-7.861336,-3.256658,-2.747103,-3.927514,4.920445,19.0,33.75,20.7,1.875,332.5291,-6.8197,71.3096,5.0,28.20659,48.8439,2.3533363,307.0968,NaN,,44.303226,,0 / 17,2317,2022-01-10 17:04:34:846
-1.567,-2.703889,11.703894,-4.121975,3.44656,8.203716,-3.851954,-7.861336,-3.256658,-2.747103,-3.927514,4.920445,19.0,33.75,20.7,1.875,332.5291,-6.8197,71.3096,5.0,28.20659,48.8439,2.3533363,307.0968,NaN,,44.303226,,0 / 17,2323,2022-01-10 17:04:34:852
-1.567,-2.703889,11.703894,-4.121975,3.44656,8.203716,-3.851954,-7.861336,-3.256658,-2.747103,-3.927514,4.920445,19.0,33.75,20.7,1.875,332.5291,-6.8197,71.3096,5.0,28.20659,48.8439,2.3533363,307.0968,NaN,,44.303226,,0 / 17,2328,2022-01-10 17:04:34:857
-1.567,-2.703889,11.703894,-4.121975,3.44656,8.203716,-3.851954,-7.861336,-3.256658,-2.747103,-3.927514,4.920445,19.0,33.75,20.7,1.875,332.5291,-6.8197,71.3096,5.0,28.20659,48.8439,2.3533363,307.0968,NaN,,44.303226,,0 / 17,2332,2022-01-10 17:04:34:861
-1.567,-2.703889,11.703894,-4.121975,3.44656,8.203716,-3.851954,-7.861336,-3.256658,-2.747103,-3.927514,4.920445,19.0,33.75,20.7,1.875,332.5291,-6.8197,71.3096,5.0,28.20659,48.8439,2.3533363,307.0968,NaN,,44.303226,,0 / 17,2337,2022-01-10 17:04:34:866
-1.274776,1.842773,15.255141,-4.121975,3.44656,8.203716,-3.851954,-7.861336,-3.256658,-2.747103,-3.927514,4.920445,70.0,33.75,20.7,1.875,332.5291,-6.8197,71.3096,5.0,28.20659,48.8439,2.3533363,307.0968,NaN,,44.303226,,0 / 17,2342,2022-01-10 17:04:34:871
-1.274776,1.842773,15.255141,-4.121975,3.44656,8.203716,-3.851954,-7.861336,-3.256658,-2.747103,-3.927514,4.920445,70.0,33.75,20.7,1.875,332.5291,-6.8197,71.3096,5.0,28.20659,48.8439,2.3533363,307.0968,NaN,,44.303226,,0 / 17,2348,2022-01-10 17:04:34:877
-1.274776,1.842773,15.255141,-4.121975,3.44656,8.203716,-3.851954,-7.861336,-3.256658,-2.747103,-3.927514,4.920445,70.0,33.75,20.7,1.875,332.5291,-6.8197,71.3096,5.0,28.20659,48.8439,2.3533363,307.0968,NaN,,44.303226,,0 / 17,2352,2022-01-10 17:04:34:881
-1.274776,1.842773,15.255141,-4.121975,3.44656,8.203716,-3.851954,-7.861336,-3.256658,-2.747103,-3.927514,4.920445,70.0,33.75,20.7,1.875,332.5291,-6.8197,71.3096,5.0,28.20659,48.8439,2.3533363,307.0968,NaN,,44.303226,,0 / 17,2357,2022-01-10 17:04:34:886
-1.274776,1.842773,15.255141,-4.121975,3.44656,8.203716,-3.851954,-7.861336,-3.256658,-2.747103,-3.927514,4.920445,70.0,33.75,20.7,1.875,332.5291,-6.8197,71.3096,5.0,28.20659,48.8439,2.3533363,307.0968,NaN,,44.303226,,0 / 17,2363,2022-01-10 17:04:34:892
-1.274776,1.842773,15.255141,-4.121975,3.44656,8.203716,-3.851954,-7.861336,-3.256658,-2.747103,-3.927514,4.920445,70.0,33.75,20.7,1.875,332.5291,-6.8197,71.3096,5.0,28.20659,48.8439,2.3533363,307.0968,NaN,,44.303226,,0 / 17,2367,2022-01-10 17:04:34:896
-1.274776,1.842773,15.255141,-4.121975,3.44656,8.203716,-3.851954,-7.861336,-3.256658,-2.747103,-3.927514,4.920445,70.0,33.75,20.7,1.875,332.5291,-6.8197,71.3096,5.0,28.20659,48.8439,2.3533363,307.0968,NaN,,44.303226,,0 / 17,2373,2022-01-10 17:04:34:902
-1.274776,1.842773,15.255141,-4.121975,3.44656,8.203716,-3.851954,-7.861336,-3.256658,-2.747103,-3.927514,4.920445,70.0,33.75,20.7,1.875,332.5291,-6.8197,71.3096,5.0,28.20659,48.8439,2.3533363,307.0968,NaN,,44.303226,,0 / 17,2378,2022-01-10 17:04:34:907
-1.274776,1.842773,15.255141,-4.121975,3.44656,8.203716,-3.851954,-7.861336,-3.256658,-2.747103,-3.927514,4.920445,70.0,33.75,20.7,1.875,332.5291,-6.8197,71.3096,5.0,28.20659,48.8439,2.3533363,307.0968,NaN,,44.303226,,0 / 17,2382,2022-01-10 17:04:34:911
-1.274776,1.842773,15.255141,-4.121975,3.44656,8.203716,-3.851954,-7.861336,-3.256658,-2.747103,-3.927514,4.920445,70.0,33.75,20.7,1.875,332.5291,-6.8197,71.3096,5.0,28.20659,48.8439,2.3533363,307.0968,NaN,,44.303226,,0 / 17,2388,2022-01-10 17:04:34:917
-1.274776,1.842773,15.255141,-4.121975,3.44656,8.203716,-3.851954,-7.861336,-3.256658,-2.747103,-3.927514,4.920445,70.0,33.75,20.7,1.875,332.5291,-6.8197,71.3096,5.0,28.20659,48.8439,2.3533363,307.0968,NaN,,44.303226,,0 / 17,2392,2022-01-10 17:04:34:921
-1.274776,1.842773,15.255141,-4.121975,3.44656,8.203716,-3.851954,-7.861336,-3.256658,-2.747103,-3.927514,4.920445,70.0,33.75,20.7,1.875,332.5291,-6.8197,71.3096,5.0,28.20659,48.8439,2.3533363,307.0968,NaN,,44.303226,,0 / 17,2398,2022-01-10 17:04:34:927
-1.274776,1.842773,15.255141,-4.121975,3.44656,8.203716,-3.851954,-7.861336,-3.256658,-2.747103,-3.927514,4.920445,70.0,33.75,20.7,1.875,332.5291,-6.8197,71.3096,5.0,28.20659,48.8439,2.3533363,307.0968,NaN,,44.303226,,0 / 17,2402,2022-01-10 17:04:34:931
-1.274776,1.842773,15.255141,-0.852677,4.761284,8.530739,-3.851954,-7.861336,-3.256658,-2.747103,-3.927514,4.920445,70.0,33.75,20.7,1.875,332.5291,-6.8197,71.3096,5.0,28.20659,48.8439,2.3533363,307.0968,NaN,,44.303226,,0 / 17,2408,2022-01-10 17:04:34:937
-1.274776,1.842773,15.255141,-0.852677,4.761284,8.530739,-1.009877,-2.899761,6.355399,-2.747103,-3.927514,4.920445,70.0,33.75,20.7,1.875,332.5291,-6.8197,71.3096,5.0,28.20659,48.8439,2.3533363,307.0968,NaN,,44.303226,,0 / 17,2413,2022-01-10 17:04:34:942
-1.274776,1.842773,15.255141,-0.852677,4.761284,8.530739,-1.009877,-2.899761,6.355399,-2.747103,-3.927514,4.920445,70.0,33.75,20.7,1.875,332.5291,-6.8197,71.3096,5.0,28.20659,48.8439,2.3533363,307.0968,NaN,,44.303226,,0 / 17,2417,2022-01-10 17:04:34:946
-1.274776,1.842773,15.255141,-0.852677,4.761284,8.530739,-1.009877,-2.899761,6.355399,-2.747103,-3.927514,4.920445,70.0,33.75,20.7,1.875,332.5291,-6.8197,71.3096,5.0,28.20659,48.8439,2.3533363,307.0968,NaN,,44.303226,,0 / 17,2423,2022-01-10 17:04:34:952
-0.556032,3.021238,14.379667,-0.852677,4.761284,8.530739,-1.009877,-2.899761,6.355399,-2.747103,-3.927514,4.920445,70.0,33.75,20.7,1.875,332.5291,-6.8197,71.3096,5.0,28.20659,48.8439,2.3533363,307.0968,NaN,,44.303226,,0 / 17,2428,2022-01-10 17:04:34:957
-0.556032,3.021238,14.379667,-0.852677,4.761284,8.530739,-1.009877,-2.899761,6.355399,-2.747103,-3.927514,4.920445,70.0,33.75,20.7,1.875,332.5291,-6.8197,71.3096,5.0,28.20659,48.8439,2.3533363,307.0968,NaN,,44.303226,,0 / 17,2433,2022-01-10 17:04:34:962
-0.556032,3.021238,14.379667,-0.852677,4.761284,8.530739,-1.009877,-2.899761,6.355399,-2.747103,-3.927514,4.920445,70.0,33.75,20.7,1.875,332.5291,-6.8197,71.3096,5.0,28.20659,48.8439,2.3533363,307.0968,NaN,,44.303226,,0 / 17,2438,2022-01-10 17:04:34:967
-0.556032,3.021238,14.379667,-0.852677,4.761284,8.530739,-1.009877,-2.899761,6.355399,4.362529,1.728074,2.96947,70.0,31.05,5.7,-17.025,297.1553,-29.0463,5.708,5.0,28.20659,48.8439,2.3533363,307.0968,NaN,,44.303226,,0 / 17,2443,2022-01-10 17:04:34:972
-0.556032,3.021238,14.379667,-0.852677,4.761284,8.530739,-1.009877,-2.899761,6.355399,4.362529,1.728074,2.96947,70.0,31.05,5.7,-17.025,297.1553,-29.0463,5.708,5.0,28.20659,48.8439,2.3533363,307.0968,NaN,,44.303226,,0 / 17,2447,2022-01-10 17:04:34:976
-0.556032,3.021238,14.379667,-0.852677,4.761284,8.530739,-1.009877,-2.899761,6.355399,4.362529,1.728074,2.96947,70.0,31.05,5.7,-17.025,297.1553,-29.0463,5.708,5.0,28.20659,48.8439,2.3533363,307.0968,NaN,,44.303226,,0 / 17,2453,2022-01-10 17:04:34:982
-0.556032,3.021238,14.379667,-0.852677,4.761284,8.530739,-1.009877,-2.899761,6.355399,4.362529,1.728074,2.96947,70.0,31.05,5.7,-17.025,297.1553,-29.0463,5.708,5.0,28.20659,48.8439,2.3533363,307.0968,NaN,,44.303226,,0 / 17,2458,2022-01-10 17:04:34:987
-0.556032,3.021238,14.379667,-0.852677,4.761284,8.530739,-1.009877,-2.899761,6.355399,4.362529,1.728074,2.96947,70.0,31.05,5.7,-17.025,297.1553,-29.0463,5.708,5.0,28.20659,48.8439,2.3533363,307.0968,NaN,,44.303226,,0 / 17,2462,2022-01-10 17:04:34:991
-0.556032,3.021238,14.379667,-0.852677,4.761284,8.530739,-1.009877,-2.899761,6.355399,4.362529,1.728074,2.96947,70.0,31.05,5.7,-17.025,297.1553,-29.0463,5.708,5.0,28.20659,48.8439,2.3533363,307.0968,NaN,,44.303226,,0 / 17,2468,2022-01-10 17:04:34:997
-0.556032,3.021238,14.379667,-0.852677,4.761284,8.530739,-1.009877,-2.899761,6.355399,4.362529,1.728074,2.96947,70.0,31.05,5.7,-17.025,297.1553,-29.0463,5.708,5.0,28.20659,48.8439,2.3533363,307.0968,NaN,,44.303226,,0 / 17,2473,2022-01-10 17:04:35:002
-0.556032,3.021238,14.379667,-0.852677,4.761284,8.530739,-1.009877,-2.899761,6.355399,4.362529,1.728074,2.96947,70.0,31.05,5.7,-17.025,297.1553,-29.0463,5.708,5.0,28.20659,48.8439,2.3533363,307.0968,NaN,,44.303226,,0 / 17,2478,2022-01-10 17:04:35:007
-0.556032,3.021238,14.379667,-0.852677,4.761284,8.530739,-1.009877,-2.899761,6.355399,4.362529,1.728074,2.96947,70.0,31.05,5.7,-17.025,297.1553,-29.0463,5.708,5.0,28.20659,48.8439,2.3533363,307.0968,NaN,,44.303226,,0 / 17,2482,2022-01-10 17:04:35:011
-0.556032,3.021238,14.379667,-0.852677,4.761284,8.530739,-1.009877,-2.899761,6.355399,4.362529,1.728074,2.96947,70.0,31.05,5.7,-17.025,297.1553,-29.0463,5.708,5.0,28.20659,48.8439,2.3533363,307.0968,NaN,,44.303226,,0 / 17,2488,2022-01-10 17:04:35:017
-0.556032,3.021238,14.379667,-0.852677,4.761284,8.530739,-1.009877,-2.899761,6.355399,4.362529,1.728074,2.96947,70.0,31.05,5.7,-17.025,297.1553,-29.0463,5.708,5.0,28.20659,48.8439,2.3533363,307.0968,NaN,,44.303226,,0 / 17,2493,2022-01-10 17:04:35:022
-0.556032,3.021238,14.379667,-0.852677,4.761284,8.530739,-1.009877,-2.899761,6.355399,4.362529,1.728074,2.96947,70.0,31.05,5.7,-17.025,297.1553,-29.0463,5.708,5.0,28.20659,48.8439,2.3533363,307.0968,NaN,,44.303226,,0 / 17,2497,2022-01-10 17:04:35:026
-0.556032,3.021238,14.379667,-0.852677,4.761284,8.530739,-1.009877,-2.899761,6.355399,4.362529,1.728074,2.96947,70.0,31.05,5.7,-17.025,297.1553,-29.0463,5.708,5.0,28.20659,48.8439,2.3533363,307.0968,NaN,,44.303226,,0 / 17,2503,2022-01-10 17:04:35:032
-0.556032,3.021238,14.379667,-0.852677,4.761284,8.530739,-1.009877,-2.899761,6.355399,4.362529,1.728074,2.96947,70.0,31.05,5.7,-17.025,297.1553,-29.0463,5.708,5.0,28.20659,48.8439,2.3533363,307.0968,NaN,,44.303226,,0 / 17,2508,2022-01-10 17:04:35:037
-0.556032,3.021238,14.379667,-0.852677,4.761284,8.530739,-1.009877,-2.899761,6.355399,4.362529,1.728074,2.96947,70.0,31.05,5.7,-17.025,297.1553,-29.0463,5.708,5.0,28.20659,48.8439,2.3533363,307.0968,NaN,,44.303226,,0 / 17,2513,2022-01-10 17:04:35:042
3.680161,3.652644,2.021337,-0.016051,9.583526,2.079944,-1.009877,-2.899761,6.355399,4.362529,1.728074,2.96947,77.0,31.05,5.7,-17.025,297.1553,-29.0463,5.708,5.0,28.20659,48.8439,2.3533363,307.0968,NaN,,44.303226,,0 / 17,2518,2022-01-10 17:04:35:047
3.680161,3.652644,2.021337,-0.016051,9.583526,2.079944,-1.336819,-7.118682,10.121851,4.362529,1.728074,2.96947,77.0,31.05,5.7,-17.025,297.1553,-29.0463,5.708,5.0,28.20659,48.8439,2.3533363,307.0968,NaN,,44.303226,,0 / 17,2522,2022-01-10 17:04:35:051
3.680161,3.652644,2.021337,-0.016051,9.583526,2.079944,-1.336819,-7.118682,10.121851,4.362529,1.728074,2.96947,77.0,31.05,5.7,-17.025,297.1553,-29.0463,5.708,5.0,28.20659,48.8439,2.3533363,307.0968,NaN,,44.303226,,0 / 17,2527,2022-01-10 17:04:35:056
3.680161,3.652644,2.021337,-0.016051,9.583526,2.079944,-1.336819,-7.118682,10.121851,4.362529,1.728074,2.96947,77.0,31.05,5.7,-17.025,297.1553,-29.0463,5.708,5.0,28.20659,48.8439,2.3533363,307.0968,NaN,,44.303226,,0 / 17,2533,2022-01-10 17:04:35:062
3.680161,3.652644,2.021337,-0.016051,9.583526,2.079944,-1.336819,-7.118682,10.121851,4.362529,1.728074,2.96947,77.0,31.05,5.7,-17.025,297.1553,-29.0463,5.708,5.0,28.20659,48.8439,2.3533363,307.0968,NaN,,44.303226,,0 / 17,2537,2022-01-10 17:04:35:066
3.680161,3.652644,2.021337,-0.016051,9.583526,2.079944,-1.336819,-7.118682,10.121851,4.362529,1.728074,2.96947,77.0,24.6,-14.175,-15.525,297.1553,-29.0463,5.708,5.0,28.20659,48.8439,2.3533363,307.0968,NaN,,44.303226,,0 / 17,2543,2022-01-10 17:04:35:072
3.680161,3.652644,2.021337,-0.016051,9.583526,2.079944,-1.336819,-7.118682,10.121851,4.362529,1.728074,2.96947,77.0,24.6,-14.175,-15.525,297.1553,-29.0463,5.708,5.0,28.20659,48.8439,2.3533363,307.0968,NaN,,44.303226,,0 / 17,2547,2022-01-10 17:04:35:076
3.680161,3.652644,2.021337,-0.016051,9.583526,2.079944,-1.336819,-7.118682,10.121851,4.362529,1.728074,2.96947,77.0,24.6,-14.175,-15.525,297.1553,-29.0463,5.708,5.0,28.20659,48.8439,2.3533363,307.0968,NaN,,44.303226,,0 / 17,2553,2022-01-10 17:04:35:082
3.680161,3.652644,2.021337,-0.016051,9.583526,2.079944,-1.336819,-7.118682,10.121851,4.362529,1.728074,2.96947,77.0,24.6,-14.175,-15.525,297.1553,-29.0463,5.708,5.0,26.65132,48.8439,2.3533363,307.0968,NaN,,44.303226,,0 / 17,2557,2022-01-10 17:04:35:086
3.680161,3.652644,2.021337,-0.016051,9.583526,2.079944,-1.336819,-7.118682,10.121851,4.362529,1.728074,2.96947,77.0,24.6,-14.175,-15.525,297.1553,-29.0463,5.708,5.0,26.65132,48.8439,2.3533363,307.0968,NaN,,44.303226,,0 / 17,2562,2022-01-10 17:04:35:091
3.680161,3.652644,2.021337,-0.016051,9.583526,2.079944,-1.336819,-7.118682,10.121851,4.362529,1.728074,2.96947,77.0,24.6,-14.175,-15.525,297.1553,-29.0463,5.708,5.0,26.65132,48.8439,2.3533363,307.0968,NaN,,44.303226,,0 / 17,2567,2022-01-10 17:04:35:096
3.680161,3.652644,2.021337,-0.016051,9.583526,2.079944,-1.336819,-7.118682,10.121851,4.362529,1.728074,2.96947,77.0,24.6,-14.175,-15.525,297.1553,-29.0463,5.708,5.0,26.65132,48.8439,2.3533363,307.0968,NaN,,44.303226,,0 / 17,2573,2022-01-10 17:04:35:102
3.680161,3.652644,2.021337,-0.016051,9.583526,2.079944,-1.336819,-7.118682,10.121851,8.298831,3.127658,2.88585,77.0,24.6,-14.175,-15.525,297.1553,-29.0463,5.708,5.0,26.65132,48.8439,2.3533363,307.0968,NaN,,44.303226,,0 / 17,2577,2022-01-10 17:04:35:106
3.680161,3.652644,2.021337,-0.016051,9.583526,2.079944,-1.336819,-7.118682,10.121851,8.298831,3.127658,2.88585,77.0,24.6,-14.175,-15.525,297.1553,-29.0463,5.708,5.0,26.65132,48.8439,2.3533363,307.0968,NaN,,44.303226,,0 / 17,2583,2022-01-10 17:04:35:112
3.680161,3.652644,2.021337,-0.016051,9.583526,2.079944,-1.336819,-7.118682,10.121851,8.298831,3.127658,2.88585,77.0,24.6,-14.175,-15.525,297.1553,-29.0463,5.708,5.0,26.65132,48.8439,2.3533363,307.0968,NaN,,44.303226,,0 / 17,2588,2022-01-10 17:04:35:117
3.680161,3.652644,2.021337,-0.016051,9.583526,2.079944,-1.336819,-7.118682,10.121851,8.298831,3.127658,2.88585,77.0,24.6,-14.175,-15.525,297.1553,-29.0463,5.708,5.0,26.65132,48.8439,2.3533363,307.0968,NaN,,44.303226,,0 / 17,2592,2022-01-10 17:04:35:121
3.680161,3.652644,2.021337,-0.016051,9.583526,2.079944,-1.336819,-7.118682,10.121851,8.298831,3.127658,2.88585,77.0,24.6,-14.175,-15.525,297.1553,-29.0463,5.708,5.0,26.65132,48.8439,2.3533363,307.0968,NaN,,44.303226,,0 / 17,2598,2022-01-10 17:04:35:127
3.680161,3.652644,2.021337,-0.016051,9.583526,2.079944,-1.336819,-7.118682,10.121851,8.298831,3.127658,2.88585,77.0,24.6,-14.175,-15.525,297.1553,-29.0463,5.708,5.0,26.65132,48.8439,2.3533363,307.0968,NaN,,44.303226,,0 / 17,2602,2022-01-10 17:04:35:131
3.680161,3.652644,2.021337,-0.016051,9.583526,2.079944,-1.336819,-7.118682,10.121851,8.298831,3.127658,2.88585,77.0,24.6,-14.175,-15.525,297.1553,-29.0463,5.708,5.0,26.65132,48.8439,2.3533363,307.0968,NaN,,44.303226,,0 / 17,2608,2022-01-10 17:04:35:137
3.680161,3.652644,2.021337,-0.016051,9.583526,2.079944,-1.336819,-7.118682,10.121851,8.298831,3.127658,2.88585,77.0,24.6,-14.175,-15.525,297.1553,-29.0463,5.708,5.0,26.65132,48.8439,2.3533363,307.0968,NaN,,44.303226,,0 / 17,2613,2022-01-10 17:04:35:142
3.680161,3.652644,2.021337,-0.016051,9.583526,2.079944,-1.336819,-7.118682,10.121851,8.298831,3.127658,2.88585,77.0,24.6,-14.175,-15.525,297.1553,-29.0463,5.708,5.0,26.65132,48.8439,2.3533363,307.0968,NaN,,44.303226,,0 / 17,2618,2022-01-10 17:04:35:147
3.680161,3.652644,2.021337,-0.016051,9.583526,2.079944,-1.336819,-7.118682,10.121851,8.298831,3.127658,2.88585,77.0,24.6,-14.175,-15.525,297.1553,-29.0463,5.708,5.0,26.65132,48.8439,2.3533363,307.0968,NaN,,44.303226,,0 / 17,2623,2022-01-10 17:04:35:152
3.680161,3.652644,2.021337,-0.016051,9.583526,2.079944,-1.336819,-7.118682,10.121851,8.298831,3.127658,2.88585,77.0,24.6,-14.175,-15.525,297.1553,-29.0463,5.708,5.0,26.65132,48.8439,2.3533363,307.0968,NaN,,44.303226,,0 / 17,2627,2022-01-10 17:04:35:156
5.736792,1.621137,-3.398406,-0.016051,9.583526,2.079944,-1.336819,-7.118682,10.121851,8.298831,3.127658,2.88585,77.0,24.6,-14.175,-15.525,297.1553,-29.0463,5.708,5.0,26.65132,48.8439,2.3533363,307.0968,NaN,,44.303226,,0 / 17,2632,2022-01-10 17:04:35:161
5.736792,1.621137,-3.398406,-0.016051,9.583526,2.079944,-1.336819,-7.118682,10.121851,8.298831,3.127658,2.88585,77.0,24.6,-14.175,-15.525,297.1553,-29.0463,5.708,5.0,26.65132,48.8439,2.3533363,307.0968,NaN,,44.303226,,0 / 17,2638,2022-01-10 17:04:35:167
5.736792,1.621137,-3.398406,1.957841,6.688845,-6.899029,4.591692,-3.065718,8.703552,8.298831,3.127658,2.88585,77.0,24.6,-14.175,-15.525,297.1553,-29.0463,5.708,5.0,26.65132,48.8439,2.3533363,307.0968,NaN,,44.303226,,0 / 17,2643,2022-01-10 17:04:35:172
5.736792,1.621137,-3.398406,1.957841,6.688845,-6.899029,4.591692,-3.065718,8.703552,8.298831,3.127658,2.88585,77.0,24.6,-14.175,-15.525,297.1553,-29.0463,5.708,5.0,26.65132,48.8439,2.3533363,307.0968,NaN,,44.303226,,0 / 17,2647,2022-01-10 17:04:35:176
5.736792,1.621137,-3.398406,1.957841,6.688845,-6.899029,4.591692,-3.065718,8.703552,8.298831,3.127658,2.88585,77.0,24.6,-14.175,-15.525,297.1553,-29.0463,5.708,5.0,26.65132,48.8439,2.3533363,307.0968,NaN,,44.303226,,0 / 17,2653,2022-01-10 17:04:35:182
5.736792,1.621137,-3.398406,1.957841,6.688845,-6.899029,4.591692,-3.065718,8.703552,8.298831,3.127658,2.88585,77.0,24.6,-14.175,-15.525,297.1553,-29.0463,5.708,5.0,26.65132,48.8439,2.3533363,307.0968,NaN,,44.303226,,0 / 17,2657,2022-01-10 17:04:35:186
5.736792,1.621137,-3.398406,1.957841,6.688845,-6.899029,4.591692,-3.065718,8.703552,8.298831,3.127658,2.88585,77.0,24.6,-14.175,-15.525,297.1553,-29.0463,5.708,5.0,26.65132,48.8439,2.3533363,307.0968,NaN,,44.303226,,0 / 17,2662,2022-01-10 17:04:35:191
5.736792,1.621137,-3.398406,1.957841,6.688845,-6.899029,4.591692,-3.065718,8.703552,8.298831,3.127658,2.88585,77.0,24.6,-14.175,-15.525,297.1553,-29.0463,5.708,5.0,26.65132,48.8439,2.3533363,307.0968,NaN,,44.303226,,0 / 17,2668,2022-01-10 17:04:35:197
5.736792,1.621137,-3.398406,1.957841,6.688845,-6.899029,4.591692,-3.065718,8.703552,8.298831,3.127658,2.88585,77.0,24.6,-14.175,-15.525,297.1553,-29.0463,5.708,5.0,26.65132,48.8439,2.3533363,307.0968,NaN,,44.303226,,0 / 17,2673,2022-01-10 17:04:35:202
5.736792,1.621137,-3.398406,1.957841,6.688845,-6.899029,4.591692,-3.065718,8.703552,8.298831,3.127658,2.88585,77.0,24.6,-14.175,-15.525,297.1553,-29.0463,5.708,5.0,26.65132,48.8439,2.3533363,307.0968,NaN,,44.303226,,0 / 17,2678,2022-01-10 17:04:35:207
5.736792,1.621137,-3.398406,1.957841,6.688845,-6.899029,4.591692,-3.065718,8.703552,8.298831,3.127658,2.88585,77.0,24.6,-14.175,-15.525,297.1553,-29.0463,5.708,5.0,26.65132,48.8439,2.3533363,307.0968,NaN,,44.303226,,0 / 17,2682,2022-01-10 17:04:35:211
5.736792,1.621137,-3.398406,1.957841,6.688845,-6.899029,4.591692,-3.065718,8.703552,8.298831,3.127658,2.88585,77.0,24.6,-14.175,-15.525,297.1553,-29.0463,5.708,5.0,26.65132,48.8439,2.3533363,307.0968,NaN,,44.303226,,0 / 17,2687,2022-01-10 17:04:35:216
5.736792,1.621137,-3.398406,1.957841,6.688845,-6.899029,4.591692,-3.065718,8.703552,8.298831,3.127658,2.88585,7.0,16.65,-21.825,-3.45,143.795,-43.0058,-164.1568,5.0,26.65132,48.8439,2.3533363,307.0968,NaN,,44.303226,,0 / 17,2692,2022-01-10 17:04:35:221
5.736792,1.621137,-3.398406,1.957841,6.688845,-6.899029,4.591692,-3.065718,8.703552,7.630265,-2.956155,-3.955743,7.0,16.65,-21.825,-3.45,143.795,-43.0058,-164.1568,5.0,26.65132,48.8439,2.3533363,307.0968,NaN,,44.303226,,0 / 17,2697,2022-01-10 17:04:35:226
5.736792,1.621137,-3.398406,1.957841,6.688845,-6.899029,4.591692,-3.065718,8.703552,7.630265,-2.956155,-3.955743,7.0,16.65,-21.825,-3.45,143.795,-43.0058,-164.1568,5.0,26.65132,48.8439,2.3533363,307.0968,NaN,,44.303226,,0 / 17,2703,2022-01-10 17:04:35:232
5.736792,1.621137,-3.398406,1.957841,6.688845,-6.899029,4.591692,-3.065718,8.703552,7.630265,-2.956155,-3.955743,7.0,16.65,-21.825,-3.45,143.795,-43.0058,-164.1568,5.0,26.65132,48.8439,2.3533363,307.0968,NaN,,44.303226,,0 / 17,2707,2022-01-10 17:04:35:236
5.736792,1.621137,-3.398406,1.957841,6.688845,-6.899029,4.591692,-3.065718,8.703552,7.630265,-2.956155,-3.955743,7.0,16.65,-21.825,-3.45,143.795,-43.0058,-164.1568,5.0,26.65132,48.8439,2.3533363,307.0968,NaN,,44.303226,,0 / 17,2713,2022-01-10 17:04:35:242
5.736792,1.621137,-3.398406,1.957841,6.688845,-6.899029,4.591692,-3.065718,8.703552,7.630265,-2.956155,-3.955743,7.0,16.65,-21.825,-3.45,143.795,-43.0058,-164.1568,5.0,26.65132,48.8439,2.3533363,307.0968,NaN,,44.303226,,0 / 17,2718,2022-01-10 17:04:35:247
5.736792,1.621137,-3.398406,1.957841,6.688845,-6.899029,4.591692,-3.065718,8.703552,7.630265,-2.956155,-3.955743,7.0,16.65,-21.825,-3.45,143.795,-43.0058,-164.1568,5.0,26.65132,48.8439,2.3533363,307.0968,NaN,,44.303226,,0 / 17,2722,2022-01-10 17:04:35:251
5.736792,1.621137,-3.398406,1.957841,6.688845,-6.899029,4.591692,-3.065718,8.703552,7.630265,-2.956155,-3.955743,7.0,16.65,-21.825,-3.45,143.795,-43.0058,-164.1568,5.0,26.65132,48.8439,2.3533363,307.0968,NaN,,44.303226,,0 / 17,2728,2022-01-10 17:04:35:257
5.736792,1.621137,-3.398406,1.957841,6.688845,-6.899029,4.591692,-3.065718,8.703552,7.630265,-2.956155,-3.955743,7.0,16.65,-21.825,-3.45,143.795,-43.0058,-164.1568,5.0,26.65132,48.8439,2.3533363,307.0968,NaN,,44.303226,,0 / 17,2733,2022-01-10 17:04:35:262
5.736792,1.621137,-3.398406,1.957841,6.688845,-6.899029,4.591692,-3.065718,8.703552,7.630265,-2.956155,-3.955743,7.0,16.65,-21.825,-3.45,143.795,-43.0058,-164.1568,5.0,26.65132,48.8439,2.3533363,307.0968,NaN,,44.303226,,0 / 17,2737,2022-01-10 17:04:35:266
5.736792,1.621137,-3.398406,1.957841,6.688845,-6.899029,4.591692,-3.065718,8.703552,7.630265,-2.956155,-3.955743,7.0,16.65,-21.825,-3.45,143.795,-43.0058,-164.1568,5.0,26.65132,48.8439,2.3533363,307.0968,NaN,,44.303226,,0 / 17,2743,2022-01-10 17:04:35:272
-0.981356,-6.261119,-8.866006,1.957841,6.688845,-6.899029,4.591692,-3.065718,8.703552,7.630265,-2.956155,-3.955743,7.0,16.65,-21.825,-3.45,143.795,-43.0058,-164.1568,5.0,26.65132,48.8439,2.3533363,307.0968,NaN,,44.303226,,0 / 17,2751,2022-01-10 17:04:35:280
-0.981356,-6.261119,-8.866006,1.957841,6.688845,-6.899029,4.591692,-3.065718,8.703552,7.630265,-2.956155,-3.955743,7.0,16.65,-21.825,-3.45,143.795,-43.0058,-164.1568,5.0,26.65132,48.8439,2.3533363,307.0968,NaN,,44.303226,,0 / 17,2753,2022-01-10 17:04:35:282
-0.981356,-6.261119,-8.866006,-1.702709,-1.728575,-9.501747,2.996771,-3.290614,2.211444,7.630265,-2.956155,-3.955743,7.0,16.65,-21.825,-3.45,143.795,-43.0058,-164.1568,5.0,26.65132,48.8439,2.3533363,307.0968,NaN,,44.303226,,0 / 17,2757,2022-01-10 17:04:35:286
-0.981356,-6.261119,-8.866006,-1.702709,-1.728575,-9.501747,2.996771,-3.290614,2.211444,7.630265,-2.956155,-3.955743,7.0,16.65,-21.825,-3.45,143.795,-43.0058,-164.1568,5.0,26.65132,48.8439,2.3533363,307.0968,NaN,,44.303226,,0 / 17,2763,2022-01-10 17:04:35:292
-0.981356,-6.261119,-8.866006,-1.702709,-1.728575,-9.501747,2.996771,-3.290614,2.211444,7.630265,-2.956155,-3.955743,7.0,16.65,-21.825,-3.45,143.795,-43.0058,-164.1568,5.0,26.65132,48.8439,2.3533363,307.0968,NaN,,44.303226,,0 / 17,2768,2022-01-10 17:04:35:297
-0.981356,-6.261119,-8.866006,-1.702709,-1.728575,-9.501747,2.996771,-3.290614,2.211444,7.630265,-2.956155,-3.955743,7.0,16.65,-21.825,-3.45,143.795,-43.0058,-164.1568,5.0,26.65132,48.8439,2.3533363,307.0968,NaN,,44.303226,,0 / 17,2773,2022-01-10 17:04:35:302
-0.981356,-6.261119,-8.866006,-1.702709,-1.728575,-9.501747,2.996771,-3.290614,2.211444,7.630265,-2.956155,-3.955743,7.0,16.65,-21.825,-3.45,143.795,-43.0058,-164.1568,5.0,26.65132,48.8439,2.3533363,307.0968,NaN,,44.303226,,0 / 17,2777,2022-01-10 17:04:35:306
-0.981356,-6.261119,-8.866006,-1.702709,-1.728575,-9.501747,2.996771,-3.290614,2.211444,7.630265,-2.956155,-3.955743,7.0,16.65,-21.825,-3.45,143.795,-43.0058,-164.1568,5.0,26.65132,48.8439,2.3533363,307.0968,NaN,,44.303226,,0 / 17,2784,2022-01-10 17:04:35:313
-0.981356,-6.261119,-8.866006,-1.702709,-1.728575,-9.501747,2.996771,-3.290614,2.211444,7.630265,-2.956155,-3.955743,7.0,16.65,-21.825,-3.45,143.795,-43.0058,-164.1568,5.0,26.65132,48.8439,2.3533363,307.0968,NaN,,44.303226,,0 / 17,2787,2022-01-10 17:04:35:316
-0.981356,-6.261119,-8.866006,-1.702709,-1.728575,-9.501747,2.996771,-3.290614,2.211444,7.630265,-2.956155,-3.955743,7.0,16.65,-21.825,-3.45,143.795,-43.0058,-164.1568,5.0,26.65132,48.8439,2.3533363,307.0968,NaN,,44.303226,,0 / 17,2792,2022-01-10 17:04:35:321
-0.981356,-6.261119,-8.866006,-1.702709,-1.728575,-9.501747,2.996771,-3.290614,2.211444,7.630265,-2.956155,-3.955743,7.0,16.65,-21.825,-3.45,143.795,-43.0058,-164.1568,5.0,26.65132,48.8439,2.3533363,307.0968,NaN,,44.303226,,0 / 17,2797,2022-01-10 17:04:35:326
-0.981356,-6.261119,-8.866006,-1.702709,-1.728575,-9.501747,2.996771,-3.290614,2.211444,7.630265,-2.956155,-3.955743,7.0,16.65,-21.825,-3.45,143.795,-43.0058,-164.1568,5.0,26.65132,48.8439,2.3533363,307.0968,NaN,,44.303226,,0 / 17,2802,2022-01-10 17:04:35:331
-0.981356,-6.261119,-8.866006,-1.702709,-1.728575,-9.501747,2.996771,-3.290614,2.211444,7.630265,-2.956155,-3.955743,7.0,16.65,-21.825,-3.45,143.795,-43.0058,-164.1568,5.0,26.65132,48.8439,2.3533363,307.0968,NaN,,44.303226,,0 / 17,2808,2022-01-10 17:04:35:337
-0.981356,-6.261119,-8.866006,-1.702709,-1.728575,-9.501747,2.996771,-3.290614,2.211444,7.630265,-2.956155,-3.955743,7.0,16.65,-21.825,-3.45,143.795,-43.0058,-164.1568,5.0,26.65132,48.8439,2.3533363,307.0968,NaN,,44.303226,,0 / 17,2812,2022-01-10 17:04:35:341
-0.981356,-6.261119,-8.866006,-1.702709,-1.728575,-9.501747,2.996771,-3.290614,2.211444,7.630265,-2.956155,-3.955743,7.0,16.65,-21.825,-3.45,143.795,-43.0058,-164.1568,5.0,26.65132,48.8439,2.3533363,307.0968,NaN,,44.303226,,0 / 17,2818,2022-01-10 17:04:35:347
-0.981356,-6.261119,-8.866006,-1.702709,-1.728575,-9.501747,2.996771,-3.290614,2.211444,7.630265,-2.956155,-3.955743,7.0,16.65,-21.825,-3.45,143.795,-43.0058,-164.1568,5.0,26.65132,48.8439,2.3533363,307.0968,NaN,,44.303226,,0 / 17,2822,2022-01-10 17:04:35:351
-0.981356,-6.261119,-8.866006,-1.702709,-1.728575,-9.501747,2.996771,-3.290614,2.211444,7.630265,-2.956155,-3.955743,7.0,16.65,-21.825,-3.45,143.795,-43.0058,-164.1568,5.0,26.65132,48.8439,2.3533363,307.0968,NaN,,44.303226,,0 / 17,2828,2022-01-10 17:04:35:357
-0.981356,-6.261119,-8.866006,-1.702709,-1.728575,-9.501747,2.996771,-3.290614,2.211444,2.336722,-6.184876,-0.728486,7.0,16.65,-21.825,-3.45,143.795,-43.0058,-164.1568,5.0,26.65132,48.8439,2.3533363,307.0968,NaN,,44.303226,,0 / 17,2834,2022-01-10 17:04:35:363
-0.981356,-6.261119,-8.866006,-1.702709,-1.728575,-9.501747,2.996771,-3.290614,2.211444,2.336722,-6.184876,-0.728486,7.0,16.65,-21.825,-3.45,143.795,-43.0058,-164.1568,5.0,26.65132,48.8439,2.3533363,307.0968,NaN,,44.303226,,0 / 17,2838,2022-01-10 17:04:35:367
-0.981356,-6.261119,-8.866006,-1.702709,-1.728575,-9.501747,2.996771,-3.290614,2.211444,2.336722,-6.184876,-0.728486,7.0,16.65,-21.825,-3.45,143.795,-43.0058,-164.1568,5.0,26.65132,48.8439,2.3533363,307.0968,NaN,,44.303226,,0 / 17,2842,2022-01-10 17:04:35:371
-0.981356,-6.261119,-8.866006,-1.702709,-1.728575,-9.501747,2.996771,-3.290614,2.211444,2.336722,-6.184876,-0.728486,7.0,12.15,-12.975,11.925,147.5566,10.1523,169.8405,5.0,26.65132,48.8439,2.3533363,307.0968,NaN,,44.303226,,0 / 17,2848,2022-01-10 17:04:35:377
-0.981356,-6.261119,-8.866006,-1.702709,-1.728575,-9.501747,2.996771,-3.290614,2.211444,2.336722,-6.184876,-0.728486,7.0,12.15,-12.975,11.925,147.5566,10.1523,169.8405,5.0,26.65132,48.8439,2.3533363,307.0968,NaN,,44.303226,,0 / 17,2854,2022-01-10 17:04:35:383
-0.981356,-6.261119,-8.866006,-1.702709,-1.728575,-9.501747,2.996771,-3.290614,2.211444,2.336722,-6.184876,-0.728486,7.0,12.15,-12.975,11.925,147.5566,10.1523,169.8405,5.0,26.65132,48.8439,2.3533363,307.0968,NaN,,44.303226,,0 / 17,2857,2022-01-10 17:04:35:386
-0.981356,-6.261119,-8.866006,-1.702709,-1.728575,-9.501747,2.996771,-3.290614,2.211444,2.336722,-6.184876,-0.728486,7.0,12.15,-12.975,11.925,147.5566,10.1523,169.8405,5.0,26.65132,48.8439,2.3533363,307.0968,NaN,,44.303226,,0 / 17,2862,2022-01-10 17:04:35:391
-0.981356,-6.261119,-8.866006,-1.702709,-1.728575,-9.501747,2.996771,-3.290614,2.211444,2.336722,-6.184876,-0.728486,7.0,12.15,-12.975,11.925,147.5566,10.1523,169.8405,5.0,26.65132,48.8439,2.3533363,307.0968,NaN,,44.303226,,0 / 17,2867,2022-01-10 17:04:35:396
-12.345469,-2.750549,-3.550351,-1.702709,-1.728575,-9.501747,2.996771,-3.290614,2.211444,2.336722,-6.184876,-0.728486,5.0,12.15,-12.975,11.925,147.5566,10.1523,169.8405,5.0,26.65132,48.8439,2.3533363,307.0968,NaN,,44.303226,,0 / 17,2872,2022-01-10 17:04:35:401
-12.345469,-2.750549,-3.550351,-1.702709,-1.728575,-9.501747,2.996771,-3.290614,2.211444,2.336722,-6.184876,-0.728486,5.0,12.15,-12.975,11.925,147.5566,10.1523,169.8405,5.0,26.65132,48.8439,2.3533363,307.0968,NaN,,44.303226,,0 / 17,2878,2022-01-10 17:04:35:407
-12.345469,-2.750549,-3.550351,-1.702709,-1.728575,-9.501747,2.996771,-3.290614,2.211444,2.336722,-6.184876,-0.728486,5.0,12.15,-12.975,11.925,147.5566,10.1523,169.8405,5.0,30.20464,48.8439,2.3533363,307.0968,NaN,,44.303226,,0 / 17,2883,2022-01-10 17:04:35:412
-12.345469,-2.750549,-3.550351,-1.702709,-1.728575,-9.501747,2.996771,-3.290614,2.211444,2.336722,-6.184876,-0.728486,5.0,12.15,-12.975,11.925,147.5566,10.1523,169.8405,5.0,30.20464,48.8439,2.3533363,307.0968,NaN,,44.303226,,0 / 17,2888,2022-01-10 17:04:35:417
-12.345469,-2.750549,-3.550351,-7.266855,-4.232752,-5.044502,-1.560016,0.565475,-6.843398,2.336722,-6.184876,-0.728486,5.0,12.15,-12.975,11.925,147.5566,10.1523,169.8405,5.0,30.20464,48.8439,2.3533363,307.0968,NaN,,44.303226,,0 / 17,2892,2022-01-10 17:04:35:421
-12.345469,-2.750549,-3.550351,-7.266855,-4.232752,-5.044502,-1.560016,0.565475,-6.843398,2.336722,-6.184876,-0.728486,5.0,12.15,-12.975,11.925,147.5566,10.1523,169.8405,5.0,30.20464,48.8439,2.3533363,307.0968,NaN,,44.303226,,0 / 17,2897,2022-01-10 17:04:35:426
-12.345469,-2.750549,-3.550351,-7.266855,-4.232752,-5.044502,-1.560016,0.565475,-6.843398,2.336722,-6.184876,-0.728486,5.0,12.15,-12.975,11.925,147.5566,10.1523,169.8405,5.0,30.20464,48.8439,2.3533363,307.0968,NaN,,44.303226,,0 / 17,2903,2022-01-10 17:04:35:432
-12.345469,-2.750549,-3.550351,-7.266855,-4.232752,-5.044502,-1.560016,0.565475,-6.843398,2.336722,-6.184876,-0.728486,5.0,12.15,-12.975,11.925,147.5566,10.1523,169.8405,5.0,30.20464,48.8439,2.3533363,307.0968,NaN,,44.303226,,0 / 17,2909,2022-01-10 17:04:35:438
-12.345469,-2.750549,-3.550351,-7.266855,-4.232752,-5.044502,-1.560016,0.565475,-6.843398,2.336722,-6.184876,-0.728486,5.0,12.15,-12.975,11.925,147.5566,10.1523,169.8405,5.0,30.20464,48.8439,2.3533363,307.0968,NaN,,44.303226,,0 / 17,2913,2022-01-10 17:04:35:442
-12.345469,-2.750549,-3.550351,-7.266855,-4.232752,-5.044502,-1.560016,0.565475,-6.843398,2.336722,-6.184876,-0.728486,5.0,12.15,-12.975,11.925,147.5566,10.1523,169.8405,5.0,30.20464,48.8439,2.3533363,307.0968,NaN,,44.303226,,0 / 17,2918,2022-01-10 17:04:35:447
-12.345469,-2.750549,-3.550351,-7.266855,-4.232752,-5.044502,-1.560016,0.565475,-6.843398,2.336722,-6.184876,-0.728486,5.0,12.15,-12.975,11.925,147.5566,10.1523,169.8405,5.0,30.20464,48.8439,2.3533363,307.0968,NaN,,44.303226,,0 / 17,2922,2022-01-10 17:04:35:451
-12.345469,-2.750549,-3.550351,-7.266855,-4.232752,-5.044502,-1.560016,0.565475,-6.843398,2.336722,-6.184876,-0.728486,5.0,12.15,-12.975,11.925,147.5566,10.1523,169.8405,5.0,30.20464,48.8439,2.3533363,307.0968,NaN,,44.303226,,0 / 17,2928,2022-01-10 17:04:35:457
-12.345469,-2.750549,-3.550351,-7.266855,-4.232752,-5.044502,-1.560016,0.565475,-6.843398,2.336722,-6.184876,-0.728486,5.0,12.15,-12.975,11.925,147.5566,10.1523,169.8405,5.0,30.20464,48.8439,2.3533363,307.0968,NaN,,44.303226,,0 / 17,2933,2022-01-10 17:04:35:462
-12.345469,-2.750549,-3.550351,-7.266855,-4.232752,-5.044502,-1.560016,0.565475,-6.843398,2.336722,-6.184876,-0.728486,5.0,12.15,-12.975,11.925,147.5566,10.1523,169.8405,5.0,30.20464,48.8439,2.3533363,307.0968,NaN,,44.303226,,0 / 17,2938,2022-01-10 17:04:35:467
-12.345469,-2.750549,-3.550351,-7.266855,-4.232752,-5.044502,-1.560016,0.565475,-6.843398,2.336722,-6.184876,-0.728486,5.0,12.15,-12.975,11.925,147.5566,10.1523,169.8405,5.0,30.20464,48.8439,2.3533363,307.0968,NaN,,44.303226,,0 / 17,2943,2022-01-10 17:04:35:472
-12.345469,-2.750549,-3.550351,-7.266855,-4.232752,-5.044502,-1.560016,0.565475,-6.843398,2.336722,-6.184876,-0.728486,5.0,12.15,-12.975,11.925,147.5566,10.1523,169.8405,5.0,30.20464,48.8439,2.3533363,307.0968,NaN,,44.303226,,0 / 17,2949,2022-01-10 17:04:35:478
-12.345469,-2.750549,-3.550351,-7.266855,-4.232752,-5.044502,-1.560016,0.565475,-6.843398,2.336722,-6.184876,-0.728486,5.0,12.15,-12.975,11.925,147.5566,10.1523,169.8405,5.0,30.20464,48.8439,2.3533363,307.0968,NaN,,44.303226,,0 / 17,2953,2022-01-10 17:04:35:482
-14.071293,-1.514358,-3.549154,-7.266855,-4.232752,-5.044502,-1.560016,0.565475,-6.843398,2.336722,-6.184876,-0.728486,5.0,12.15,-12.975,11.925,147.5566,10.1523,169.8405,5.0,30.20464,48.8439,2.3533363,307.0968,NaN,,44.303226,,0 / 17,2958,2022-01-10 17:04:35:487
-14.071293,-1.514358,-3.549154,-7.266855,-4.232752,-5.044502,-1.560016,0.565475,-6.843398,2.336722,-6.184876,-0.728486,5.0,12.15,-12.975,11.925,147.5566,10.1523,169.8405,5.0,30.20464,48.8439,2.3533363,307.0968,NaN,,44.303226,,0 / 17,2963,2022-01-10 17:04:35:492
-14.071293,-1.514358,-3.549154,-7.266855,-4.232752,-5.044502,-1.560016,0.565475,-6.843398,-1.448184,-7.094452,6.116169,5.0,12.15,-12.975,11.925,147.5566,10.1523,169.8405,5.0,30.20464,48.8439,2.3533363,307.0968,NaN,,44.303226,,0 / 17,2970,2022-01-10 17:04:35:499
-14.071293,-1.514358,-3.549154,-7.266855,-4.232752,-5.044502,-1.560016,0.565475,-6.843398,-1.448184,-7.094452,6.116169,5.0,12.15,-12.975,11.925,147.5566,10.1523,169.8405,5.0,30.20464,48.8439,2.3533363,307.0968,NaN,,44.303226,,0 / 17,2972,2022-01-10 17:04:35:501
-14.071293,-1.514358,-3.549154,-7.266855,-4.232752,-5.044502,-1.560016,0.565475,-6.843398,-1.448184,-7.094452,6.116169,5.0,12.15,-12.975,11.925,147.5566,10.1523,169.8405,5.0,30.20464,48.8439,2.3533363,307.0968,NaN,,44.303226,,0 / 17,2977,2022-01-10 17:04:35:506
-14.071293,-1.514358,-3.549154,-7.266855,-4.232752,-5.044502,-1.560016,0.565475,-6.843398,-1.448184,-7.094452,6.116169,5.0,12.15,-12.975,11.925,147.5566,10.1523,169.8405,5.0,30.20464,48.8439,2.3533363,307.0968,NaN,,44.303226,,0 / 17,2983,2022-01-10 17:04:35:512
-14.071293,-1.514358,-3.549154,-7.266855,-4.232752,-5.044502,-1.560016,0.565475,-6.843398,-1.448184,-7.094452,6.116169,5.0,12.15,-12.975,11.925,147.5566,10.1523,169.8405,5.0,30.20464,48.8439,2.3533363,307.0968,NaN,,44.303226,,0 / 17,2988,2022-01-10 17:04:35:517
-14.071293,-1.514358,-3.549154,-7.266855,-4.232752,-5.044502,-1.560016,0.565475,-6.843398,-1.448184,-7.094452,6.116169,5.0,12.15,-12.975,11.925,147.5566,10.1523,169.8405,5.0,30.20464,48.8439,2.3533363,307.0968,NaN,,44.303226,,0 / 17,2992,2022-01-10 17:04:35:521
-14.071293,-1.514358,-3.549154,-7.266855,-4.232752,-5.044502,-1.560016,0.565475,-6.843398,-1.448184,-7.094452,6.116169,5.0,12.15,-12.975,11.925,147.5566,10.1523,169.8405,5.0,30.20464,48.8439,2.3533363,307.0968,NaN,,44.303226,,0 / 17,2997,2022-01-10 17:04:35:526
-14.071293,-1.514358,-3.549154,-7.266855,-4.232752,-5.044502,-1.560016,0.565475,-6.843398,-1.448184,-7.094452,6.116169,5.0,12.15,-12.975,11.925,147.5566,10.1523,169.8405,5.0,30.20464,48.8439,2.3533363,307.0968,NaN,,44.303226,,0 / 17,3003,2022-01-10 17:04:35:532
-14.071293,-1.514358,-3.549154,-9.286644,2.138977,2.313743,-6.186561,-3.77863,-7.83362,-1.448184,-7.094452,6.116169,5.0,12.15,-12.975,11.925,147.5566,10.1523,169.8405,5.0,30.20464,48.8439,2.3533363,307.0968,NaN,,44.303226,,0 / 17,3011,2022-01-10 17:04:35:540
-14.071293,-1.514358,-3.549154,-9.286644,2.138977,2.313743,-6.186561,-3.77863,-7.83362,-1.448184,-7.094452,6.116169,5.0,12.15,-12.975,11.925,147.5566,10.1523,169.8405,5.0,30.20464,48.8439,2.3533363,307.0968,NaN,,44.303226,,0 / 17,3012,2022-01-10 17:04:35:541
-14.071293,-1.514358,-3.549154,-9.286644,2.138977,2.313743,-6.186561,-3.77863,-7.83362,-1.448184,-7.094452,6.116169,5.0,12.15,-12.975,11.925,147.5566,10.1523,169.8405,5.0,30.20464,48.8439,2.3533363,307.0968,NaN,,44.303226,,0 / 17,3018,2022-01-10 17:04:35:547
-14.071293,-1.514358,-3.549154,-9.286644,2.138977,2.313743,-6.186561,-3.77863,-7.83362,-1.448184,-7.094452,6.116169,5.0,12.15,-12.975,11.925,147.5566,10.1523,169.8405,5.0,30.20464,48.8439,2.3533363,307.0968,NaN,,44.303226,,0 / 17,3022,2022-01-10 17:04:35:551
-14.071293,-1.514358,-3.549154,-9.286644,2.138977,2.313743,-6.186561,-3.77863,-7.83362,-1.448184,-7.094452,6.116169,5.0,12.15,-12.975,11.925,147.5566,10.1523,169.8405,5.0,30.20464,48.8439,2.3533363,307.0968,NaN,,44.303226,,0 / 17,3027,2022-01-10 17:04:35:556
-14.071293,-1.514358,-3.549154,-9.286644,2.138977,2.313743,-6.186561,-3.77863,-7.83362,-1.448184,-7.094452,6.116169,5.0,12.15,-12.975,11.925,147.5566,10.1523,169.8405,5.0,30.20464,48.8439,2.3533363,307.0968,NaN,,44.303226,,0 / 17,3033,2022-01-10 17:04:35:562
-14.071293,-1.514358,-3.549154,-9.286644,2.138977,2.313743,-6.186561,-3.77863,-7.83362,-1.448184,-7.094452,6.116169,5.0,12.15,-12.975,11.925,147.5566,10.1523,169.8405,5.0,30.20464,48.8439,2.3533363,307.0968,NaN,,44.303226,,0 / 17,3037,2022-01-10 17:04:35:566
-14.071293,-1.514358,-3.549154,-9.286644,2.138977,2.313743,-6.186561,-3.77863,-7.83362,-1.448184,-7.094452,6.116169,5.0,18.375,3.75,21.525,284.3055,-12.5983,76.0097,5.0,30.20464,48.8439,2.3533363,307.0968,NaN,,44.303226,,0 / 17,3043,2022-01-10 17:04:35:572
-14.071293,-1.514358,-3.549154,-9.286644,2.138977,2.313743,-6.186561,-3.77863,-7.83362,-1.448184,-7.094452,6.116169,5.0,18.375,3.75,21.525,284.3055,-12.5983,76.0097,5.0,30.20464,48.8439,2.3533363,307.0968,NaN,,44.303226,,0 / 17,3048,2022-01-10 17:04:35:577
-14.071293,-1.514358,-3.549154,-9.286644,2.138977,2.313743,-6.186561,-3.77863,-7.83362,-1.448184,-7.094452,6.116169,5.0,18.375,3.75,21.525,284.3055,-12.5983,76.0097,5.0,30.20464,48.8439,2.3533363,307.0968,NaN,,44.303226,,0 / 17,3053,2022-01-10 17:04:35:582
-14.071293,-1.514358,-3.549154,-9.286644,2.138977,2.313743,-6.186561,-3.77863,-7.83362,-1.448184,-7.094452,6.116169,5.0,18.375,3.75,21.525,284.3055,-12.5983,76.0097,5.0,30.20464,48.8439,2.3533363,307.0968,NaN,,44.303226,,0 / 17,3058,2022-01-10 17:04:35:587
-14.071293,-1.514358,-3.549154,-9.286644,2.138977,2.313743,-6.186561,-3.77863,-7.83362,-1.448184,-7.094452,6.116169,5.0,18.375,3.75,21.525,284.3055,-12.5983,76.0097,5.0,30.20464,48.8439,2.3533363,307.0968,NaN,,44.303226,,0 / 17,3062,2022-01-10 17:04:35:591
-12.944273,3.832106,4.9343,-9.286644,2.138977,2.313743,-6.186561,-3.77863,-7.83362,-1.448184,-7.094452,6.116169,5.0,18.375,3.75,21.525,284.3055,-12.5983,76.0097,5.0,30.20464,48.8439,2.3533363,307.0968,NaN,,44.303226,,0 / 17,3071,2022-01-10 17:04:35:600
-12.944273,3.832106,4.9343,-9.286644,2.138977,2.313743,-6.186561,-3.77863,-7.83362,-1.448184,-7.094452,6.116169,5.0,18.375,3.75,21.525,284.3055,-12.5983,76.0097,5.0,30.20464,48.8439,2.3533363,307.0968,NaN,,44.303226,,0 / 17,3073,2022-01-10 17:04:35:602
-12.944273,3.832106,4.9343,-9.286644,2.138977,2.313743,-6.186561,-3.77863,-7.83362,-1.448184,-7.094452,6.116169,5.0,18.375,3.75,21.525,284.3055,-12.5983,76.0097,5.0,30.20464,48.8439,2.3533363,307.0968,NaN,,44.303226,,0 / 17,3077,2022-01-10 17:04:35:606
-12.944273,3.832106,4.9343,-9.286644,2.138977,2.313743,-6.186561,-3.77863,-7.83362,-1.448184,-7.094452,6.116169,5.0,18.375,3.75,21.525,284.3055,-12.5983,76.0097,5.0,30.20464,48.8439,2.3533363,307.0968,NaN,,44.303226,,0 / 17,3082,2022-01-10 17:04:35:611
-12.944273,3.832106,4.9343,-9.286644,2.138977,2.313743,-6.186561,-3.77863,-7.83362,-1.448184,-7.094452,6.116169,5.0,18.375,3.75,21.525,284.3055,-12.5983,76.0097,5.0,30.20464,48.8439,2.3533363,307.0968,NaN,,44.303226,,0 / 17,3087,2022-01-10 17:04:35:616
-12.944273,3.832106,4.9343,-9.286644,2.138977,2.313743,-6.186561,-3.77863,-7.83362,-1.448184,-7.094452,6.116169,5.0,18.375,3.75,21.525,284.3055,-12.5983,76.0097,5.0,30.20464,48.8439,2.3533363,307.0968,NaN,,44.303226,,0 / 17,3094,2022-01-10 17:04:35:623
-12.944273,3.832106,4.9343,-9.286644,2.138977,2.313743,-6.186561,-3.77863,-7.83362,-0.577223,-3.434444,8.719465,5.0,18.375,3.75,21.525,284.3055,-12.5983,76.0097,5.0,30.20464,48.8439,2.3533363,307.0968,NaN,,44.303226,,0 / 17,3097,2022-01-10 17:04:35:626
-12.944273,3.832106,4.9343,-9.286644,2.138977,2.313743,-6.186561,-3.77863,-7.83362,-0.577223,-3.434444,8.719465,18.0,18.375,3.75,21.525,284.3055,-12.5983,76.0097,5.0,30.20464,48.8439,2.3533363,307.0968,NaN,,44.303226,,0 / 17,3104,2022-01-10 17:04:35:633
-12.944273,3.832106,4.9343,-9.286644,2.138977,2.313743,-6.186561,-3.77863,-7.83362,-0.577223,-3.434444,8.719465,18.0,18.375,3.75,21.525,284.3055,-12.5983,76.0097,5.0,30.20464,48.8439,2.3533363,307.0968,NaN,,44.303226,,0 / 17,3108,2022-01-10 17:04:35:637
-12.944273,3.832106,4.9343,-9.286644,2.138977,2.313743,-6.186561,-3.77863,-7.83362,-0.577223,-3.434444,8.719465,18.0,18.375,3.75,21.525,284.3055,-12.5983,76.0097,5.0,30.20464,48.8439,2.3533363,307.0968,NaN,,44.303226,,0 / 17,3114,2022-01-10 17:04:35:643
-12.944273,3.832106,4.9343,-9.286644,2.138977,2.313743,-6.186561,-3.77863,-7.83362,-0.577223,-3.434444,8.719465,18.0,18.375,3.75,21.525,284.3055,-12.5983,76.0097,5.0,30.20464,48.8439,2.3533363,307.0968,NaN,,44.303226,,0 / 17,3117,2022-01-10 17:04:35:646
-12.944273,3.832106,4.9343,-9.286644,2.138977,2.313743,-6.186561,-3.77863,-7.83362,-0.577223,-3.434444,8.719465,18.0,18.375,3.75,21.525,284.3055,-12.5983,76.0097,5.0,30.20464,48.8439,2.3533363,307.0968,NaN,,44.303226,,0 / 17,3122,2022-01-10 17:04:35:651
-12.944273,3.832106,4.9343,-9.286644,2.138977,2.313743,-6.186561,-3.77863,-7.83362,-0.577223,-3.434444,8.719465,18.0,18.375,3.75,21.525,284.3055,-12.5983,76.0097,5.0,30.20464,48.8439,2.3533363,307.0968,NaN,,44.303226,,0 / 17,3128,2022-01-10 17:04:35:657
-12.944273,3.832106,4.9343,-1.987777,7.763075,5.65277,-10.150723,-4.628966,-0.695596,-0.577223,-3.434444,8.719465,18.0,18.375,3.75,21.525,284.3055,-12.5983,76.0097,5.0,30.20464,48.8439,2.3533363,307.0968,NaN,,44.303226,,0 / 17,3135,2022-01-10 17:04:35:664
-12.944273,3.832106,4.9343,-1.987777,7.763075,5.65277,-10.150723,-4.628966,-0.695596,-0.577223,-3.434444,8.719465,18.0,18.375,3.75,21.525,284.3055,-12.5983,76.0097,5.0,30.20464,48.8439,2.3533363,307.0968,NaN,,44.303226,,0 / 17,3138,2022-01-10 17:04:35:667
-12.944273,3.832106,4.9343,-1.987777,7.763075,5.65277,-10.150723,-4.628966,-0.695596,-0.577223,-3.434444,8.719465,18.0,18.375,3.75,21.525,284.3055,-12.5983,76.0097,5.0,30.20464,48.8439,2.3533363,307.0968,NaN,,44.303226,,0 / 17,3144,2022-01-10 17:04:35:673
-12.944273,3.832106,4.9343,-1.987777,7.763075,5.65277,-10.150723,-4.628966,-0.695596,-0.577223,-3.434444,8.719465,18.0,23.025,6.15,6.975,284.3055,-12.5983,76.0097,5.0,30.20464,48.8439,2.3533363,307.0968,NaN,,44.303226,,0 / 17,3148,2022-01-10 17:04:35:677
-12.944273,3.832106,4.9343,-1.987777,7.763075,5.65277,-10.150723,-4.628966,-0.695596,-0.577223,-3.434444,8.719465,18.0,23.025,6.15,6.975,284.3055,-12.5983,76.0097,5.0,30.20464,48.8439,2.3533363,307.0968,NaN,,44.303226,,0 / 17,3153,2022-01-10 17:04:35:682
4.162913,4.710272,5.678169,-1.987777,7.763075,5.65277,-10.150723,-4.628966,-0.695596,-0.577223,-3.434444,8.719465,18.0,23.025,6.15,6.975,284.3055,-12.5983,76.0097,5.0,30.20464,48.8439,2.3533363,307.0968,NaN,,44.303226,,0 / 17,3158,2022-01-10 17:04:35:687
4.162913,4.710272,5.678169,-1.987777,7.763075,5.65277,-10.150723,-4.628966,-0.695596,-0.577223,-3.434444,8.719465,18.0,23.025,6.15,6.975,284.3055,-12.5983,76.0097,5.0,30.20464,48.8439,2.3533363,307.0968,NaN,,44.303226,,0 / 17,3163,2022-01-10 17:04:35:692
4.162913,4.710272,5.678169,-1.987777,7.763075,5.65277,-10.150723,-4.628966,-0.695596,-0.577223,-3.434444,8.719465,18.0,23.025,6.15,6.975,284.3055,-12.5983,76.0097,5.0,30.20464,48.8439,2.3533363,307.0968,NaN,,44.303226,,0 / 17,3168,2022-01-10 17:04:35:697
4.162913,4.710272,5.678169,-1.987777,7.763075,5.65277,-10.150723,-4.628966,-0.695596,-0.577223,-3.434444,8.719465,18.0,23.025,6.15,6.975,284.3055,-12.5983,76.0097,5.0,30.20464,48.8439,2.3533363,307.0968,NaN,,44.303226,,0 / 17,3172,2022-01-10 17:04:35:701
4.162913,4.710272,5.678169,-1.987777,7.763075,5.65277,-10.150723,-4.628966,-0.695596,-0.577223,-3.434444,8.719465,18.0,23.025,6.15,6.975,284.3055,-12.5983,76.0097,5.0,30.20464,48.8439,2.3533363,307.0968,NaN,,44.303226,,0 / 17,3178,2022-01-10 17:04:35:707
4.162913,4.710272,5.678169,-1.987777,7.763075,5.65277,-10.150723,-4.628966,-0.695596,-0.577223,-3.434444,8.719465,18.0,23.025,6.15,6.975,284.3055,-12.5983,76.0097,5.0,30.20464,48.8439,2.3533363,307.0968,NaN,,44.303226,,0 / 17,3183,2022-01-10 17:04:35:712
4.162913,4.710272,5.678169,-1.987777,7.763075,5.65277,-10.150723,-4.628966,-0.695596,-0.577223,-3.434444,8.719465,18.0,23.025,6.15,6.975,284.3055,-12.5983,76.0097,5.0,30.20464,48.8439,2.3533363,307.0968,NaN,,44.303226,,0 / 17,3188,2022-01-10 17:04:35:717
4.162913,4.710272,5.678169,-1.987777,7.763075,5.65277,-10.150723,-4.628966,-0.695596,-0.577223,-3.434444,8.719465,18.0,23.025,6.15,6.975,284.3055,-12.5983,76.0097,5.0,30.20464,48.8439,2.3533363,307.0968,NaN,,44.303226,,0 / 17,3194,2022-01-10 17:04:35:723
4.162913,4.710272,5.678169,-1.987777,7.763075,5.65277,-10.150723,-4.628966,-0.695596,-0.577223,-3.434444,8.719465,18.0,23.025,6.15,6.975,284.3055,-12.5983,76.0097,5.0,30.20464,48.8439,2.3533363,307.0968,NaN,,44.303226,,0 / 17,3197,2022-01-10 17:04:35:726
4.162913,4.710272,5.678169,-1.987777,7.763075,5.65277,-10.150723,-4.628966,-0.695596,-0.577223,-3.434444,8.719465,18.0,23.025,6.15,6.975,284.3055,-12.5983,76.0097,5.0,29.39552,48.8439,2.3533363,307.0968,NaN,,44.303226,,0 / 17,3203,2022-01-10 17:04:35:732
4.162913,4.710272,5.678169,-1.987777,7.763075,5.65277,-10.150723,-4.628966,-0.695596,-0.577223,-3.434444,8.719465,18.0,23.025,6.15,6.975,284.3055,-12.5983,76.0097,5.0,29.39552,48.8439,2.3533363,307.0968,NaN,,44.303226,,0 / 17,3208,2022-01-10 17:04:35:737
4.162913,4.710272,5.678169,-1.987777,7.763075,5.65277,-10.150723,-4.628966,-0.695596,-0.577223,-3.434444,8.719465,18.0,23.025,6.15,6.975,284.3055,-12.5983,76.0097,5.0,29.39552,48.8439,2.3533363,307.0968,NaN,,44.303226,,0 / 17,3214,2022-01-10 17:04:35:743
4.162913,4.710272,5.678169,-1.987777,7.763075,5.65277,-10.150723,-4.628966,-0.695596,-0.577223,-3.434444,8.719465,18.0,23.025,6.15,6.975,284.3055,-12.5983,76.0097,5.0,29.39552,48.8439,2.3533363,307.0968,NaN,,44.303226,,0 / 17,3219,2022-01-10 17:04:35:748
4.162913,4.710272,5.678169,-1.987777,7.763075,5.65277,-10.150723,-4.628966,-0.695596,-0.577223,-3.434444,8.719465,18.0,23.025,6.15,6.975,284.3055,-12.5983,76.0097,5.0,29.39552,48.8439,2.3533363,307.0968,NaN,,44.303226,,0 / 17,3223,2022-01-10 17:04:35:752
4.162913,4.710272,5.678169,-1.987777,7.763075,5.65277,-10.150723,-4.628966,-0.695596,-0.577223,-3.434444,8.719465,18.0,23.025,6.15,6.975,284.3055,-12.5983,76.0097,5.0,29.39552,48.8439,2.3533363,307.0968,NaN,,44.303226,,0 / 17,3227,2022-01-10 17:04:35:756
4.162913,4.710272,5.678169,-1.987777,7.763075,5.65277,-10.150723,-4.628966,-0.695596,2.053104,-3.893027,0.463376,18.0,23.025,6.15,6.975,284.3055,-12.5983,76.0097,5.0,29.39552,48.8439,2.3533363,307.0968,NaN,,44.303226,,0 / 17,3236,2022-01-10 17:04:35:765
4.162913,4.710272,5.678169,-1.987777,7.763075,5.65277,-10.150723,-4.628966,-0.695596,2.053104,-3.893027,0.463376,18.0,23.025,6.15,6.975,284.3055,-12.5983,76.0097,5.0,29.39552,48.8439,2.3533363,307.0968,NaN,,44.303226,,0 / 17,3237,2022-01-10 17:04:35:766
4.162913,4.710272,5.678169,-1.987777,7.763075,5.65277,-10.150723,-4.628966,-0.695596,2.053104,-3.893027,0.463376,18.0,23.025,6.15,6.975,284.3055,-12.5983,76.0097,5.0,29.39552,48.8439,2.3533363,307.0968,NaN,,44.303226,,0 / 17,3243,2022-01-10 17:04:35:772
5.122435,4.100401,3.712464,3.200243,8.563215,3.549673,5.249253,-4.246969,2.383417,2.053104,-3.893027,0.463376,18.0,23.025,6.15,6.975,284.3055,-12.5983,76.0097,5.0,29.39552,48.8439,2.3533363,307.0968,NaN,,44.303226,,0 / 17,3248,2022-01-10 17:04:35:777
5.122435,4.100401,3.712464,3.200243,8.563215,3.549673,5.249253,-4.246969,2.383417,2.053104,-3.893027,0.463376,18.0,23.025,6.15,6.975,284.3055,-12.5983,76.0097,5.0,29.39552,48.8439,2.3533363,307.0968,NaN,,44.303226,,0 / 17,3253,2022-01-10 17:04:35:782
5.122435,4.100401,3.712464,3.200243,8.563215,3.549673,5.249253,-4.246969,2.383417,2.053104,-3.893027,0.463376,18.0,23.025,6.15,6.975,284.3055,-12.5983,76.0097,5.0,29.39552,48.8439,2.3533363,307.0968,NaN,,44.303226,,0 / 17,3259,2022-01-10 17:04:35:788
5.122435,4.100401,3.712464,3.200243,8.563215,3.549673,5.249253,-4.246969,2.383417,2.053104,-3.893027,0.463376,18.0,23.025,6.15,6.975,284.3055,-12.5983,76.0097,5.0,29.39552,48.8439,2.3533363,307.0968,NaN,,44.303226,,0 / 17,3264,2022-01-10 17:04:35:793
5.122435,4.100401,3.712464,3.200243,8.563215,3.549673,5.249253,-4.246969,2.383417,2.053104,-3.893027,0.463376,18.0,23.025,6.15,6.975,284.3055,-12.5983,76.0097,5.0,29.39552,48.8439,2.3533363,307.0968,NaN,,44.303226,,0 / 17,3267,2022-01-10 17:04:35:796
5.122435,4.100401,3.712464,3.200243,8.563215,3.549673,5.249253,-4.246969,2.383417,2.053104,-3.893027,0.463376,18.0,23.025,6.15,6.975,284.3055,-12.5983,76.0097,5.0,29.39552,48.8439,2.3533363,307.0968,NaN,,44.303226,,0 / 17,3273,2022-01-10 17:04:35:802
5.122435,4.100401,3.712464,3.200243,8.563215,3.549673,5.249253,-4.246969,2.383417,2.053104,-3.893027,0.463376,18.0,23.025,6.15,6.975,284.3055,-12.5983,76.0097,5.0,29.39552,48.8439,2.3533363,307.0968,NaN,,44.303226,,0 / 17,3278,2022-01-10 17:04:35:807
5.122435,4.100401,3.712464,3.200243,8.563215,3.549673,5.249253,-4.246969,2.383417,2.053104,-3.893027,0.463376,10.0,23.025,6.15,6.975,284.3055,-12.5983,76.0097,5.0,29.39552,48.8439,2.3533363,307.0968,NaN,,44.303226,,0 / 17,3283,2022-01-10 17:04:35:812
5.122435,4.100401,3.712464,3.200243,8.563215,3.549673,5.249253,-4.246969,2.383417,2.053104,-3.893027,0.463376,10.0,23.025,6.15,6.975,284.3055,-12.5983,76.0097,5.0,29.39552,48.8439,2.3533363,307.0968,NaN,,44.303226,,0 / 17,3288,2022-01-10 17:04:35:817
5.122435,4.100401,3.712464,3.200243,8.563215,3.549673,5.249253,-4.246969,2.383417,2.053104,-3.893027,0.463376,10.0,20.475,-5.1,-10.125,250.467,-60.8332,-42.0366,5.0,29.39552,48.8439,2.3533363,307.0968,NaN,,44.303226,,0 / 17,3292,2022-01-10 17:04:35:821
5.122435,4.100401,3.712464,3.200243,8.563215,3.549673,5.249253,-4.246969,2.383417,2.053104,-3.893027,0.463376,10.0,20.475,-5.1,-10.125,250.467,-60.8332,-42.0366,5.0,29.39552,48.8439,2.3533363,307.0968,NaN,,44.303226,,0 / 17,3297,2022-01-10 17:04:35:826
5.122435,4.100401,3.712464,3.200243,8.563215,3.549673,5.249253,-4.246969,2.383417,2.053104,-3.893027,0.463376,10.0,20.475,-5.1,-10.125,250.467,-60.8332,-42.0366,5.0,29.39552,48.8439,2.3533363,307.0968,NaN,,44.303226,,0 / 17,3307,2022-01-10 17:04:35:836
5.122435,4.100401,3.712464,3.200243,8.563215,3.549673,5.249253,-4.246969,2.383417,2.053104,-3.893027,0.463376,10.0,20.475,-5.1,-10.125,250.467,-60.8332,-42.0366,5.0,29.39552,48.8439,2.3533363,307.0968,NaN,,44.303226,,0 / 17,3308,2022-01-10 17:04:35:837
5.122435,4.100401,3.712464,3.200243,8.563215,3.549673,5.249253,-4.246969,2.383417,2.053104,-3.893027,0.463376,10.0,20.475,-5.1,-10.125,250.467,-60.8332,-42.0366,5.0,29.39552,48.8439,2.3533363,307.0968,NaN,,44.303226,,0 / 17,3313,2022-01-10 17:04:35:842
5.122435,4.100401,3.712464,3.200243,8.563215,3.549673,5.249253,-4.246969,2.383417,2.053104,-3.893027,0.463376,10.0,20.475,-5.1,-10.125,250.467,-60.8332,-42.0366,5.0,29.39552,48.8439,2.3533363,307.0968,NaN,,44.303226,,0 / 17,3318,2022-01-10 17:04:35:847
5.122435,4.100401,3.712464,3.200243,8.563215,3.549673,5.249253,-4.246969,2.383417,2.053104,-3.893027,0.463376,10.0,20.475,-5.1,-10.125,250.467,-60.8332,-42.0366,5.0,29.39552,48.8439,2.3533363,307.0968,NaN,,44.303226,,0 / 17,3322,2022-01-10 17:04:35:851
5.122435,4.100401,3.712464,3.200243,8.563215,3.549673,5.249253,-4.246969,2.383417,2.053104,-3.893027,0.463376,10.0,20.475,-5.1,-10.125,250.467,-60.8332,-42.0366,5.0,29.39552,48.8439,2.3533363,307.0968,NaN,,44.303226,,0 / 17,3327,2022-01-10 17:04:35:856
5.122435,4.100401,3.712464,3.200243,8.563215,3.549673,5.249253,-4.246969,2.383417,2.053104,-3.893027,0.463376,10.0,20.475,-5.1,-10.125,250.467,-60.8332,-42.0366,5.0,29.39552,48.8439,2.3533363,307.0968,NaN,,44.303226,,0 / 17,3333,2022-01-10 17:04:35:862
5.122435,4.100401,3.712464,3.200243,8.563215,3.549673,5.249253,-4.246969,2.383417,2.053104,-3.893027,0.463376,10.0,20.475,-5.1,-10.125,250.467,-60.8332,-42.0366,5.0,29.39552,48.8439,2.3533363,307.0968,NaN,,44.303226,,0 / 17,3337,2022-01-10 17:04:35:866
5.122435,4.100401,3.712464,3.200243,8.563215,3.549673,5.249253,-4.246969,2.383417,2.053104,-3.893027,0.463376,10.0,20.475,-5.1,-10.125,250.467,-60.8332,-42.0366,5.0,29.39552,48.8439,2.3533363,307.0968,NaN,,44.303226,,0 / 17,3342,2022-01-10 17:04:35:871
1.042972,6.882954,-2.544468,3.200243,8.563215,3.549673,5.249253,-4.246969,2.383417,2.053104,-3.893027,0.463376,10.0,20.475,-5.1,-10.125,250.467,-60.8332,-42.0366,5.0,29.39552,48.8439,2.3533363,307.0968,NaN,,44.303226,,0 / 17,3347,2022-01-10 17:04:35:876
1.042972,6.882954,-2.544468,3.200243,8.563215,3.549673,5.249253,-4.246969,2.383417,2.053104,-3.893027,0.463376,10.0,20.475,-5.1,-10.125,250.467,-60.8332,-42.0366,5.0,29.39552,48.8439,2.3533363,307.0968,NaN,,44.303226,,0 / 17,3353,2022-01-10 17:04:35:882
1.042972,6.882954,-2.544468,3.200243,8.563215,3.549673,5.249253,-4.246969,2.383417,1.683201,1.10478,-6.473953,10.0,20.475,-5.1,-10.125,250.467,-60.8332,-42.0366,5.0,29.39552,48.8439,2.3533363,307.0968,NaN,,44.303226,,0 / 17,3358,2022-01-10 17:04:35:887
1.042972,6.882954,-2.544468,3.200243,8.563215,3.549673,5.249253,-4.246969,2.383417,1.683201,1.10478,-6.473953,10.0,20.475,-5.1,-10.125,250.467,-60.8332,-42.0366,5.0,29.39552,48.8439,2.3533363,307.0968,NaN,,44.303226,,0 / 17,3363,2022-01-10 17:04:35:892
1.042972,6.882954,-2.544468,3.200243,8.563215,3.549673,5.249253,-4.246969,2.383417,1.683201,1.10478,-6.473953,10.0,20.475,-5.1,-10.125,250.467,-60.8332,-42.0366,5.0,29.39552,48.8439,2.3533363,307.0968,NaN,,44.303226,,0 / 17,3367,2022-01-10 17:04:35:896
1.042972,6.882954,-2.544468,3.200243,8.563215,3.549673,5.249253,-4.246969,2.383417,1.683201,1.10478,-6.473953,10.0,20.475,-5.1,-10.125,250.467,-60.8332,-42.0366,5.0,29.39552,48.8439,2.3533363,307.0968,NaN,,44.303226,,0 / 17,3373,2022-01-10 17:04:35:902
1.042972,6.882954,-2.544468,3.200243,8.563215,3.549673,5.249253,-4.246969,2.383417,1.683201,1.10478,-6.473953,10.0,20.475,-5.1,-10.125,250.467,-60.8332,-42.0366,5.0,29.39552,48.8439,2.3533363,307.0968,NaN,,44.303226,,0 / 17,3378,2022-01-10 17:04:35:907
1.042972,6.882954,-2.544468,3.200243,8.563215,3.549673,5.249253,-4.246969,2.383417,1.683201,1.10478,-6.473953,10.0,20.475,-5.1,-10.125,250.467,-60.8332,-42.0366,5.0,29.39552,48.8439,2.3533363,307.0968,NaN,,44.303226,,0 / 17,3383,2022-01-10 17:04:35:912
1.042972,6.882954,-2.544468,3.200243,8.563215,3.549673,5.249253,-4.246969,2.383417,1.683201,1.10478,-6.473953,10.0,20.475,-5.1,-10.125,250.467,-60.8332,-42.0366,5.0,29.39552,48.8439,2.3533363,307.0968,NaN,,44.303226,,0 / 17,3387,2022-01-10 17:04:35:916
1.042972,6.882954,-2.544468,-2.248658,9.544044,0.158622,5.728236,-2.845844,-1.345585,1.683201,1.10478,-6.473953,10.0,20.475,-5.1,-10.125,250.467,-60.8332,-42.0366,5.0,29.39552,48.8439,2.3533363,307.0968,NaN,,44.303226,,0 / 17,3393,2022-01-10 17:04:35:922
1.042972,6.882954,-2.544468,-2.248658,9.544044,0.158622,5.728236,-2.845844,-1.345585,1.683201,1.10478,-6.473953,10.0,20.475,-5.1,-10.125,250.467,-60.8332,-42.0366,5.0,29.39552,48.8439,2.3533363,307.0968,NaN,,44.303226,,0 / 17,3398,2022-01-10 17:04:35:927
1.042972,6.882954,-2.544468,-2.248658,9.544044,0.158622,5.728236,-2.845844,-1.345585,1.683201,1.10478,-6.473953,10.0,20.475,-5.1,-10.125,250.467,-60.8332,-42.0366,5.0,29.39552,48.8439,2.3533363,307.0968,NaN,,44.303226,,0 / 17,3402,2022-01-10 17:04:35:931
1.042972,6.882954,-2.544468,-2.248658,9.544044,0.158622,5.728236,-2.845844,-1.345585,1.683201,1.10478,-6.473953,10.0,20.475,-5.1,-10.125,250.467,-60.8332,-42.0366,5.0,29.39552,48.8439,2.3533363,307.0968,NaN,,44.303226,,0 / 17,3407,2022-01-10 17:04:35:936
1.042972,6.882954,-2.544468,-2.248658,9.544044,0.158622,5.728236,-2.845844,-1.345585,1.683201,1.10478,-6.473953,10.0,20.475,-5.1,-10.125,250.467,-60.8332,-42.0366,5.0,29.39552,48.8439,2.3533363,307.0968,NaN,,44.303226,,0 / 17,3412,2022-01-10 17:04:35:941
1.042972,6.882954,-2.544468,-2.248658,9.544044,0.158622,5.728236,-2.845844,-1.345585,1.683201,1.10478,-6.473953,10.0,20.475,-5.1,-10.125,250.467,-60.8332,-42.0366,5.0,29.39552,48.8439,2.3533363,307.0968,NaN,,44.303226,,0 / 17,3418,2022-01-10 17:04:35:947
1.042972,6.882954,-2.544468,-2.248658,9.544044,0.158622,5.728236,-2.845844,-1.345585,1.683201,1.10478,-6.473953,10.0,20.475,-5.1,-10.125,250.467,-60.8332,-42.0366,5.0,29.39552,48.8439,2.3533363,307.0968,NaN,,44.303226,,0 / 17,3422,2022-01-10 17:04:35:951
1.042972,6.882954,-2.544468,-2.248658,9.544044,0.158622,5.728236,-2.845844,-1.345585,1.683201,1.10478,-6.473953,10.0,20.475,-5.1,-10.125,250.467,-60.8332,-42.0366,5.0,29.39552,48.8439,2.3533363,307.0968,NaN,,44.303226,,0 / 17,3428,2022-01-10 17:04:35:957
0.037986,1.325325,-4.995017,-2.248658,9.544044,0.158622,5.728236,-2.845844,-1.345585,1.683201,1.10478,-6.473953,10.0,20.475,-5.1,-10.125,250.467,-60.8332,-42.0366,5.0,29.39552,48.8439,2.3533363,307.0968,NaN,,44.303226,,0 / 17,3433,2022-01-10 17:04:35:962
0.037986,1.325325,-4.995017,-2.248658,9.544044,0.158622,5.728236,-2.845844,-1.345585,1.683201,1.10478,-6.473953,10.0,20.475,-5.1,-10.125,250.467,-60.8332,-42.0366,5.0,29.39552,48.8439,2.3533363,307.0968,NaN,,44.303226,,0 / 17,3437,2022-01-10 17:04:35:966
0.037986,1.325325,-4.995017,-2.248658,9.544044,0.158622,5.728236,-2.845844,-1.345585,1.683201,1.10478,-6.473953,10.0,20.475,-5.1,-10.125,250.467,-60.8332,-42.0366,5.0,29.39552,48.8439,2.3533363,307.0968,NaN,,44.303226,,0 / 17,3442,2022-01-10 17:04:35:971
0.037986,1.325325,-4.995017,-2.248658,9.544044,0.158622,5.728236,-2.845844,-1.345585,1.683201,1.10478,-6.473953,10.0,20.1,-22.2,-17.85,46.7043,-76.7106,85.965,5.0,29.39552,48.8439,2.3533363,307.0968,NaN,,44.303226,,0 / 17,3447,2022-01-10 17:04:35:976
0.037986,1.325325,-4.995017,-2.248658,9.544044,0.158622,5.728236,-2.845844,-1.345585,1.683201,1.10478,-6.473953,9.0,20.1,-22.2,-17.85,46.7043,-76.7106,85.965,5.0,29.39552,48.8439,2.3533363,307.0968,NaN,,44.303226,,0 / 17,3453,2022-01-10 17:04:35:982
0.037986,1.325325,-4.995017,-2.248658,9.544044,0.158622,5.728236,-2.845844,-1.345585,1.683201,1.10478,-6.473953,9.0,20.1,-22.2,-17.85,46.7043,-76.7106,85.965,5.0,29.39552,48.8439,2.3533363,307.0968,NaN,,44.303226,,0 / 17,3458,2022-01-10 17:04:35:987
0.037986,1.325325,-4.995017,-2.248658,9.544044,0.158622,5.728236,-2.845844,-1.345585,1.683201,1.10478,-6.473953,9.0,20.1,-22.2,-17.85,46.7043,-76.7106,85.965,5.0,29.39552,48.8439,2.3533363,307.0968,NaN,,44.303226,,0 / 17,3462,2022-01-10 17:04:35:991
0.037986,1.325325,-4.995017,-2.248658,9.544044,0.158622,5.728236,-2.845844,-1.345585,1.683201,1.10478,-6.473953,9.0,20.1,-22.2,-17.85,46.7043,-76.7106,85.965,5.0,29.39552,48.8439,2.3533363,307.0968,NaN,,44.303226,,0 / 17,3468,2022-01-10 17:04:35:997
0.037986,1.325325,-4.995017,-2.248658,9.544044,0.158622,5.728236,-2.845844,-1.345585,1.683201,1.10478,-6.473953,9.0,20.1,-22.2,-17.85,46.7043,-76.7106,85.965,5.0,29.39552,48.8439,2.3533363,307.0968,NaN,,44.303226,,0 / 17,3473,2022-01-10 17:04:36:002
0.037986,1.325325,-4.995017,-2.248658,9.544044,0.158622,5.728236,-2.845844,-1.345585,1.683201,1.10478,-6.473953,9.0,20.1,-22.2,-17.85,46.7043,-76.7106,85.965,5.0,29.39552,48.8439,2.3533363,307.0968,NaN,,44.303226,,0 / 17,3478,2022-01-10 17:04:36:007
0.037986,1.325325,-4.995017,-2.248658,9.544044,0.158622,5.728236,-2.845844,-1.345585,1.683201,1.10478,-6.473953,9.0,20.1,-22.2,-17.85,46.7043,-76.7106,85.965,5.0,29.39552,48.8439,2.3533363,307.0968,NaN,,44.303226,,0 / 17,3482,2022-01-10 17:04:36:011
0.037986,1.325325,-4.995017,-2.248658,9.544044,0.158622,5.728236,-2.845844,-1.345585,1.683201,1.10478,-6.473953,9.0,20.1,-22.2,-17.85,46.7043,-76.7106,85.965,5.0,29.39552,48.8439,2.3533363,307.0968,NaN,,44.303226,,0 / 17,3489,2022-01-10 17:04:36:018
0.037986,1.325325,-4.995017,-8.970646,2.574139,-3.011925,7.871289,-1.155894,-2.915708,1.683201,1.10478,-6.473953,9.0,20.1,-22.2,-17.85,46.7043,-76.7106,85.965,5.0,29.39552,48.8439,2.3533363,307.0968,NaN,,44.303226,,0 / 17,3493,2022-01-10 17:04:36:022
0.037986,1.325325,-4.995017,-8.970646,2.574139,-3.011925,7.871289,-1.155894,-2.915708,1.683201,1.10478,-6.473953,9.0,20.1,-22.2,-17.85,46.7043,-76.7106,85.965,5.0,29.39552,48.8439,2.3533363,307.0968,NaN,,44.303226,,0 / 17,3497,2022-01-10 17:04:36:026
0.037986,1.325325,-4.995017,-8.970646,2.574139,-3.011925,7.871289,-1.155894,-2.915708,1.683201,1.10478,-6.473953,9.0,20.1,-22.2,-17.85,46.7043,-76.7106,85.965,5.0,29.39552,48.8439,2.3533363,307.0968,NaN,,44.303226,,0 / 17,3502,2022-01-10 17:04:36:031
0.037986,1.325325,-4.995017,-8.970646,2.574139,-3.011925,7.871289,-1.155894,-2.915708,1.683201,1.10478,-6.473953,9.0,20.1,-22.2,-17.85,46.7043,-76.7106,85.965,5.0,29.39552,48.8439,2.3533363,307.0968,NaN,,44.303226,,0 / 17,3508,2022-01-10 17:04:36:037
-10.960922,-9.052945,-12.333506,-8.970646,2.574139,-3.011925,7.871289,-1.155894,-2.915708,-0.429822,5.38968,-10.763781,9.0,20.1,-22.2,-17.85,46.7043,-76.7106,85.965,5.0,29.39552,48.8439,2.3533363,307.0968,NaN,,44.303226,,0 / 17,3514,2022-01-10 17:04:36:043
-10.960922,-9.052945,-12.333506,-8.970646,2.574139,-3.011925,7.871289,-1.155894,-2.915708,-0.429822,5.38968,-10.763781,9.0,20.1,-22.2,-17.85,46.7043,-76.7106,85.965,5.0,29.39552,48.8439,2.3533363,307.0968,NaN,,44.303226,,0 / 17,3518,2022-01-10 17:04:36:047
-10.960922,-9.052945,-12.333506,-8.970646,2.574139,-3.011925,7.871289,-1.155894,-2.915708,-0.429822,5.38968,-10.763781,9.0,20.1,-22.2,-17.85,46.7043,-76.7106,85.965,5.0,29.39552,48.8439,2.3533363,307.0968,NaN,,44.303226,,0 / 17,3523,2022-01-10 17:04:36:052
-10.960922,-9.052945,-12.333506,-8.970646,2.574139,-3.011925,7.871289,-1.155894,-2.915708,-0.429822,5.38968,-10.763781,9.0,20.1,-22.2,-17.85,46.7043,-76.7106,85.965,5.0,29.39552,48.8439,2.3533363,307.0968,NaN,,44.303226,,0 / 17,3527,2022-01-10 17:04:36:056
-10.960922,-9.052945,-12.333506,-8.970646,2.574139,-3.011925,7.871289,-1.155894,-2.915708,-0.429822,5.38968,-10.763781,9.0,20.1,-22.2,-17.85,46.7043,-76.7106,85.965,5.0,32.33132,48.8439,2.3533363,307.0968,NaN,,44.303226,,0 / 17,3533,2022-01-10 17:04:36:062
-10.960922,-9.052945,-12.333506,-8.970646,2.574139,-3.011925,7.871289,-1.155894,-2.915708,-0.429822,5.38968,-10.763781,9.0,20.1,-22.2,-17.85,46.7043,-76.7106,85.965,5.0,32.33132,48.8439,2.3533363,307.0968,NaN,,44.303226,,0 / 17,3537,2022-01-10 17:04:36:066
-10.960922,-9.052945,-12.333506,-8.970646,2.574139,-3.011925,7.871289,-1.155894,-2.915708,-0.429822,5.38968,-10.763781,9.0,20.1,-22.2,-17.85,46.7043,-76.7106,85.965,5.0,32.33132,48.8439,2.3533363,307.0968,NaN,,44.303226,,0 / 17,3543,2022-01-10 17:04:36:072
-10.960922,-9.052945,-12.333506,-8.970646,2.574139,-3.011925,7.871289,-1.155894,-2.915708,-0.429822,5.38968,-10.763781,9.0,20.1,-22.2,-17.85,46.7043,-76.7106,85.965,5.0,32.33132,48.8439,2.3533363,307.0968,NaN,,44.303226,,0 / 17,3548,2022-01-10 17:04:36:077
-10.960922,-9.052945,-12.333506,-8.970646,2.574139,-3.011925,7.871289,-1.155894,-2.915708,-0.429822,5.38968,-10.763781,9.0,20.1,-22.2,-17.85,46.7043,-76.7106,85.965,5.0,32.33132,48.8439,2.3533363,307.0968,NaN,,44.303226,,0 / 17,3553,2022-01-10 17:04:36:082
-10.960922,-9.052945,-12.333506,-8.970646,2.574139,-3.011925,7.871289,-1.155894,-2.915708,-0.429822,5.38968,-10.763781,9.0,20.1,-22.2,-17.85,46.7043,-76.7106,85.965,5.0,32.33132,48.8439,2.3533363,307.0968,NaN,,44.303226,,0 / 17,3558,2022-01-10 17:04:36:087
-10.960922,-9.052945,-12.333506,-8.970646,2.574139,-3.011925,7.871289,-1.155894,-2.915708,-0.429822,5.38968,-10.763781,9.0,20.1,-22.2,-17.85,46.7043,-76.7106,85.965,5.0,32.33132,48.8439,2.3533363,307.0968,NaN,,44.303226,,0 / 17,3563,2022-01-10 17:04:36:092
-10.960922,-9.052945,-12.333506,-8.970646,2.574139,-3.011925,7.871289,-1.155894,-2.915708,-0.429822,5.38968,-10.763781,9.0,20.1,-22.2,-17.85,46.7043,-76.7106,85.965,5.0,32.33132,48.8439,2.3533363,307.0968,NaN,,44.303226,,0 / 17,3567,2022-01-10 17:04:36:096
-10.960922,-9.052945,-12.333506,-8.970646,2.574139,-3.011925,7.871289,-1.155894,-2.915708,-0.429822,5.38968,-10.763781,9.0,20.1,-22.2,-17.85,46.7043,-76.7106,85.965,5.0,32.33132,48.8439,2.3533363,307.0968,NaN,,44.303226,,0 / 17,3573,2022-01-10 17:04:36:102
-10.960922,-9.052945,-12.333506,-8.970646,2.574139,-3.011925,7.871289,-1.155894,-2.915708,-0.429822,5.38968,-10.763781,9.0,20.1,-22.2,-17.85,46.7043,-76.7106,85.965,5.0,32.33132,48.8439,2.3533363,307.0968,NaN,,44.303226,,0 / 17,3577,2022-01-10 17:04:36:106
-10.960922,-9.052945,-12.333506,-8.970646,2.574139,-3.011925,7.871289,-1.155894,-2.915708,-0.429822,5.38968,-10.763781,9.0,20.1,-22.2,-17.85,46.7043,-76.7106,85.965,5.0,32.33132,48.8439,2.3533363,307.0968,NaN,,44.303226,,0 / 17,3583,2022-01-10 17:04:36:112
-10.960922,-9.052945,-12.333506,-8.970646,2.574139,-3.011925,7.871289,-1.155894,-2.915708,-0.429822,5.38968,-10.763781,9.0,20.1,-22.2,-17.85,46.7043,-76.7106,85.965,5.0,32.33132,48.8439,2.3533363,307.0968,NaN,,44.303226,,0 / 17,3588,2022-01-10 17:04:36:117
-10.960922,-9.052945,-12.333506,-8.970646,2.574139,-3.011925,7.871289,-1.155894,-2.915708,-0.429822,5.38968,-10.763781,9.0,20.1,-22.2,-17.85,46.7043,-76.7106,85.965,5.0,32.33132,48.8439,2.3533363,307.0968,NaN,,44.303226,,0 / 17,3593,2022-01-10 17:04:36:122
-16.444075,-6.938886,-13.89542,-8.970646,2.574139,-3.011925,7.871289,-1.155894,-2.915708,-0.429822,5.38968,-10.763781,9.0,20.1,-22.2,-17.85,46.7043,-76.7106,85.965,5.0,32.33132,48.8439,2.3533363,307.0968,NaN,,44.303226,,0 / 17,3598,2022-01-10 17:04:36:127
-16.444075,-6.938886,-13.89542,-8.970646,2.574139,-3.011925,7.871289,-1.155894,-2.915708,-0.429822,5.38968,-10.763781,9.0,20.1,-22.2,-17.85,46.7043,-76.7106,85.965,5.0,32.33132,48.8439,2.3533363,307.0968,NaN,,44.303226,,0 / 17,3602,2022-01-10 17:04:36:131
-16.444075,-6.938886,-13.89542,-8.970646,2.574139,-3.011925,7.871289,-1.155894,-2.915708,-0.429822,5.38968,-10.763781,9.0,20.1,-22.2,-17.85,46.7043,-76.7106,85.965,5.0,32.33132,48.8439,2.3533363,307.0968,NaN,,44.303226,,0 / 17,3607,2022-01-10 17:04:36:136
-16.444075,-6.938886,-13.89542,-8.970646,2.574139,-3.011925,7.871289,-1.155894,-2.915708,-0.429822,5.38968,-10.763781,9.0,20.1,-22.2,-17.85,46.7043,-76.7106,85.965,5.0,32.33132,48.8439,2.3533363,307.0968,NaN,,44.303226,,0 / 17,3613,2022-01-10 17:04:36:142
-16.444075,-6.938886,-13.89542,-8.970646,2.574139,-3.011925,7.871289,-1.155894,-2.915708,-0.429822,5.38968,-10.763781,9.0,20.1,-22.2,-17.85,46.7043,-76.7106,85.965,5.0,32.33132,48.8439,2.3533363,307.0968,NaN,,44.303226,,0 / 17,3617,2022-01-10 17:04:36:146
-16.444075,-6.938886,-13.89542,-8.970646,2.574139,-3.011925,7.871289,-1.155894,-2.915708,-0.429822,5.38968,-10.763781,9.0,20.1,-22.2,-17.85,46.7043,-76.7106,85.965,5.0,32.33132,48.8439,2.3533363,307.0968,NaN,,44.303226,,0 / 17,3623,2022-01-10 17:04:36:152
-16.444075,-6.938886,-13.89542,-3.148776,-5.006874,-7.8222,-9.822767,-4.542661,-6.49967,-0.429822,5.38968,-10.763781,3.0,20.1,-22.2,-17.85,46.7043,-76.7106,85.965,5.0,32.33132,48.8439,2.3533363,307.0968,NaN,,44.303226,,0 / 17,3628,2022-01-10 17:04:36:157
-16.444075,-6.938886,-13.89542,-3.148776,-5.006874,-7.8222,-9.822767,-4.542661,-6.49967,-0.429822,5.38968,-10.763781,3.0,20.1,-22.2,-17.85,46.7043,-76.7106,85.965,5.0,32.33132,48.8439,2.3533363,307.0968,NaN,,44.303226,,0 / 17,3632,2022-01-10 17:04:36:161
-16.444075,-6.938886,-13.89542,-3.148776,-5.006874,-7.8222,-9.822767,-4.542661,-6.49967,-1.464562,3.474657,-2.80143,3.0,20.1,-22.2,-17.85,46.7043,-76.7106,85.965,5.0,32.33132,48.8439,2.3533363,307.0968,NaN,,44.303226,,0 / 17,3638,2022-01-10 17:04:36:167
-16.444075,-6.938886,-13.89542,-3.148776,-5.006874,-7.8222,-9.822767,-4.542661,-6.49967,-1.464562,3.474657,-2.80143,3.0,16.875,-16.05,-5.925,128.1681,30.7011,158.0731,5.0,32.33132,48.8439,2.3533363,307.0968,NaN,,44.303226,,0 / 17,3644,2022-01-10 17:04:36:173
-16.444075,-6.938886,-13.89542,-3.148776,-5.006874,-7.8222,-9.822767,-4.542661,-6.49967,-1.464562,3.474657,-2.80143,3.0,16.875,-16.05,-5.925,128.1681,30.7011,158.0731,5.0,32.33132,48.8439,2.3533363,307.0968,NaN,,44.303226,,0 / 17,3648,2022-01-10 17:04:36:177
-16.444075,-6.938886,-13.89542,-3.148776,-5.006874,-7.8222,-9.822767,-4.542661,-6.49967,-1.464562,3.474657,-2.80143,3.0,16.875,-16.05,-5.925,128.1681,30.7011,158.0731,5.0,32.33132,48.8439,2.3533363,307.0968,NaN,,44.303226,,0 / 17,3653,2022-01-10 17:04:36:182
-16.444075,-6.938886,-13.89542,-3.148776,-5.006874,-7.8222,-9.822767,-4.542661,-6.49967,-1.464562,3.474657,-2.80143,3.0,16.875,-16.05,-5.925,128.1681,30.7011,158.0731,5.0,32.33132,48.8439,2.3533363,307.0968,NaN,,44.303226,,0 / 17,3658,2022-01-10 17:04:36:187
-16.444075,-6.938886,-13.89542,-3.148776,-5.006874,-7.8222,-9.822767,-4.542661,-6.49967,-1.464562,3.474657,-2.80143,3.0,16.875,-16.05,-5.925,128.1681,30.7011,158.0731,5.0,32.33132,48.8439,2.3533363,307.0968,NaN,,44.303226,,0 / 17,3664,2022-01-10 17:04:36:193
-16.444075,-6.938886,-13.89542,-3.148776,-5.006874,-7.8222,-9.822767,-4.542661,-6.49967,-1.464562,3.474657,-2.80143,3.0,16.875,-16.05,-5.925,128.1681,30.7011,158.0731,5.0,32.33132,48.8439,2.3533363,307.0968,NaN,,44.303226,,0 / 17,3668,2022-01-10 17:04:36:197
-16.444075,-6.938886,-13.89542,-3.148776,-5.006874,-7.8222,-9.822767,-4.542661,-6.49967,-1.464562,3.474657,-2.80143,3.0,16.875,-16.05,-5.925,128.1681,30.7011,158.0731,5.0,32.33132,48.8439,2.3533363,307.0968,NaN,,44.303226,,0 / 17,3672,2022-01-10 17:04:36:201
-16.444075,-6.938886,-13.89542,-3.148776,-5.006874,-7.8222,-9.822767,-4.542661,-6.49967,-1.464562,3.474657,-2.80143,3.0,16.875,-16.05,-5.925,128.1681,30.7011,158.0731,5.0,32.33132,48.8439,2.3533363,307.0968,NaN,,44.303226,,0 / 17,3678,2022-01-10 17:04:36:207
-5.610571,-4.878965,-11.483156,-3.148776,-5.006874,-7.8222,-9.822767,-4.542661,-6.49967,-1.464562,3.474657,-2.80143,3.0,16.875,-16.05,-5.925,128.1681,30.7011,158.0731,5.0,32.33132,48.8439,2.3533363,307.0968,NaN,,44.303226,,0 / 17,3683,2022-01-10 17:04:36:212
-5.610571,-4.878965,-11.483156,-3.148776,-5.006874,-7.8222,-9.822767,-4.542661,-6.49967,-1.464562,3.474657,-2.80143,3.0,16.875,-16.05,-5.925,128.1681,30.7011,158.0731,5.0,32.33132,48.8439,2.3533363,307.0968,NaN,,44.303226,,0 / 17,3688,2022-01-10 17:04:36:217
-5.610571,-4.878965,-11.483156,-3.148776,-5.006874,-7.8222,-9.822767,-4.542661,-6.49967,-1.464562,3.474657,-2.80143,3.0,16.875,-16.05,-5.925,128.1681,30.7011,158.0731,5.0,32.33132,48.8439,2.3533363,307.0968,NaN,,44.303226,,0 / 17,3693,2022-01-10 17:04:36:222
-5.610571,-4.878965,-11.483156,-3.148776,-5.006874,-7.8222,-9.822767,-4.542661,-6.49967,-1.464562,3.474657,-2.80143,3.0,16.875,-16.05,-5.925,128.1681,30.7011,158.0731,5.0,32.33132,48.8439,2.3533363,307.0968,NaN,,44.303226,,0 / 17,3698,2022-01-10 17:04:36:227
-5.610571,-4.878965,-11.483156,-3.148776,-5.006874,-7.8222,-9.822767,-4.542661,-6.49967,-1.464562,3.474657,-2.80143,3.0,16.875,-16.05,-5.925,128.1681,30.7011,158.0731,5.0,32.33132,48.8439,2.3533363,307.0968,NaN,,44.303226,,0 / 17,3702,2022-01-10 17:04:36:231
-5.610571,-4.878965,-11.483156,-3.148776,-5.006874,-7.8222,-9.822767,-4.542661,-6.49967,-1.464562,3.474657,-2.80143,3.0,16.875,-16.05,-5.925,128.1681,30.7011,158.0731,5.0,32.33132,48.8439,2.3533363,307.0968,NaN,,44.303226,,0 / 17,3709,2022-01-10 17:04:36:238
-5.610571,-4.878965,-11.483156,-3.148776,-5.006874,-7.8222,-9.822767,-4.542661,-6.49967,-1.464562,3.474657,-2.80143,3.0,16.875,-16.05,-5.925,128.1681,30.7011,158.0731,5.0,32.33132,48.8439,2.3533363,307.0968,NaN,,44.303226,,0 / 17,3713,2022-01-10 17:04:36:242
-5.610571,-4.878965,-11.483156,-3.148776,-5.006874,-7.8222,-9.822767,-4.542661,-6.49967,-1.464562,3.474657,-2.80143,3.0,16.875,-16.05,-5.925,128.1681,30.7011,158.0731,5.0,32.33132,48.8439,2.3533363,307.0968,NaN,,44.303226,,0 / 17,3718,2022-01-10 17:04:36:247
-5.610571,-4.878965,-11.483156,-3.148776,-5.006874,-7.8222,-9.822767,-4.542661,-6.49967,-1.464562,3.474657,-2.80143,3.0,16.875,-16.05,-5.925,128.1681,30.7011,158.0731,5.0,32.33132,48.8439,2.3533363,307.0968,NaN,,44.303226,,0 / 17,3724,2022-01-10 17:04:36:253
-5.610571,-4.878965,-11.483156,-3.148776,-5.006874,-7.8222,-9.822767,-4.542661,-6.49967,-1.464562,3.474657,-2.80143,3.0,16.875,-16.05,-5.925,128.1681,30.7011,158.0731,5.0,32.33132,48.8439,2.3533363,307.0968,NaN,,44.303226,,0 / 17,3728,2022-01-10 17:04:36:257
-5.610571,-4.878965,-11.483156,-3.148776,-5.006874,-7.8222,-9.822767,-4.542661,-6.49967,-1.464562,3.474657,-2.80143,3.0,16.875,-16.05,-5.925,128.1681,30.7011,158.0731,5.0,32.33132,48.8439,2.3533363,307.0968,NaN,,44.303226,,0 / 17,3733,2022-01-10 17:04:36:262
-5.610571,-4.878965,-11.483156,-2.042825,-1.139748,-9.523561,-4.78674,-3.014715,-2.14672,-1.464562,3.474657,-2.80143,3.0,16.875,-16.05,-5.925,128.1681,30.7011,158.0731,5.0,32.33132,48.8439,2.3533363,307.0968,NaN,,44.303226,,0 / 17,3738,2022-01-10 17:04:36:267
-5.610571,-4.878965,-11.483156,-2.042825,-1.139748,-9.523561,-4.78674,-3.014715,-2.14672,-1.464562,3.474657,-2.80143,3.0,16.875,-16.05,-5.925,128.1681,30.7011,158.0731,5.0,32.33132,48.8439,2.3533363,307.0968,NaN,,44.303226,,0 / 17,3742,2022-01-10 17:04:36:271
-5.610571,-4.878965,-11.483156,-2.042825,-1.139748,-9.523561,-4.78674,-3.014715,-2.14672,-1.464562,3.474657,-2.80143,3.0,16.875,-16.05,-5.925,128.1681,30.7011,158.0731,5.0,32.33132,48.8439,2.3533363,307.0968,NaN,,44.303226,,0 / 17,3750,2022-01-10 17:04:36:279
-5.610571,-4.878965,-11.483156,-2.042825,-1.139748,-9.523561,-4.78674,-3.014715,-2.14672,-1.464562,3.474657,-2.80143,3.0,16.875,-16.05,-5.925,128.1681,30.7011,158.0731,5.0,32.33132,48.8439,2.3533363,307.0968,NaN,,44.303226,,0 / 17,3752,2022-01-10 17:04:36:281
-5.610571,-4.878965,-11.483156,-2.042825,-1.139748,-9.523561,-4.78674,-3.014715,-2.14672,-1.464562,3.474657,-2.80143,3.0,16.875,-16.05,-5.925,128.1681,30.7011,158.0731,5.0,32.33132,48.8439,2.3533363,307.0968,NaN,,44.303226,,0 / 17,3758,2022-01-10 17:04:36:287
-5.610571,-4.878965,-11.483156,-2.042825,-1.139748,-9.523561,-4.78674,-3.014715,-2.14672,-1.464562,3.474657,-2.80143,3.0,16.875,-16.05,-5.925,128.1681,30.7011,158.0731,5.0,32.33132,48.8439,2.3533363,307.0968,NaN,,44.303226,,0 / 17,3762,2022-01-10 17:04:36:291
-4.404588,-2.158924,-9.701999,-2.042825,-1.139748,-9.523561,-4.78674,-3.014715,-2.14672,-5.707119,0.661377,1.834198,3.0,16.875,-16.05,-5.925,128.1681,30.7011,158.0731,5.0,32.33132,48.8439,2.3533363,307.0968,NaN,,44.303226,,0 / 17,3767,2022-01-10 17:04:36:296
-4.404588,-2.158924,-9.701999,-2.042825,-1.139748,-9.523561,-4.78674,-3.014715,-2.14672,-5.707119,0.661377,1.834198,3.0,16.875,-16.05,-5.925,128.1681,30.7011,158.0731,5.0,32.33132,48.8439,2.3533363,307.0968,NaN,,44.303226,,0 / 17,3773,2022-01-10 17:04:36:302
-4.404588,-2.158924,-9.701999,-2.042825,-1.139748,-9.523561,-4.78674,-3.014715,-2.14672,-5.707119,0.661377,1.834198,3.0,16.875,-16.05,-5.925,128.1681,30.7011,158.0731,5.0,32.33132,48.8439,2.3533363,307.0968,NaN,,44.303226,,0 / 17,3778,2022-01-10 17:04:36:307
-4.404588,-2.158924,-9.701999,-2.042825,-1.139748,-9.523561,-4.78674,-3.014715,-2.14672,-5.707119,0.661377,1.834198,3.0,16.875,-16.05,-5.925,128.1681,30.7011,158.0731,5.0,32.33132,48.8439,2.3533363,307.0968,NaN,,44.303226,,0 / 17,3783,2022-01-10 17:04:36:312
-4.404588,-2.158924,-9.701999,-2.042825,-1.139748,-9.523561,-4.78674,-3.014715,-2.14672,-5.707119,0.661377,1.834198,3.0,16.875,-16.05,-5.925,128.1681,30.7011,158.0731,5.0,32.33132,48.8439,2.3533363,307.0968,NaN,,44.303226,,0 / 17,3788,2022-01-10 17:04:36:317
-4.404588,-2.158924,-9.701999,-2.042825,-1.139748,-9.523561,-4.78674,-3.014715,-2.14672,-5.707119,0.661377,1.834198,3.0,16.875,-16.05,-5.925,128.1681,30.7011,158.0731,5.0,32.33132,48.8439,2.3533363,307.0968,NaN,,44.303226,,0 / 17,3792,2022-01-10 17:04:36:321
-4.404588,-2.158924,-9.701999,-2.042825,-1.139748,-9.523561,-4.78674,-3.014715,-2.14672,-5.707119,0.661377,1.834198,3.0,16.875,-16.05,-5.925,128.1681,30.7011,158.0731,5.0,32.33132,48.8439,2.3533363,307.0968,NaN,,44.303226,,0 / 17,3797,2022-01-10 17:04:36:326
-4.404588,-2.158924,-9.701999,-2.042825,-1.139748,-9.523561,-4.78674,-3.014715,-2.14672,-5.707119,0.661377,1.834198,3.0,16.875,-16.05,-5.925,128.1681,30.7011,158.0731,5.0,32.33132,48.8439,2.3533363,307.0968,NaN,,44.303226,,0 / 17,3803,2022-01-10 17:04:36:332
-4.404588,-2.158924,-9.701999,-2.042825,-1.139748,-9.523561,-4.78674,-3.014715,-2.14672,-5.707119,0.661377,1.834198,9.0,16.875,-16.05,-5.925,128.1681,30.7011,158.0731,5.0,32.33132,48.8439,2.3533363,307.0968,NaN,,44.303226,,0 / 17,3807,2022-01-10 17:04:36:336
-4.404588,-2.158924,-9.701999,-2.042825,-1.139748,-9.523561,-4.78674,-3.014715,-2.14672,-5.707119,0.661377,1.834198,9.0,16.875,-16.05,-5.925,128.1681,30.7011,158.0731,5.0,32.33132,48.8439,2.3533363,307.0968,NaN,,44.303226,,0 / 17,3813,2022-01-10 17:04:36:342
-4.404588,-2.158924,-9.701999,-2.042825,-1.139748,-9.523561,-4.78674,-3.014715,-2.14672,-5.707119,0.661377,1.834198,9.0,16.875,-16.05,-5.925,128.1681,30.7011,158.0731,5.0,32.33132,48.8439,2.3533363,307.0968,NaN,,44.303226,,0 / 17,3818,2022-01-10 17:04:36:347
-4.404588,-2.158924,-9.701999,-2.042825,-1.139748,-9.523561,-4.78674,-3.014715,-2.14672,-5.707119,0.661377,1.834198,9.0,16.875,-16.05,-5.925,128.1681,30.7011,158.0731,5.0,32.33132,48.8439,2.3533363,307.0968,NaN,,44.303226,,0 / 17,3823,2022-01-10 17:04:36:352
-4.404588,-2.158924,-9.701999,-2.042825,-1.139748,-9.523561,-4.78674,-3.014715,-2.14672,-5.707119,0.661377,1.834198,9.0,16.875,-16.05,-5.925,128.1681,30.7011,158.0731,5.0,32.33132,48.8439,2.3533363,307.0968,NaN,,44.303226,,0 / 17,3827,2022-01-10 17:04:36:356
-4.404588,-2.158924,-9.701999,-2.042825,-1.139748,-9.523561,-4.78674,-3.014715,-2.14672,-5.707119,0.661377,1.834198,9.0,16.875,-16.05,-5.925,128.1681,30.7011,158.0731,5.0,32.33132,48.8439,2.3533363,307.0968,NaN,,44.303226,,0 / 17,3833,2022-01-10 17:04:36:362
-4.404588,-2.158924,-9.701999,-2.042825,-1.139748,-9.523561,-4.78674,-3.014715,-2.14672,-5.707119,0.661377,1.834198,9.0,16.875,-16.05,-5.925,128.1681,30.7011,158.0731,5.0,32.33132,48.8439,2.3533363,307.0968,NaN,,44.303226,,0 / 17,3838,2022-01-10 17:04:36:367
-4.404588,-2.158924,-9.701999,-2.042825,-1.139748,-9.523561,-4.78674,-3.014715,-2.14672,-5.707119,0.661377,1.834198,9.0,19.875,2.475,18.975,92.4278,6.6741,167.8934,5.0,32.33132,48.8439,2.3533363,307.0968,NaN,,44.303226,,0 / 17,3846,2022-01-10 17:04:36:375
-4.404588,-2.158924,-9.701999,-2.042825,-1.139748,-9.523561,-4.78674,-3.014715,-2.14672,-5.707119,0.661377,1.834198,9.0,19.875,2.475,18.975,92.4278,6.6741,167.8934,5.0,32.33132,48.8439,2.3533363,307.0968,NaN,,44.303226,,0 / 17,3847,2022-01-10 17:04:36:376
-4.404588,-2.158924,-9.701999,-2.042825,-1.139748,-9.523561,-4.78674,-3.014715,-2.14672,-5.707119,0.661377,1.834198,9.0,19.875,2.475,18.975,92.4278,6.6741,167.8934,5.0,32.33132,48.8439,2.3533363,307.0968,NaN,,44.303226,,0 / 17,3852,2022-01-10 17:04:36:381
-4.404588,-2.158924,-9.701999,-2.042825,-1.139748,-9.523561,-4.78674,-3.014715,-2.14672,-5.707119,0.661377,1.834198,9.0,19.875,2.475,18.975,92.4278,6.6741,167.8934,5.0,32.33132,48.8439,2.3533363,307.0968,NaN,,44.303226,,0 / 17,3858,2022-01-10 17:04:36:387
-4.404588,-2.158924,-9.701999,-2.042825,-1.139748,-9.523561,-4.78674,-3.014715,-2.14672,-5.707119,0.661377,1.834198,9.0,19.875,2.475,18.975,92.4278,6.6741,167.8934,5.0,32.33132,48.8439,2.3533363,307.0968,NaN,,44.303226,,0 / 17,3862,2022-01-10 17:04:36:391
-4.187739,0.847358,-9.489935,-0.317469,6.174332,-7.612307,-3.374574,-7.536131,-3.293454,-5.707119,0.661377,1.834198,9.0,19.875,2.475,18.975,92.4278,6.6741,167.8934,5.0,34.53174,48.8439,2.3533363,307.0968,NaN,,44.303226,,0 / 17,3868,2022-01-10 17:04:36:397
-4.187739,0.847358,-9.489935,-0.317469,6.174332,-7.612307,-3.374574,-7.536131,-3.293454,-5.707119,0.661377,1.834198,9.0,19.875,2.475,18.975,92.4278,6.6741,167.8934,5.0,34.53174,48.8439,2.3533363,307.0968,NaN,,44.303226,,0 / 17,3872,2022-01-10 17:04:36:401
-4.187739,0.847358,-9.489935,-0.317469,6.174332,-7.612307,-3.374574,-7.536131,-3.293454,-5.707119,0.661377,1.834198,9.0,19.875,2.475,18.975,92.4278,6.6741,167.8934,5.0,34.53174,48.8439,2.3533363,307.0968,NaN,,44.303226,,0 / 17,3878,2022-01-10 17:04:36:407
-4.187739,0.847358,-9.489935,-0.317469,6.174332,-7.612307,-3.374574,-7.536131,-3.293454,-5.707119,0.661377,1.834198,9.0,19.875,2.475,18.975,92.4278,6.6741,167.8934,5.0,34.53174,48.8439,2.3533363,307.0968,NaN,,44.303226,,0 / 17,3883,2022-01-10 17:04:36:412
-4.187739,0.847358,-9.489935,-0.317469,6.174332,-7.612307,-3.374574,-7.536131,-3.293454,-5.707119,0.661377,1.834198,9.0,19.875,2.475,18.975,92.4278,6.6741,167.8934,5.0,34.53174,48.8439,2.3533363,307.0968,NaN,,44.303226,,0 / 17,3887,2022-01-10 17:04:36:416
-4.187739,0.847358,-9.489935,-0.317469,6.174332,-7.612307,-3.374574,-7.536131,-3.293454,-5.707119,0.661377,1.834198,9.0,19.875,2.475,18.975,92.4278,6.6741,167.8934,5.0,34.53174,48.8439,2.3533363,307.0968,NaN,,44.303226,,0 / 17,3893,2022-01-10 17:04:36:422
-4.187739,0.847358,-9.489935,-0.317469,6.174332,-7.612307,-3.374574,-7.536131,-3.293454,-7.70736,-3.237776,2.434058,9.0,19.875,2.475,18.975,92.4278,6.6741,167.8934,5.0,34.53174,48.8439,2.3533363,307.0968,NaN,,44.303226,,0 / 17,3898,2022-01-10 17:04:36:427
-4.187739,0.847358,-9.489935,-0.317469,6.174332,-7.612307,-3.374574,-7.536131,-3.293454,-7.70736,-3.237776,2.434058,9.0,19.875,2.475,18.975,92.4278,6.6741,167.8934,5.0,34.53174,48.8439,2.3533363,307.0968,NaN,,44.303226,,0 / 17,3902,2022-01-10 17:04:36:431
-4.187739,0.847358,-9.489935,-0.317469,6.174332,-7.612307,-3.374574,-7.536131,-3.293454,-7.70736,-3.237776,2.434058,9.0,19.875,2.475,18.975,92.4278,6.6741,167.8934,5.0,34.53174,48.8439,2.3533363,307.0968,NaN,,44.303226,,0 / 17,3908,2022-01-10 17:04:36:437
-4.187739,0.847358,-9.489935,-0.317469,6.174332,-7.612307,-3.374574,-7.536131,-3.293454,-7.70736,-3.237776,2.434058,9.0,19.875,2.475,18.975,92.4278,6.6741,167.8934,5.0,34.53174,48.8439,2.3533363,307.0968,NaN,,44.303226,,0 / 17,3912,2022-01-10 17:04:36:441
-4.187739,0.847358,-9.489935,-0.317469,6.174332,-7.612307,-3.374574,-7.536131,-3.293454,-7.70736,-3.237776,2.434058,9.0,19.875,2.475,18.975,92.4278,6.6741,167.8934,5.0,34.53174,48.8439,2.3533363,307.0968,NaN,,44.303226,,0 / 17,3918,2022-01-10 17:04:36:447
-4.187739,0.847358,-9.489935,-0.317469,6.174332,-7.612307,-3.374574,-7.536131,-3.293454,-7.70736,-3.237776,2.434058,9.0,19.875,2.475,18.975,92.4278,6.6741,167.8934,5.0,34.53174,48.8439,2.3533363,307.0968,NaN,,44.303226,,0 / 17,3923,2022-01-10 17:04:36:452
-4.187739,0.847358,-9.489935,-0.317469,6.174332,-7.612307,-3.374574,-7.536131,-3.293454,-7.70736,-3.237776,2.434058,9.0,19.875,2.475,18.975,92.4278,6.6741,167.8934,5.0,34.53174,48.8439,2.3533363,307.0968,NaN,,44.303226,,0 / 17,3928,2022-01-10 17:04:36:457
-4.187739,0.847358,-9.489935,-0.317469,6.174332,-7.612307,-3.374574,-7.536131,-3.293454,-7.70736,-3.237776,2.434058,9.0,19.875,2.475,18.975,92.4278,6.6741,167.8934,5.0,34.53174,48.8439,2.3533363,307.0968,NaN,,44.303226,,0 / 17,3933,2022-01-10 17:04:36:462
-4.187739,0.847358,-9.489935,-0.317469,6.174332,-7.612307,-3.374574,-7.536131,-3.293454,-7.70736,-3.237776,2.434058,9.0,19.875,2.475,18.975,92.4278,6.6741,167.8934,5.0,34.53174,48.8439,2.3533363,307.0968,NaN,,44.303226,,0 / 17,3938,2022-01-10 17:04:36:467
-4.187739,0.847358,-9.489935,-0.317469,6.174332,-7.612307,-3.374574,-7.536131,-3.293454,-7.70736,-3.237776,2.434058,9.0,19.875,2.475,18.975,92.4278,6.6741,167.8934,5.0,34.53174,48.8439,2.3533363,307.0968,NaN,,44.303226,,0 / 17,3943,2022-01-10 17:04:36:472
-4.187739,0.847358,-9.489935,-0.317469,6.174332,-7.612307,-3.374574,-7.536131,-3.293454,-7.70736,-3.237776,2.434058,9.0,19.875,2.475,18.975,92.4278,6.6741,167.8934,5.0,34.53174,48.8439,2.3533363,307.0968,NaN,,44.303226,,0 / 17,3949,2022-01-10 17:04:36:478
-4.187739,0.847358,-9.489935,-0.317469,6.174332,-7.612307,-3.374574,-7.536131,-3.293454,-7.70736,-3.237776,2.434058,9.0,19.875,2.475,18.975,92.4278,6.6741,167.8934,5.0,34.53174,48.8439,2.3533363,307.0968,NaN,,44.303226,,0 / 17,3954,2022-01-10 17:04:36:483
4.919943,6.178567,-0.614955,-0.317469,6.174332,-7.612307,-3.374574,-7.536131,-3.293454,-7.70736,-3.237776,2.434058,9.0,19.875,2.475,18.975,92.4278,6.6741,167.8934,5.0,34.53174,48.8439,2.3533363,307.0968,NaN,,44.303226,,0 / 17,3957,2022-01-10 17:04:36:486
4.919943,6.178567,-0.614955,-0.317469,6.174332,-7.612307,-3.374574,-7.536131,-3.293454,-7.70736,-3.237776,2.434058,9.0,19.875,2.475,18.975,92.4278,6.6741,167.8934,5.0,34.53174,48.8439,2.3533363,307.0968,NaN,,44.303226,,0 / 17,3964,2022-01-10 17:04:36:493
4.919943,6.178567,-0.614955,-0.317469,6.174332,-7.612307,-3.374574,-7.536131,-3.293454,-7.70736,-3.237776,2.434058,9.0,19.875,2.475,18.975,92.4278,6.6741,167.8934,5.0,34.53174,48.8439,2.3533363,307.0968,NaN,,44.303226,,0 / 17,3968,2022-01-10 17:04:36:497
4.919943,6.178567,-0.614955,-0.317469,6.174332,-7.612307,-3.374574,-7.536131,-3.293454,-7.70736,-3.237776,2.434058,9.0,19.875,2.475,18.975,92.4278,6.6741,167.8934,5.0,34.53174,48.8439,2.3533363,307.0968,NaN,,44.303226,,0 / 17,3972,2022-01-10 17:04:36:501
4.919943,6.178567,-0.614955,-0.317469,6.174332,-7.612307,-3.374574,-7.536131,-3.293454,-7.70736,-3.237776,2.434058,9.0,19.875,2.475,18.975,92.4278,6.6741,167.8934,5.0,34.53174,48.8439,2.3533363,307.0968,NaN,,44.303226,,0 / 17,3977,2022-01-10 17:04:36:506
4.919943,6.178567,-0.614955,-0.317469,6.174332,-7.612307,-3.374574,-7.536131,-3.293454,-7.70736,-3.237776,2.434058,9.0,19.875,2.475,18.975,92.4278,6.6741,167.8934,5.0,34.53174,48.8439,2.3533363,307.0968,NaN,,44.303226,,0 / 17,3982,2022-01-10 17:04:36:511
4.919943,6.178567,-0.614955,-0.254422,9.802772,0.106368,1.243948,-4.113176,-3.229982,-7.70736,-3.237776,2.434058,9.0,19.875,2.475,18.975,92.4278,6.6741,167.8934,5.0,34.53174,48.8439,2.3533363,307.0968,NaN,,44.303226,,0 / 17,3988,2022-01-10 17:04:36:517
4.919943,6.178567,-0.614955,-0.254422,9.802772,0.106368,1.243948,-4.113176,-3.229982,-7.70736,-3.237776,2.434058,9.0,19.875,2.475,18.975,92.4278,6.6741,167.8934,5.0,34.53174,48.8439,2.3533363,307.0968,NaN,,44.303226,,0 / 17,3992,2022-01-10 17:04:36:521
4.919943,6.178567,-0.614955,-0.254422,9.802772,0.106368,1.243948,-4.113176,-3.229982,-7.70736,-3.237776,2.434058,9.0,19.875,2.475,18.975,92.4278,6.6741,167.8934,5.0,34.53174,48.8439,2.3533363,307.0968,NaN,,44.303226,,0 / 17,3997,2022-01-10 17:04:36:526
4.919943,6.178567,-0.614955,-0.254422,9.802772,0.106368,1.243948,-4.113176,-3.229982,-7.70736,-3.237776,2.434058,9.0,19.875,2.475,18.975,92.4278,6.6741,167.8934,5.0,34.53174,48.8439,2.3533363,307.0968,NaN,,44.303226,,0 / 17,4003,2022-01-10 17:04:36:532
4.919943,6.178567,-0.614955,-0.254422,9.802772,0.106368,1.243948,-4.113176,-3.229982,-7.70736,-3.237776,2.434058,9.0,19.875,2.475,18.975,92.4278,6.6741,167.8934,5.0,34.53174,48.8439,2.3533363,307.0968,NaN,,44.303226,,0 / 17,4007,2022-01-10 17:04:36:536
4.919943,6.178567,-0.614955,-0.254422,9.802772,0.106368,1.243948,-4.113176,-3.229982,-7.70736,-3.237776,2.434058,9.0,19.875,2.475,18.975,92.4278,6.6741,167.8934,5.0,34.53174,48.8439,2.3533363,307.0968,NaN,,44.303226,,0 / 17,4012,2022-01-10 17:04:36:541
4.919943,6.178567,-0.614955,-0.254422,9.802772,0.106368,1.243948,-4.113176,-3.229982,-7.70736,-3.237776,2.434058,9.0,19.875,2.475,18.975,92.4278,6.6741,167.8934,5.0,34.53174,48.8439,2.3533363,307.0968,NaN,,44.303226,,0 / 17,4017,2022-01-10 17:04:36:546
4.919943,6.178567,-0.614955,-0.254422,9.802772,0.106368,1.243948,-4.113176,-3.229982,-7.70736,-3.237776,2.434058,9.0,19.875,2.475,18.975,92.4278,6.6741,167.8934,5.0,34.53174,48.8439,2.3533363,307.0968,NaN,,44.303226,,0 / 17,4023,2022-01-10 17:04:36:552
4.919943,6.178567,-0.614955,-0.254422,9.802772,0.106368,1.243948,-4.113176,-3.229982,-7.70736,-3.237776,2.434058,9.0,19.875,2.475,18.975,92.4278,6.6741,167.8934,5.0,34.53174,48.8439,2.3533363,307.0968,NaN,,44.303226,,0 / 17,4028,2022-01-10 17:04:36:557
4.919943,6.178567,-0.614955,-0.254422,9.802772,0.106368,1.243948,-4.113176,-3.229982,-6.093532,-11.882674,0.027829,9.0,19.875,2.475,18.975,92.4278,6.6741,167.8934,5.0,34.53174,48.8439,2.3533363,307.0968,NaN,,44.303226,,0 / 17,4032,2022-01-10 17:04:36:561
4.919943,6.178567,-0.614955,-0.254422,9.802772,0.106368,1.243948,-4.113176,-3.229982,-6.093532,-11.882674,0.027829,18.0,19.875,2.475,18.975,92.4278,6.6741,167.8934,5.0,34.53174,48.8439,2.3533363,307.0968,NaN,,44.303226,,0 / 17,4038,2022-01-10 17:04:36:567
4.919943,6.178567,-0.614955,-0.254422,9.802772,0.106368,1.243948,-4.113176,-3.229982,-6.093532,-11.882674,0.027829,18.0,19.875,2.475,18.975,92.4278,6.6741,167.8934,5.0,34.53174,48.8439,2.3533363,307.0968,NaN,,44.303226,,0 / 17,4043,2022-01-10 17:04:36:572
4.919943,6.178567,-0.614955,-0.254422,9.802772,0.106368,1.243948,-4.113176,-3.229982,-6.093532,-11.882674,0.027829,18.0,12.225,-1.05,28.275,270.4567,-88.3887,67.3112,5.0,34.53174,48.8439,2.3533363,307.0968,NaN,,44.303226,,0 / 17,4048,2022-01-10 17:04:36:577
4.172485,4.507779,10.876276,-0.254422,9.802772,0.106368,1.243948,-4.113176,-3.229982,-6.093532,-11.882674,0.027829,18.0,12.225,-1.05,28.275,270.4567,-88.3887,67.3112,5.0,34.53174,48.8439,2.3533363,307.0968,NaN,,44.303226,,0 / 17,4052,2022-01-10 17:04:36:581
4.172485,4.507779,10.876276,-0.254422,9.802772,0.106368,1.243948,-4.113176,-3.229982,-6.093532,-11.882674,0.027829,18.0,12.225,-1.05,28.275,270.4567,-88.3887,67.3112,5.0,34.53174,48.8439,2.3533363,307.0968,NaN,,44.303226,,0 / 17,4058,2022-01-10 17:04:36:587
4.172485,4.507779,10.876276,-0.254422,9.802772,0.106368,1.243948,-4.113176,-3.229982,-6.093532,-11.882674,0.027829,18.0,12.225,-1.05,28.275,270.4567,-88.3887,67.3112,5.0,34.53174,48.8439,2.3533363,307.0968,NaN,,44.303226,,0 / 17,4063,2022-01-10 17:04:36:592
4.172485,4.507779,10.876276,-0.254422,9.802772,0.106368,1.243948,-4.113176,-3.229982,-6.093532,-11.882674,0.027829,18.0,12.225,-1.05,28.275,270.4567,-88.3887,67.3112,5.0,34.53174,48.8439,2.3533363,307.0968,NaN,,44.303226,,0 / 17,4068,2022-01-10 17:04:36:597
4.172485,4.507779,10.876276,-0.254422,9.802772,0.106368,1.243948,-4.113176,-3.229982,-6.093532,-11.882674,0.027829,18.0,12.225,-1.05,28.275,270.4567,-88.3887,67.3112,5.0,34.53174,48.8439,2.3533363,307.0968,NaN,,44.303226,,0 / 17,4072,2022-01-10 17:04:36:601
4.172485,4.507779,10.876276,-0.254422,9.802772,0.106368,1.243948,-4.113176,-3.229982,-6.093532,-11.882674,0.027829,18.0,12.225,-1.05,28.275,270.4567,-88.3887,67.3112,5.0,34.53174,48.8439,2.3533363,307.0968,NaN,,44.303226,,0 / 17,4078,2022-01-10 17:04:36:607
4.172485,4.507779,10.876276,-0.254422,9.802772,0.106368,1.243948,-4.113176,-3.229982,-6.093532,-11.882674,0.027829,18.0,12.225,-1.05,28.275,270.4567,-88.3887,67.3112,5.0,34.53174,48.8439,2.3533363,307.0968,NaN,,44.303226,,0 / 17,4083,2022-01-10 17:04:36:612
4.172485,4.507779,10.876276,-0.254422,9.802772,0.106368,1.243948,-4.113176,-3.229982,-6.093532,-11.882674,0.027829,18.0,12.225,-1.05,28.275,270.4567,-88.3887,67.3112,5.0,34.53174,48.8439,2.3533363,307.0968,NaN,,44.303226,,0 / 17,4087,2022-01-10 17:04:36:616
4.172485,4.507779,10.876276,-0.254422,9.802772,0.106368,1.243948,-4.113176,-3.229982,-6.093532,-11.882674,0.027829,18.0,12.225,-1.05,28.275,270.4567,-88.3887,67.3112,5.0,34.53174,48.8439,2.3533363,307.0968,NaN,,44.303226,,0 / 17,4092,2022-01-10 17:04:36:621
4.172485,4.507779,10.876276,-0.254422,9.802772,0.106368,1.243948,-4.113176,-3.229982,-6.093532,-11.882674,0.027829,18.0,12.225,-1.05,28.275,270.4567,-88.3887,67.3112,5.0,34.53174,48.8439,2.3533363,307.0968,NaN,,44.303226,,0 / 17,4097,2022-01-10 17:04:36:626
4.172485,4.507779,10.876276,-0.254422,9.802772,0.106368,1.243948,-4.113176,-3.229982,-6.093532,-11.882674,0.027829,18.0,12.225,-1.05,28.275,270.4567,-88.3887,67.3112,5.0,34.53174,48.8439,2.3533363,307.0968,NaN,,44.303226,,0 / 17,4102,2022-01-10 17:04:36:631
4.172485,4.507779,10.876276,-0.254422,9.802772,0.106368,1.243948,-4.113176,-3.229982,-6.093532,-11.882674,0.027829,18.0,12.225,-1.05,28.275,270.4567,-88.3887,67.3112,5.0,34.53174,48.8439,2.3533363,307.0968,NaN,,44.303226,,0 / 17,4107,2022-01-10 17:04:36:636
4.172485,4.507779,10.876276,-0.254422,9.802772,0.106368,1.243948,-4.113176,-3.229982,-6.093532,-11.882674,0.027829,18.0,12.225,-1.05,28.275,270.4567,-88.3887,67.3112,5.0,34.53174,48.8439,2.3533363,307.0968,NaN,,44.303226,,0 / 17,4112,2022-01-10 17:04:36:641
4.172485,4.507779,10.876276,2.184917,9.020182,3.167466,4.664019,-3.511019,4.137255,-6.093532,-11.882674,0.027829,18.0,12.225,-1.05,28.275,270.4567,-88.3887,67.3112,5.0,34.53174,48.8439,2.3533363,307.0968,NaN,,44.303226,,0 / 17,4118,2022-01-10 17:04:36:647
4.172485,4.507779,10.876276,2.184917,9.020182,3.167466,4.664019,-3.511019,4.137255,-6.093532,-11.882674,0.027829,18.0,12.225,-1.05,28.275,270.4567,-88.3887,67.3112,5.0,34.53174,48.8439,2.3533363,307.0968,NaN,,44.303226,,0 / 17,4122,2022-01-10 17:04:36:651
4.172485,4.507779,10.876276,2.184917,9.020182,3.167466,4.664019,-3.511019,4.137255,-6.093532,-11.882674,0.027829,18.0,12.225,-1.05,28.275,270.4567,-88.3887,67.3112,5.0,34.53174,48.8439,2.3533363,307.0968,NaN,,44.303226,,0 / 17,4127,2022-01-10 17:04:36:656
4.172485,4.507779,10.876276,2.184917,9.020182,3.167466,4.664019,-3.511019,4.137255,-6.093532,-11.882674,0.027829,18.0,12.225,-1.05,28.275,270.4567,-88.3887,67.3112,5.0,34.53174,48.8439,2.3533363,307.0968,NaN,,44.303226,,0 / 17,4132,2022-01-10 17:04:36:661
4.172485,4.507779,10.876276,2.184917,9.020182,3.167466,4.664019,-3.511019,4.137255,-6.093532,-11.882674,0.027829,18.0,12.225,-1.05,28.275,270.4567,-88.3887,67.3112,5.0,34.53174,48.8439,2.3533363,307.0968,NaN,,44.303226,,0 / 17,4137,2022-01-10 17:04:36:666
1.928017,6.727122,-2.883351,2.184917,9.020182,3.167466,4.664019,-3.511019,4.137255,-6.093532,-11.882674,0.027829,18.0,12.225,-1.05,28.275,270.4567,-88.3887,67.3112,5.0,34.53174,48.8439,2.3533363,307.0968,NaN,,44.303226,,0 / 17,4143,2022-01-10 17:04:36:672
1.928017,6.727122,-2.883351,2.184917,9.020182,3.167466,4.664019,-3.511019,4.137255,-6.093532,-11.882674,0.027829,18.0,12.225,-1.05,28.275,270.4567,-88.3887,67.3112,5.0,34.53174,48.8439,2.3533363,307.0968,NaN,,44.303226,,0 / 17,4147,2022-01-10 17:04:36:676
1.928017,6.727122,-2.883351,2.184917,9.020182,3.167466,4.664019,-3.511019,4.137255,-6.093532,-11.882674,0.027829,18.0,12.225,-1.05,28.275,270.4567,-88.3887,67.3112,5.0,34.53174,48.8439,2.3533363,307.0968,NaN,,44.303226,,0 / 17,4152,2022-01-10 17:04:36:681
1.928017,6.727122,-2.883351,2.184917,9.020182,3.167466,4.664019,-3.511019,4.137255,-6.093532,-11.882674,0.027829,18.0,12.225,-1.05,28.275,270.4567,-88.3887,67.3112,5.0,34.53174,48.8439,2.3533363,307.0968,NaN,,44.303226,,0 / 17,4157,2022-01-10 17:04:36:686
1.928017,6.727122,-2.883351,2.184917,9.020182,3.167466,4.664019,-3.511019,4.137255,2.517678,-3.622325,-2.928858,18.0,12.225,-1.05,28.275,270.4567,-88.3887,67.3112,5.0,34.53174,48.8439,2.3533363,307.0968,NaN,,44.303226,,0 / 17,4163,2022-01-10 17:04:36:692
1.928017,6.727122,-2.883351,2.184917,9.020182,3.167466,4.664019,-3.511019,4.137255,2.517678,-3.622325,-2.928858,18.0,12.225,-1.05,28.275,270.4567,-88.3887,67.3112,5.0,34.53174,48.8439,2.3533363,307.0968,NaN,,44.303226,,0 / 17,4169,2022-01-10 17:04:36:698
1.928017,6.727122,-2.883351,2.184917,9.020182,3.167466,4.664019,-3.511019,4.137255,2.517678,-3.622325,-2.928858,18.0,12.225,-1.05,28.275,270.4567,-88.3887,67.3112,5.0,34.53174,48.8439,2.3533363,307.0968,NaN,,44.303226,,0 / 17,4172,2022-01-10 17:04:36:701
1.928017,6.727122,-2.883351,2.184917,9.020182,3.167466,4.664019,-3.511019,4.137255,2.517678,-3.622325,-2.928858,18.0,12.225,-1.05,28.275,270.4567,-88.3887,67.3112,5.0,26.22008,48.8439,2.3533363,307.0968,NaN,,44.303226,,0 / 17,4177,2022-01-10 17:04:36:706
1.928017,6.727122,-2.883351,2.184917,9.020182,3.167466,4.664019,-3.511019,4.137255,2.517678,-3.622325,-2.928858,18.0,12.225,-1.05,28.275,270.4567,-88.3887,67.3112,5.0,26.22008,48.8439,2.3533363,307.0968,NaN,,44.303226,,0 / 17,4182,2022-01-10 17:04:36:711
1.928017,6.727122,-2.883351,2.184917,9.020182,3.167466,4.664019,-3.511019,4.137255,2.517678,-3.622325,-2.928858,18.0,12.225,-1.05,28.275,270.4567,-88.3887,67.3112,5.0,26.22008,48.8439,2.3533363,307.0968,NaN,,44.303226,,0 / 17,4187,2022-01-10 17:04:36:716
1.928017,6.727122,-2.883351,2.184917,9.020182,3.167466,4.664019,-3.511019,4.137255,2.517678,-3.622325,-2.928858,18.0,12.225,-1.05,28.275,270.4567,-88.3887,67.3112,5.0,26.22008,48.8439,2.3533363,307.0968,NaN,,44.303226,,0 / 17,4193,2022-01-10 17:04:36:722
1.928017,6.727122,-2.883351,2.184917,9.020182,3.167466,4.664019,-3.511019,4.137255,2.517678,-3.622325,-2.928858,18.0,12.225,-1.05,28.275,270.4567,-88.3887,67.3112,5.0,26.22008,48.8439,2.3533363,307.0968,NaN,,44.303226,,0 / 17,4197,2022-01-10 17:04:36:726
1.928017,6.727122,-2.883351,2.184917,9.020182,3.167466,4.664019,-3.511019,4.137255,2.517678,-3.622325,-2.928858,18.0,12.225,-1.05,28.275,270.4567,-88.3887,67.3112,5.0,26.22008,48.8439,2.3533363,307.0968,NaN,,44.303226,,0 / 17,4204,2022-01-10 17:04:36:733
1.928017,6.727122,-2.883351,2.184917,9.020182,3.167466,4.664019,-3.511019,4.137255,2.517678,-3.622325,-2.928858,18.0,12.225,-1.05,28.275,270.4567,-88.3887,67.3112,5.0,26.22008,48.8439,2.3533363,307.0968,NaN,,44.303226,,0 / 17,4207,2022-01-10 17:04:36:736
1.928017,6.727122,-2.883351,2.184917,9.020182,3.167466,4.664019,-3.511019,4.137255,2.517678,-3.622325,-2.928858,18.0,12.225,-1.05,28.275,270.4567,-88.3887,67.3112,5.0,26.22008,48.8439,2.3533363,307.0968,NaN,,44.303226,,0 / 17,4213,2022-01-10 17:04:36:742
1.928017,6.727122,-2.883351,2.184917,9.020182,3.167466,4.664019,-3.511019,4.137255,2.517678,-3.622325,-2.928858,7.0,12.225,-1.05,28.275,270.4567,-88.3887,67.3112,5.0,26.22008,48.8439,2.3533363,307.0968,NaN,,44.303226,,0 / 17,4217,2022-01-10 17:04:36:746
-0.285344,8.479566,-5.81426,-1.185565,9.714631,0.625129,4.214275,-1.843985,-4.458691,2.517678,-3.622325,-2.928858,7.0,12.225,-1.05,28.275,270.4567,-88.3887,67.3112,5.0,26.22008,48.8439,2.3533363,307.0968,NaN,,44.303226,,0 / 17,4223,2022-01-10 17:04:36:752
-0.285344,8.479566,-5.81426,-1.185565,9.714631,0.625129,4.214275,-1.843985,-4.458691,2.517678,-3.622325,-2.928858,7.0,12.225,-1.05,28.275,270.4567,-88.3887,67.3112,5.0,26.22008,48.8439,2.3533363,307.0968,NaN,,44.303226,,0 / 17,4227,2022-01-10 17:04:36:756
-0.285344,8.479566,-5.81426,-1.185565,9.714631,0.625129,4.214275,-1.843985,-4.458691,2.517678,-3.622325,-2.928858,7.0,12.225,-1.05,28.275,270.4567,-88.3887,67.3112,5.0,26.22008,48.8439,2.3533363,307.0968,NaN,,44.303226,,0 / 17,4233,2022-01-10 17:04:36:762
-0.285344,8.479566,-5.81426,-1.185565,9.714631,0.625129,4.214275,-1.843985,-4.458691,2.517678,-3.622325,-2.928858,7.0,12.225,-1.05,28.275,270.4567,-88.3887,67.3112,5.0,26.22008,48.8439,2.3533363,307.0968,NaN,,44.303226,,0 / 17,4237,2022-01-10 17:04:36:766
-0.285344,8.479566,-5.81426,-1.185565,9.714631,0.625129,4.214275,-1.843985,-4.458691,2.517678,-3.622325,-2.928858,7.0,7.575,-26.7,12.3,261.1861,-82.1448,62.1981,5.0,26.22008,48.8439,2.3533363,307.0968,NaN,,44.303226,,0 / 17,4243,2022-01-10 17:04:36:772
-0.285344,8.479566,-5.81426,-1.185565,9.714631,0.625129,4.214275,-1.843985,-4.458691,2.517678,-3.622325,-2.928858,7.0,7.575,-26.7,12.3,261.1861,-82.1448,62.1981,5.0,26.22008,48.8439,2.3533363,307.0968,NaN,,44.303226,,0 / 17,4248,2022-01-10 17:04:36:777
-0.285344,8.479566,-5.81426,-1.185565,9.714631,0.625129,4.214275,-1.843985,-4.458691,2.517678,-3.622325,-2.928858,7.0,7.575,-26.7,12.3,261.1861,-82.1448,62.1981,5.0,26.22008,48.8439,2.3533363,307.0968,NaN,,44.303226,,0 / 17,4253,2022-01-10 17:04:36:782
-0.285344,8.479566,-5.81426,-1.185565,9.714631,0.625129,4.214275,-1.843985,-4.458691,2.517678,-3.622325,-2.928858,7.0,7.575,-26.7,12.3,261.1861,-82.1448,62.1981,5.0,26.22008,48.8439,2.3533363,307.0968,NaN,,44.303226,,0 / 17,4258,2022-01-10 17:04:36:787
-0.285344,8.479566,-5.81426,-1.185565,9.714631,0.625129,4.214275,-1.843985,-4.458691,2.517678,-3.622325,-2.928858,7.0,7.575,-26.7,12.3,261.1861,-82.1448,62.1981,5.0,26.22008,48.8439,2.3533363,307.0968,NaN,,44.303226,,0 / 17,4263,2022-01-10 17:04:36:792
-0.285344,8.479566,-5.81426,-1.185565,9.714631,0.625129,4.214275,-1.843985,-4.458691,2.517678,-3.622325,-2.928858,7.0,7.575,-26.7,12.3,261.1861,-82.1448,62.1981,5.0,26.22008,48.8439,2.3533363,307.0968,NaN,,44.303226,,0 / 17,4268,2022-01-10 17:04:36:797
-0.285344,8.479566,-5.81426,-1.185565,9.714631,0.625129,4.214275,-1.843985,-4.458691,2.517678,-3.622325,-2.928858,7.0,7.575,-26.7,12.3,261.1861,-82.1448,62.1981,5.0,26.22008,48.8439,2.3533363,307.0968,NaN,,44.303226,,0 / 17,4272,2022-01-10 17:04:36:801
-0.285344,8.479566,-5.81426,-1.185565,9.714631,0.625129,4.214275,-1.843985,-4.458691,2.517678,-3.622325,-2.928858,7.0,7.575,-26.7,12.3,261.1861,-82.1448,62.1981,5.0,26.22008,48.8439,2.3533363,307.0968,NaN,,44.303226,,0 / 17,4278,2022-01-10 17:04:36:807
-0.285344,8.479566,-5.81426,-1.185565,9.714631,0.625129,4.214275,-1.843985,-4.458691,2.517678,-3.622325,-2.928858,7.0,7.575,-26.7,12.3,261.1861,-82.1448,62.1981,5.0,26.22008,48.8439,2.3533363,307.0968,NaN,,44.303226,,0 / 17,4282,2022-01-10 17:04:36:811
-0.285344,8.479566,-5.81426,-1.185565,9.714631,0.625129,4.214275,-1.843985,-4.458691,2.517678,-3.622325,-2.928858,7.0,7.575,-26.7,12.3,261.1861,-82.1448,62.1981,5.0,26.22008,48.8439,2.3533363,307.0968,NaN,,44.303226,,0 / 17,4287,2022-01-10 17:04:36:816
-0.285344,8.479566,-5.81426,-1.185565,9.714631,0.625129,4.214275,-1.843985,-4.458691,2.517678,-3.622325,-2.928858,7.0,7.575,-26.7,12.3,261.1861,-82.1448,62.1981,5.0,26.22008,48.8439,2.3533363,307.0968,NaN,,44.303226,,0 / 17,4292,2022-01-10 17:04:36:821
-0.285344,8.479566,-5.81426,-1.185565,9.714631,0.625129,4.214275,-1.843985,-4.458691,-1.389197,4.044024,-7.080604,7.0,7.575,-26.7,12.3,261.1861,-82.1448,62.1981,5.0,26.22008,48.8439,2.3533363,307.0968,NaN,,44.303226,,0 / 17,4297,2022-01-10 17:04:36:826
-0.285344,8.479566,-5.81426,-1.185565,9.714631,0.625129,4.214275,-1.843985,-4.458691,-1.389197,4.044024,-7.080604,7.0,7.575,-26.7,12.3,261.1861,-82.1448,62.1981,5.0,26.22008,48.8439,2.3533363,307.0968,NaN,,44.303226,,0 / 17,4303,2022-01-10 17:04:36:832
-0.285344,8.479566,-5.81426,-1.185565,9.714631,0.625129,4.214275,-1.843985,-4.458691,-1.389197,4.044024,-7.080604,7.0,7.575,-26.7,12.3,261.1861,-82.1448,62.1981,5.0,26.22008,48.8439,2.3533363,307.0968,NaN,,44.303226,,0 / 17,4308,2022-01-10 17:04:36:837
-0.285344,8.479566,-5.81426,-1.185565,9.714631,0.625129,4.214275,-1.843985,-4.458691,-1.389197,4.044024,-7.080604,7.0,7.575,-26.7,12.3,261.1861,-82.1448,62.1981,5.0,26.22008,48.8439,2.3533363,307.0968,NaN,,44.303226,,0 / 17,4312,2022-01-10 17:04:36:841
-0.285344,8.479566,-5.81426,-1.185565,9.714631,0.625129,4.214275,-1.843985,-4.458691,-1.389197,4.044024,-7.080604,7.0,7.575,-26.7,12.3,261.1861,-82.1448,62.1981,5.0,26.22008,48.8439,2.3533363,307.0968,NaN,,44.303226,,0 / 17,4318,2022-01-10 17:04:36:847
-0.285344,8.479566,-5.81426,-1.185565,9.714631,0.625129,4.214275,-1.843985,-4.458691,-1.389197,4.044024,-7.080604,7.0,7.575,-26.7,12.3,261.1861,-82.1448,62.1981,5.0,26.22008,48.8439,2.3533363,307.0968,NaN,,44.303226,,0 / 17,4322,2022-01-10 17:04:36:851
-0.285344,8.479566,-5.81426,-1.185565,9.714631,0.625129,4.214275,-1.843985,-4.458691,-1.389197,4.044024,-7.080604,7.0,7.575,-26.7,12.3,261.1861,-82.1448,62.1981,5.0,26.22008,48.8439,2.3533363,307.0968,NaN,,44.303226,,0 / 17,4327,2022-01-10 17:04:36:856
-0.285344,8.479566,-5.81426,-1.185565,9.714631,0.625129,4.214275,-1.843985,-4.458691,-1.389197,4.044024,-7.080604,7.0,7.575,-26.7,12.3,261.1861,-82.1448,62.1981,5.0,26.22008,48.8439,2.3533363,307.0968,NaN,,44.303226,,0 / 17,4332,2022-01-10 17:04:36:861
-4.833203,3.389134,-6.163911,-1.185565,9.714631,0.625129,4.214275,-1.843985,-4.458691,-1.389197,4.044024,-7.080604,7.0,7.575,-26.7,12.3,261.1861,-82.1448,62.1981,5.0,26.22008,48.8439,2.3533363,307.0968,NaN,,44.303226,,0 / 17,4337,2022-01-10 17:04:36:866
-4.833203,3.389134,-6.163911,-1.185565,9.714631,0.625129,4.214275,-1.843985,-4.458691,-1.389197,4.044024,-7.080604,7.0,7.575,-26.7,12.3,261.1861,-82.1448,62.1981,5.0,26.22008,48.8439,2.3533363,307.0968,NaN,,44.303226,,0 / 17,4343,2022-01-10 17:04:36:872
-4.833203,3.389134,-6.163911,-1.185565,9.714631,0.625129,4.214275,-1.843985,-4.458691,-1.389197,4.044024,-7.080604,7.0,7.575,-26.7,12.3,261.1861,-82.1448,62.1981,5.0,26.22008,48.8439,2.3533363,307.0968,NaN,,44.303226,,0 / 17,4347,2022-01-10 17:04:36:876
-4.833203,3.389134,-6.163911,-1.185565,9.714631,0.625129,4.214275,-1.843985,-4.458691,-1.389197,4.044024,-7.080604,7.0,7.575,-26.7,12.3,261.1861,-82.1448,62.1981,5.0,26.22008,48.8439,2.3533363,307.0968,NaN,,44.303226,,0 / 17,4353,2022-01-10 17:04:36:882
-4.833203,3.389134,-6.163911,-8.064329,5.465184,-1.126386,4.468966,1.773723,-5.87222,-1.389197,4.044024,-7.080604,7.0,7.575,-26.7,12.3,261.1861,-82.1448,62.1981,5.0,26.22008,48.8439,2.3533363,307.0968,NaN,,44.303226,,0 / 17,4357,2022-01-10 17:04:36:886
-4.833203,3.389134,-6.163911,-8.064329,5.465184,-1.126386,4.468966,1.773723,-5.87222,-1.389197,4.044024,-7.080604,7.0,7.575,-26.7,12.3,261.1861,-82.1448,62.1981,5.0,26.22008,48.8439,2.3533363,307.0968,NaN,,44.303226,,0 / 17,4365,2022-01-10 17:04:36:894
-4.833203,3.389134,-6.163911,-8.064329,5.465184,-1.126386,4.468966,1.773723,-5.87222,-1.389197,4.044024,-7.080604,7.0,7.575,-26.7,12.3,261.1861,-82.1448,62.1981,5.0,26.22008,48.8439,2.3533363,307.0968,NaN,,44.303226,,0 / 17,4370,2022-01-10 17:04:36:899
-4.833203,3.389134,-6.163911,-8.064329,5.465184,-1.126386,4.468966,1.773723,-5.87222,-1.389197,4.044024,-7.080604,7.0,7.575,-26.7,12.3,261.1861,-82.1448,62.1981,5.0,26.22008,48.8439,2.3533363,307.0968,NaN,,44.303226,,0 / 17,4372,2022-01-10 17:04:36:901
-4.833203,3.389134,-6.163911,-8.064329,5.465184,-1.126386,4.468966,1.773723,-5.87222,-1.389197,4.044024,-7.080604,7.0,7.575,-26.7,12.3,261.1861,-82.1448,62.1981,5.0,26.22008,48.8439,2.3533363,307.0968,NaN,,44.303226,,0 / 17,4378,2022-01-10 17:04:36:907
-4.833203,3.389134,-6.163911,-8.064329,5.465184,-1.126386,4.468966,1.773723,-5.87222,-1.389197,4.044024,-7.080604,7.0,7.575,-26.7,12.3,261.1861,-82.1448,62.1981,5.0,26.22008,48.8439,2.3533363,307.0968,NaN,,44.303226,,0 / 17,4383,2022-01-10 17:04:36:912
-4.833203,3.389134,-6.163911,-8.064329,5.465184,-1.126386,4.468966,1.773723,-5.87222,-1.389197,4.044024,-7.080604,14.0,7.575,-26.7,12.3,261.1861,-82.1448,62.1981,5.0,26.22008,48.8439,2.3533363,307.0968,NaN,,44.303226,,0 / 17,4388,2022-01-10 17:04:36:917
-4.833203,3.389134,-6.163911,-8.064329,5.465184,-1.126386,4.468966,1.773723,-5.87222,-1.389197,4.044024,-7.080604,14.0,7.575,-26.7,12.3,261.1861,-82.1448,62.1981,5.0,26.22008,48.8439,2.3533363,307.0968,NaN,,44.303226,,0 / 17,4392,2022-01-10 17:04:36:921
-4.833203,3.389134,-6.163911,-8.064329,5.465184,-1.126386,4.468966,1.773723,-5.87222,-1.389197,4.044024,-7.080604,14.0,7.575,-26.7,12.3,261.1861,-82.1448,62.1981,5.0,26.22008,48.8439,2.3533363,307.0968,NaN,,44.303226,,0 / 17,4397,2022-01-10 17:04:36:926
-4.833203,3.389134,-6.163911,-8.064329,5.465184,-1.126386,4.468966,1.773723,-5.87222,-1.389197,4.044024,-7.080604,14.0,7.575,-26.7,12.3,261.1861,-82.1448,62.1981,5.0,26.22008,48.8439,2.3533363,307.0968,NaN,,44.303226,,0 / 17,4403,2022-01-10 17:04:36:932
-4.833203,3.389134,-6.163911,-8.064329,5.465184,-1.126386,4.468966,1.773723,-5.87222,-1.389197,4.044024,-7.080604,14.0,7.575,-26.7,12.3,261.1861,-82.1448,62.1981,5.0,26.22008,48.8439,2.3533363,307.0968,NaN,,44.303226,,0 / 17,4407,2022-01-10 17:04:36:936
-4.833203,3.389134,-6.163911,-8.064329,5.465184,-1.126386,4.468966,1.773723,-5.87222,-1.389197,4.044024,-7.080604,14.0,7.575,-26.7,12.3,261.1861,-82.1448,62.1981,5.0,26.22008,48.8439,2.3533363,307.0968,NaN,,44.303226,,0 / 17,4413,2022-01-10 17:04:36:942
-4.833203,3.389134,-6.163911,-8.064329,5.465184,-1.126386,4.468966,1.773723,-5.87222,-1.389197,4.044024,-7.080604,14.0,7.575,-26.7,12.3,261.1861,-82.1448,62.1981,5.0,26.22008,48.8439,2.3533363,307.0968,NaN,,44.303226,,0 / 17,4418,2022-01-10 17:04:36:947
-4.833203,3.389134,-6.163911,-8.064329,5.465184,-1.126386,4.468966,1.773723,-5.87222,-1.389197,4.044024,-7.080604,14.0,7.575,-26.7,12.3,261.1861,-82.1448,62.1981,5.0,26.22008,48.8439,2.3533363,307.0968,NaN,,44.303226,,0 / 17,4422,2022-01-10 17:04:36:951
-12.370594,-6.818049,-11.568101,-8.064329,5.465184,-1.126386,4.468966,1.773723,-5.87222,0.5695,8.127062,-9.069926,14.0,7.575,-26.7,12.3,261.1861,-82.1448,62.1981,5.0,26.22008,48.8439,2.3533363,307.0968,NaN,,44.303226,,0 / 17,4428,2022-01-10 17:04:36:957
-12.370594,-6.818049,-11.568101,-8.064329,5.465184,-1.126386,4.468966,1.773723,-5.87222,0.5695,8.127062,-9.069926,14.0,7.575,-26.7,12.3,261.1861,-82.1448,62.1981,5.0,26.22008,48.8439,2.3533363,307.0968,NaN,,44.303226,,0 / 17,4432,2022-01-10 17:04:36:961
-12.370594,-6.818049,-11.568101,-8.064329,5.465184,-1.126386,4.468966,1.773723,-5.87222,0.5695,8.127062,-9.069926,14.0,7.575,-26.7,12.3,261.1861,-82.1448,62.1981,5.0,26.22008,48.8439,2.3533363,307.0968,NaN,,44.303226,,0 / 17,4437,2022-01-10 17:04:36:966
-12.370594,-6.818049,-11.568101,-8.064329,5.465184,-1.126386,4.468966,1.773723,-5.87222,0.5695,8.127062,-9.069926,14.0,7.575,-26.7,12.3,261.1861,-82.1448,62.1981,5.0,26.22008,48.8439,2.3533363,307.0968,NaN,,44.303226,,0 / 17,4443,2022-01-10 17:04:36:972
-12.370594,-6.818049,-11.568101,-8.064329,5.465184,-1.126386,4.468966,1.773723,-5.87222,0.5695,8.127062,-9.069926,14.0,17.7,-28.575,-2.475,162.637,-33.8688,97.9514,5.0,26.22008,48.8439,2.3533363,307.0968,NaN,,44.303226,,0 / 17,4447,2022-01-10 17:04:36:976
-12.370594,-6.818049,-11.568101,-8.064329,5.465184,-1.126386,4.468966,1.773723,-5.87222,0.5695,8.127062,-9.069926,14.0,17.7,-28.575,-2.475,162.637,-33.8688,97.9514,5.0,26.22008,48.8439,2.3533363,307.0968,NaN,,44.303226,,0 / 17,4453,2022-01-10 17:04:36:982
-12.370594,-6.818049,-11.568101,-8.064329,5.465184,-1.126386,4.468966,1.773723,-5.87222,0.5695,8.127062,-9.069926,14.0,17.7,-28.575,-2.475,162.637,-33.8688,97.9514,5.0,26.22008,48.8439,2.3533363,307.0968,NaN,,44.303226,,0 / 17,4458,2022-01-10 17:04:36:987
-12.370594,-6.818049,-11.568101,-8.064329,5.465184,-1.126386,4.468966,1.773723,-5.87222,0.5695,8.127062,-9.069926,14.0,17.7,-28.575,-2.475,162.637,-33.8688,97.9514,5.0,26.22008,48.8439,2.3533363,307.0968,NaN,,44.303226,,0 / 17,4462,2022-01-10 17:04:36:991
-12.370594,-6.818049,-11.568101,-8.064329,5.465184,-1.126386,4.468966,1.773723,-5.87222,0.5695,8.127062,-9.069926,14.0,17.7,-28.575,-2.475,162.637,-33.8688,97.9514,5.0,26.22008,48.8439,2.3533363,307.0968,NaN,,44.303226,,0 / 17,4467,2022-01-10 17:04:36:996
-12.370594,-6.818049,-11.568101,-4.523782,-3.277423,-8.060042,-5.419744,-2.956332,-0.552933,0.5695,8.127062,-9.069926,14.0,17.7,-28.575,-2.475,162.637,-33.8688,97.9514,5.0,26.22008,48.8439,2.3533363,307.0968,NaN,,44.303226,,0 / 17,4472,2022-01-10 17:04:37:001
-12.370594,-6.818049,-11.568101,-4.523782,-3.277423,-8.060042,-5.419744,-2.956332,-0.552933,0.5695,8.127062,-9.069926,14.0,17.7,-28.575,-2.475,162.637,-33.8688,97.9514,5.0,26.22008,48.8439,2.3533363,307.0968,NaN,,44.303226,,0 / 17,4478,2022-01-10 17:04:37:007
-12.370594,-6.818049,-11.568101,-4.523782,-3.277423,-8.060042,-5.419744,-2.956332,-0.552933,0.5695,8.127062,-9.069926,14.0,17.7,-28.575,-2.475,162.637,-33.8688,97.9514,5.0,26.22008,48.8439,2.3533363,307.0968,NaN,,44.303226,,0 / 17,4483,2022-01-10 17:04:37:012
-12.370594,-6.818049,-11.568101,-4.523782,-3.277423,-8.060042,-5.419744,-2.956332,-0.552933,0.5695,8.127062,-9.069926,14.0,17.7,-28.575,-2.475,162.637,-33.8688,97.9514,5.0,26.22008,48.8439,2.3533363,307.0968,NaN,,44.303226,,0 / 17,4488,2022-01-10 17:04:37:017
-12.370594,-6.818049,-11.568101,-4.523782,-3.277423,-8.060042,-5.419744,-2.956332,-0.552933,0.5695,8.127062,-9.069926,14.0,17.7,-28.575,-2.475,162.637,-33.8688,97.9514,5.0,26.22008,48.8439,2.3533363,307.0968,NaN,,44.303226,,0 / 17,4492,2022-01-10 17:04:37:021
-12.370594,-6.818049,-11.568101,-4.523782,-3.277423,-8.060042,-5.419744,-2.956332,-0.552933,0.5695,8.127062,-9.069926,14.0,17.7,-28.575,-2.475,162.637,-33.8688,97.9514,5.0,26.22008,48.8439,2.3533363,307.0968,NaN,,44.303226,,0 / 17,4497,2022-01-10 17:04:37:026
-12.370594,-6.818049,-11.568101,-4.523782,-3.277423,-8.060042,-5.419744,-2.956332,-0.552933,0.5695,8.127062,-9.069926,14.0,17.7,-28.575,-2.475,162.637,-33.8688,97.9514,5.0,26.22008,48.8439,2.3533363,307.0968,NaN,,44.303226,,0 / 17,4503,2022-01-10 17:04:37:032
-12.370594,-6.818049,-11.568101,-4.523782,-3.277423,-8.060042,-5.419744,-2.956332,-0.552933,0.5695,8.127062,-9.069926,14.0,17.7,-28.575,-2.475,162.637,-33.8688,97.9514,5.0,30.59786,48.8439,2.3533363,307.0968,NaN,,44.303226,,0 / 17,4508,2022-01-10 17:04:37:037
-12.370594,-6.818049,-11.568101,-4.523782,-3.277423,-8.060042,-5.419744,-2.956332,-0.552933,0.5695,8.127062,-9.069926,14.0,17.7,-28.575,-2.475,162.637,-33.8688,97.9514,5.0,30.59786,48.8439,2.3533363,307.0968,NaN,,44.303226,,0 / 17,4512,2022-01-10 17:04:37:041
-12.370594,-6.818049,-11.568101,-4.523782,-3.277423,-8.060042,-5.419744,-2.956332,-0.552933,0.5695,8.127062,-9.069926,14.0,17.7,-28.575,-2.475,162.637,-33.8688,97.9514,5.0,30.59786,48.8439,2.3533363,307.0968,NaN,,44.303226,,0 / 17,4517,2022-01-10 17:04:37:046
-12.370594,-6.818049,-11.568101,-4.523782,-3.277423,-8.060042,-5.419744,-2.956332,-0.552933,0.5695,8.127062,-9.069926,14.0,17.7,-28.575,-2.475,162.637,-33.8688,97.9514,5.0,30.59786,48.8439,2.3533363,307.0968,NaN,,44.303226,,0 / 17,4523,2022-01-10 17:04:37:052
-12.370594,-6.818049,-11.568101,-4.523782,-3.277423,-8.060042,-5.419744,-2.956332,-0.552933,0.5695,8.127062,-9.069926,14.0,17.7,-28.575,-2.475,162.637,-33.8688,97.9514,5.0,30.59786,48.8439,2.3533363,307.0968,NaN,,44.303226,,0 / 17,4527,2022-01-10 17:04:37:056
-12.370594,-6.818049,-11.568101,-4.523782,-3.277423,-8.060042,-5.419744,-2.956332,-0.552933,0.5695,8.127062,-9.069926,14.0,17.7,-28.575,-2.475,162.637,-33.8688,97.9514,5.0,30.59786,48.8439,2.3533363,307.0968,NaN,,44.303226,,0 / 17,4532,2022-01-10 17:04:37:061
-9.196515,-2.508575,-14.785251,-4.523782,-3.277423,-8.060042,-5.419744,-2.956332,-0.552933,0.5695,8.127062,-9.069926,14.0,17.7,-28.575,-2.475,162.637,-33.8688,97.9514,5.0,30.59786,48.8439,2.3533363,307.0968,NaN,,44.303226,,0 / 17,4538,2022-01-10 17:04:37:067
-9.196515,-2.508575,-14.785251,-4.523782,-3.277423,-8.060042,-5.419744,-2.956332,-0.552933,0.5695,8.127062,-9.069926,14.0,17.7,-28.575,-2.475,162.637,-33.8688,97.9514,5.0,30.59786,48.8439,2.3533363,307.0968,NaN,,44.303226,,0 / 17,4543,2022-01-10 17:04:37:072
-9.196515,-2.508575,-14.785251,-4.523782,-3.277423,-8.060042,-5.419744,-2.956332,-0.552933,0.5695,8.127062,-9.069926,14.0,17.7,-28.575,-2.475,162.637,-33.8688,97.9514,5.0,30.59786,48.8439,2.3533363,307.0968,NaN,,44.303226,,0 / 17,4552,2022-01-10 17:04:37:081
-9.196515,-2.508575,-14.785251,-4.523782,-3.277423,-8.060042,-5.419744,-2.956332,-0.552933,0.5695,8.127062,-9.069926,14.0,17.7,-28.575,-2.475,162.637,-33.8688,97.9514,5.0,30.59786,48.8439,2.3533363,307.0968,NaN,,44.303226,,0 / 17,4553,2022-01-10 17:04:37:082
-9.196515,-2.508575,-14.785251,-4.523782,-3.277423,-8.060042,-5.419744,-2.956332,-0.552933,0.5695,8.127062,-9.069926,14.0,17.7,-28.575,-2.475,162.637,-33.8688,97.9514,5.0,30.59786,48.8439,2.3533363,307.0968,NaN,,44.303226,,0 / 17,4558,2022-01-10 17:04:37:087
-9.196515,-2.508575,-14.785251,-4.523782,-3.277423,-8.060042,-5.419744,-2.956332,-0.552933,0.5695,8.127062,-9.069926,3.0,17.7,-28.575,-2.475,162.637,-33.8688,97.9514,5.0,30.59786,48.8439,2.3533363,307.0968,NaN,,44.303226,,0 / 17,4563,2022-01-10 17:04:37:092
-9.196515,-2.508575,-14.785251,-4.523782,-3.277423,-8.060042,-5.419744,-2.956332,-0.552933,0.5695,8.127062,-9.069926,3.0,17.7,-28.575,-2.475,162.637,-33.8688,97.9514,5.0,30.59786,48.8439,2.3533363,307.0968,NaN,,44.303226,,0 / 17,4569,2022-01-10 17:04:37:098
-9.196515,-2.508575,-14.785251,-4.523782,-3.277423,-8.060042,-5.419744,-2.956332,-0.552933,0.5695,8.127062,-9.069926,3.0,17.7,-28.575,-2.475,162.637,-33.8688,97.9514,5.0,30.59786,48.8439,2.3533363,307.0968,NaN,,44.303226,,0 / 17,4573,2022-01-10 17:04:37:102
-9.196515,-2.508575,-14.785251,-4.523782,-3.277423,-8.060042,-5.419744,-2.956332,-0.552933,0.5695,8.127062,-9.069926,3.0,17.7,-28.575,-2.475,162.637,-33.8688,97.9514,5.0,30.59786,48.8439,2.3533363,307.0968,NaN,,44.303226,,0 / 17,4578,2022-01-10 17:04:37:107
-9.196515,-2.508575,-14.785251,-4.523782,-3.277423,-8.060042,-5.419744,-2.956332,-0.552933,-2.901695,0.967631,0.642069,3.0,17.7,-28.575,-2.475,162.637,-33.8688,97.9514,5.0,30.59786,48.8439,2.3533363,307.0968,NaN,,44.303226,,0 / 17,4582,2022-01-10 17:04:37:111
-9.196515,-2.508575,-14.785251,-4.523782,-3.277423,-8.060042,-5.419744,-2.956332,-0.552933,-2.901695,0.967631,0.642069,3.0,17.7,-28.575,-2.475,162.637,-33.8688,97.9514,5.0,30.59786,48.8439,2.3533363,307.0968,NaN,,44.303226,,0 / 17,4587,2022-01-10 17:04:37:116
-9.196515,-2.508575,-14.785251,-4.523782,-3.277423,-8.060042,-5.419744,-2.956332,-0.552933,-2.901695,0.967631,0.642069,3.0,17.7,-28.575,-2.475,162.637,-33.8688,97.9514,5.0,30.59786,48.8439,2.3533363,307.0968,NaN,,44.303226,,0 / 17,4593,2022-01-10 17:04:37:122
-9.196515,-2.508575,-14.785251,-4.523782,-3.277423,-8.060042,-5.419744,-2.956332,-0.552933,-2.901695,0.967631,0.642069,3.0,17.7,-28.575,-2.475,162.637,-33.8688,97.9514,5.0,30.59786,48.8439,2.3533363,307.0968,NaN,,44.303226,,0 / 17,4597,2022-01-10 17:04:37:126
-9.196515,-2.508575,-14.785251,-1.839616,-1.735532,-9.47492,-7.104516,-1.251028,-5.224962,-2.901695,0.967631,0.642069,3.0,17.7,-28.575,-2.475,162.637,-33.8688,97.9514,5.0,30.59786,48.8439,2.3533363,307.0968,NaN,,44.303226,,0 / 17,4604,2022-01-10 17:04:37:133
-9.196515,-2.508575,-14.785251,-1.839616,-1.735532,-9.47492,-7.104516,-1.251028,-5.224962,-2.901695,0.967631,0.642069,3.0,17.7,-28.575,-2.475,162.637,-33.8688,97.9514,5.0,30.59786,48.8439,2.3533363,307.0968,NaN,,44.303226,,0 / 17,4607,2022-01-10 17:04:37:136
-9.196515,-2.508575,-14.785251,-1.839616,-1.735532,-9.47492,-7.104516,-1.251028,-5.224962,-2.901695,0.967631,0.642069,3.0,17.7,-28.575,-2.475,162.637,-33.8688,97.9514,5.0,30.59786,48.8439,2.3533363,307.0968,NaN,,44.303226,,0 / 17,4613,2022-01-10 17:04:37:142
-9.196515,-2.508575,-14.785251,-1.839616,-1.735532,-9.47492,-7.104516,-1.251028,-5.224962,-2.901695,0.967631,0.642069,3.0,17.7,-28.575,-2.475,162.637,-33.8688,97.9514,5.0,30.59786,48.8439,2.3533363,307.0968,NaN,,44.303226,,0 / 17,4617,2022-01-10 17:04:37:146
-4.817649,-2.111068,-16.887346,-1.839616,-1.735532,-9.47492,-7.104516,-1.251028,-5.224962,-2.901695,0.967631,0.642069,3.0,17.7,-28.575,-2.475,162.637,-33.8688,97.9514,5.0,30.59786,48.8439,2.3533363,307.0968,NaN,,44.303226,,0 / 17,4623,2022-01-10 17:04:37:152
-4.817649,-2.111068,-16.887346,-1.839616,-1.735532,-9.47492,-7.104516,-1.251028,-5.224962,-2.901695,0.967631,0.642069,3.0,17.7,-28.575,-2.475,162.637,-33.8688,97.9514,5.0,30.59786,48.8439,2.3533363,307.0968,NaN,,44.303226,,0 / 17,4628,2022-01-10 17:04:37:157
-4.817649,-2.111068,-16.887346,-1.839616,-1.735532,-9.47492,-7.104516,-1.251028,-5.224962,-2.901695,0.967631,0.642069,3.0,17.7,-28.575,-2.475,162.637,-33.8688,97.9514,5.0,30.59786,48.8439,2.3533363,307.0968,NaN,,44.303226,,0 / 17,4632,2022-01-10 17:04:37:161
-4.817649,-2.111068,-16.887346,-1.839616,-1.735532,-9.47492,-7.104516,-1.251028,-5.224962,-2.901695,0.967631,0.642069,3.0,17.7,-28.575,-2.475,162.637,-33.8688,97.9514,5.0,30.59786,48.8439,2.3533363,307.0968,NaN,,44.303226,,0 / 17,4637,2022-01-10 17:04:37:166
-4.817649,-2.111068,-16.887346,-1.839616,-1.735532,-9.47492,-7.104516,-1.251028,-5.224962,-2.901695,0.967631,0.642069,3.0,17.7,-28.575,-2.475,162.637,-33.8688,97.9514,5.0,30.59786,48.8439,2.3533363,307.0968,NaN,,44.303226,,0 / 17,4643,2022-01-10 17:04:37:172
-4.817649,-2.111068,-16.887346,-1.839616,-1.735532,-9.47492,-7.104516,-1.251028,-5.224962,-2.901695,0.967631,0.642069,3.0,18.15,-3.9,11.025,112.5136,10.1936,169.0124,5.0,30.59786,48.8439,2.3533363,307.0968,NaN,,44.303226,,0 / 17,4648,2022-01-10 17:04:37:177
-4.817649,-2.111068,-16.887346,-1.839616,-1.735532,-9.47492,-7.104516,-1.251028,-5.224962,-2.901695,0.967631,0.642069,3.0,18.15,-3.9,11.025,112.5136,10.1936,169.0124,5.0,30.59786,48.8439,2.3533363,307.0968,NaN,,44.303226,,0 / 17,4652,2022-01-10 17:04:37:181
-4.817649,-2.111068,-16.887346,-1.839616,-1.735532,-9.47492,-7.104516,-1.251028,-5.224962,-2.901695,0.967631,0.642069,3.0,18.15,-3.9,11.025,112.5136,10.1936,169.0124,5.0,30.59786,48.8439,2.3533363,307.0968,NaN,,44.303226,,0 / 17,4658,2022-01-10 17:04:37:187
-4.817649,-2.111068,-16.887346,-1.839616,-1.735532,-9.47492,-7.104516,-1.251028,-5.224962,-2.901695,0.967631,0.642069,3.0,18.15,-3.9,11.025,112.5136,10.1936,169.0124,5.0,30.59786,48.8439,2.3533363,307.0968,NaN,,44.303226,,0 / 17,4663,2022-01-10 17:04:37:192
-4.817649,-2.111068,-16.887346,-1.839616,-1.735532,-9.47492,-7.104516,-1.251028,-5.224962,-2.901695,0.967631,0.642069,3.0,18.15,-3.9,11.025,112.5136,10.1936,169.0124,5.0,30.59786,48.8439,2.3533363,307.0968,NaN,,44.303226,,0 / 17,4668,2022-01-10 17:04:37:197
-4.817649,-2.111068,-16.887346,-1.839616,-1.735532,-9.47492,-7.104516,-1.251028,-5.224962,-2.901695,0.967631,0.642069,3.0,18.15,-3.9,11.025,112.5136,10.1936,169.0124,5.0,30.59786,48.8439,2.3533363,307.0968,NaN,,44.303226,,0 / 17,4672,2022-01-10 17:04:37:201
-4.817649,-2.111068,-16.887346,-1.839616,-1.735532,-9.47492,-7.104516,-1.251028,-5.224962,-2.901695,0.967631,0.642069,3.0,18.15,-3.9,11.025,112.5136,10.1936,169.0124,5.0,30.59786,48.8439,2.3533363,307.0968,NaN,,44.303226,,0 / 17,4677,2022-01-10 17:04:37:206
-4.817649,-2.111068,-16.887346,-1.839616,-1.735532,-9.47492,-7.104516,-1.251028,-5.224962,-2.901695,0.967631,0.642069,3.0,18.15,-3.9,11.025,112.5136,10.1936,169.0124,5.0,30.59786,48.8439,2.3533363,307.0968,NaN,,44.303226,,0 / 17,4682,2022-01-10 17:04:37:211
-4.817649,-2.111068,-16.887346,-1.839616,-1.735532,-9.47492,-7.104516,-1.251028,-5.224962,-2.901695,0.967631,0.642069,3.0,18.15,-3.9,11.025,112.5136,10.1936,169.0124,5.0,30.59786,48.8439,2.3533363,307.0968,NaN,,44.303226,,0 / 17,4688,2022-01-10 17:04:37:217
-4.817649,-2.111068,-16.887346,-1.839616,-1.735532,-9.47492,-7.104516,-1.251028,-5.224962,-2.901695,0.967631,0.642069,3.0,18.15,-3.9,11.025,112.5136,10.1936,169.0124,5.0,30.59786,48.8439,2.3533363,307.0968,NaN,,44.303226,,0 / 17,4693,2022-01-10 17:04:37:222
-4.817649,-2.111068,-16.887346,-1.839616,-1.735532,-9.47492,-7.104516,-1.251028,-5.224962,-2.901695,0.967631,0.642069,3.0,18.15,-3.9,11.025,112.5136,10.1936,169.0124,5.0,30.59786,48.8439,2.3533363,307.0968,NaN,,44.303226,,0 / 17,4698,2022-01-10 17:04:37:227
-4.817649,-2.111068,-16.887346,-1.839616,-1.735532,-9.47492,-7.104516,-1.251028,-5.224962,-2.901695,0.967631,0.642069,3.0,18.15,-3.9,11.025,112.5136,10.1936,169.0124,5.0,30.59786,48.8439,2.3533363,307.0968,NaN,,44.303226,,0 / 17,4703,2022-01-10 17:04:37:232
-4.817649,-2.111068,-16.887346,-1.839616,-1.735532,-9.47492,-7.104516,-1.251028,-5.224962,-2.901695,0.967631,0.642069,3.0,18.15,-3.9,11.025,112.5136,10.1936,169.0124,5.0,30.59786,48.8439,2.3533363,307.0968,NaN,,44.303226,,0 / 17,4707,2022-01-10 17:04:37:236
-4.817649,-2.111068,-16.887346,-1.839616,-1.735532,-9.47492,-7.104516,-1.251028,-5.224962,-2.901695,0.967631,0.642069,3.0,18.15,-3.9,11.025,112.5136,10.1936,169.0124,5.0,30.59786,48.8439,2.3533363,307.0968,NaN,,44.303226,,0 / 17,4712,2022-01-10 17:04:37:241
0.375673,1.417747,-10.059127,-1.634266,5.991542,-7.589531,-1.505118,-9.127268,-7.368577,-8.124931,-1.978537,2.48439,3.0,18.15,-3.9,11.025,112.5136,10.1936,169.0124,5.0,30.59786,48.8439,2.3533363,307.0968,NaN,,44.303226,,0 / 17,4718,2022-01-10 17:04:37:247
0.375673,1.417747,-10.059127,-1.634266,5.991542,-7.589531,-1.505118,-9.127268,-7.368577,-8.124931,-1.978537,2.48439,3.0,18.15,-3.9,11.025,112.5136,10.1936,169.0124,5.0,30.59786,48.8439,2.3533363,307.0968,NaN,,44.303226,,0 / 17,4725,2022-01-10 17:04:37:254
0.375673,1.417747,-10.059127,-1.634266,5.991542,-7.589531,-1.505118,-9.127268,-7.368577,-8.124931,-1.978537,2.48439,3.0,18.15,-3.9,11.025,112.5136,10.1936,169.0124,5.0,30.59786,48.8439,2.3533363,307.0968,NaN,,44.303226,,0 / 17,4727,2022-01-10 17:04:37:256
0.375673,1.417747,-10.059127,-1.634266,5.991542,-7.589531,-1.505118,-9.127268,-7.368577,-8.124931,-1.978537,2.48439,3.0,18.15,-3.9,11.025,112.5136,10.1936,169.0124,5.0,30.59786,48.8439,2.3533363,307.0968,NaN,,44.303226,,0 / 17,4732,2022-01-10 17:04:37:261
0.375673,1.417747,-10.059127,-1.634266,5.991542,-7.589531,-1.505118,-9.127268,-7.368577,-8.124931,-1.978537,2.48439,3.0,18.15,-3.9,11.025,112.5136,10.1936,169.0124,5.0,30.59786,48.8439,2.3533363,307.0968,NaN,,44.303226,,0 / 17,4737,2022-01-10 17:04:37:266
0.375673,1.417747,-10.059127,-1.634266,5.991542,-7.589531,-1.505118,-9.127268,-7.368577,-8.124931,-1.978537,2.48439,15.0,18.15,-3.9,11.025,112.5136,10.1936,169.0124,5.0,30.59786,48.8439,2.3533363,307.0968,NaN,,44.303226,,0 / 17,4743,2022-01-10 17:04:37:272
0.375673,1.417747,-10.059127,-1.634266,5.991542,-7.589531,-1.505118,-9.127268,-7.368577,-8.124931,-1.978537,2.48439,15.0,18.15,-3.9,11.025,112.5136,10.1936,169.0124,5.0,30.59786,48.8439,2.3533363,307.0968,NaN,,44.303226,,0 / 17,4747,2022-01-10 17:04:37:276
0.375673,1.417747,-10.059127,-1.634266,5.991542,-7.589531,-1.505118,-9.127268,-7.368577,-8.124931,-1.978537,2.48439,15.0,18.15,-3.9,11.025,112.5136,10.1936,169.0124,5.0,30.59786,48.8439,2.3533363,307.0968,NaN,,44.303226,,0 / 17,4753,2022-01-10 17:04:37:282
0.375673,1.417747,-10.059127,-1.634266,5.991542,-7.589531,-1.505118,-9.127268,-7.368577,-8.124931,-1.978537,2.48439,15.0,18.15,-3.9,11.025,112.5136,10.1936,169.0124,5.0,30.59786,48.8439,2.3533363,307.0968,NaN,,44.303226,,0 / 17,4758,2022-01-10 17:04:37:287
0.375673,1.417747,-10.059127,-1.634266,5.991542,-7.589531,-1.505118,-9.127268,-7.368577,-8.124931,-1.978537,2.48439,15.0,18.15,-3.9,11.025,112.5136,10.1936,169.0124,5.0,30.59786,48.8439,2.3533363,307.0968,NaN,,44.303226,,0 / 17,4763,2022-01-10 17:04:37:292
0.375673,1.417747,-10.059127,-1.634266,5.991542,-7.589531,-1.505118,-9.127268,-7.368577,-8.124931,-1.978537,2.48439,15.0,18.15,-3.9,11.025,112.5136,10.1936,169.0124,5.0,30.59786,48.8439,2.3533363,307.0968,NaN,,44.303226,,0 / 17,4768,2022-01-10 17:04:37:297
0.375673,1.417747,-10.059127,-1.634266,5.991542,-7.589531,-1.505118,-9.127268,-7.368577,-8.124931,-1.978537,2.48439,15.0,18.15,-3.9,11.025,112.5136,10.1936,169.0124,5.0,30.59786,48.8439,2.3533363,307.0968,NaN,,44.303226,,0 / 17,4772,2022-01-10 17:04:37:301
0.375673,1.417747,-10.059127,-1.634266,5.991542,-7.589531,-1.505118,-9.127268,-7.368577,-8.124931,-1.978537,2.48439,15.0,18.15,-3.9,11.025,112.5136,10.1936,169.0124,5.0,30.59786,48.8439,2.3533363,307.0968,NaN,,44.303226,,0 / 17,4778,2022-01-10 17:04:37:307
0.375673,1.417747,-10.059127,-1.634266,5.991542,-7.589531,-1.505118,-9.127268,-7.368577,-8.124931,-1.978537,2.48439,15.0,18.15,-3.9,11.025,112.5136,10.1936,169.0124,5.0,30.59786,48.8439,2.3533363,307.0968,NaN,,44.303226,,0 / 17,4782,2022-01-10 17:04:37:311
0.375673,1.417747,-10.059127,-1.634266,5.991542,-7.589531,-1.505118,-9.127268,-7.368577,-8.124931,-1.978537,2.48439,15.0,18.15,-3.9,11.025,112.5136,10.1936,169.0124,5.0,30.59786,48.8439,2.3533363,307.0968,NaN,,44.303226,,0 / 17,4788,2022-01-10 17:04:37:317
0.375673,1.417747,-10.059127,-1.634266,5.991542,-7.589531,-1.505118,-9.127268,-7.368577,-8.124931,-1.978537,2.48439,15.0,18.15,-3.9,11.025,112.5136,10.1936,169.0124,5.0,30.59786,48.8439,2.3533363,307.0968,NaN,,44.303226,,0 / 17,4794,2022-01-10 17:04:37:323
0.375673,1.417747,-10.059127,-1.634266,5.991542,-7.589531,-1.505118,-9.127268,-7.368577,-8.124931,-1.978537,2.48439,15.0,18.15,-3.9,11.025,112.5136,10.1936,169.0124,5.0,30.59786,48.8439,2.3533363,307.0968,NaN,,44.303226,,0 / 17,4798,2022-01-10 17:04:37:327
0.375673,1.417747,-10.059127,-1.634266,5.991542,-7.589531,-1.505118,-9.127268,-7.368577,-8.124931,-1.978537,2.48439,15.0,18.15,-3.9,11.025,112.5136,10.1936,169.0124,5.0,30.59786,48.8439,2.3533363,307.0968,NaN,,44.303226,,0 / 17,4803,2022-01-10 17:04:37:332
0.375673,1.417747,-10.059127,-1.634266,5.991542,-7.589531,-1.505118,-9.127268,-7.368577,-8.124931,-1.978537,2.48439,15.0,18.15,-3.9,11.025,112.5136,10.1936,169.0124,5.0,30.59786,48.8439,2.3533363,307.0968,NaN,,44.303226,,0 / 17,4807,2022-01-10 17:04:37:336
0.375673,1.417747,-10.059127,-1.634266,5.991542,-7.589531,-1.505118,-9.127268,-7.368577,-8.124931,-1.978537,2.48439,15.0,18.15,-3.9,11.025,112.5136,10.1936,169.0124,5.0,30.59786,48.8439,2.3533363,307.0968,NaN,,44.303226,,0 / 17,4812,2022-01-10 17:04:37:341
0.375673,1.417747,-10.059127,-1.634266,5.991542,-7.589531,-1.505118,-9.127268,-7.368577,-8.124931,-1.978537,2.48439,15.0,18.15,-3.9,11.025,112.5136,10.1936,169.0124,5.0,30.59786,48.8439,2.3533363,307.0968,NaN,,44.303226,,0 / 17,4817,2022-01-10 17:04:37:346
0.375673,1.417747,-10.059127,-1.634266,5.991542,-7.589531,-1.505118,-9.127268,-7.368577,-8.124931,-1.978537,2.48439,15.0,18.15,-3.9,11.025,112.5136,10.1936,169.0124,5.0,30.59786,48.8439,2.3533363,307.0968,NaN,,44.303226,,0 / 17,4823,2022-01-10 17:04:37:352
0.375673,1.417747,-10.059127,-1.634266,5.991542,-7.589531,-1.505118,-9.127268,-7.368577,-8.124931,-1.978537,2.48439,15.0,18.15,-3.9,11.025,112.5136,10.1936,169.0124,5.0,30.59786,48.8439,2.3533363,307.0968,NaN,,44.303226,,0 / 17,4828,2022-01-10 17:04:37:357
4.56072,4.069294,2.551946,-0.992869,9.370258,2.717143,0.795597,-5.956098,-7.319038,-7.921738,-8.473263,1.757368,15.0,18.15,-3.9,11.025,112.5136,10.1936,169.0124,5.0,28.45929,48.8439,2.3533363,307.0968,NaN,,44.303226,,0 / 17,4834,2022-01-10 17:04:37:363
4.56072,4.069294,2.551946,-0.992869,9.370258,2.717143,0.795597,-5.956098,-7.319038,-7.921738,-8.473263,1.757368,15.0,18.15,-3.9,11.025,112.5136,10.1936,169.0124,5.0,28.45929,48.8439,2.3533363,307.0968,NaN,,44.303226,,0 / 17,4837,2022-01-10 17:04:37:366
4.56072,4.069294,2.551946,-0.992869,9.370258,2.717143,0.795597,-5.956098,-7.319038,-7.921738,-8.473263,1.757368,15.0,18.15,-3.9,11.025,112.5136,10.1936,169.0124,5.0,28.45929,48.8439,2.3533363,307.0968,NaN,,44.303226,,0 / 17,4843,2022-01-10 17:04:37:372
4.56072,4.069294,2.551946,-0.992869,9.370258,2.717143,0.795597,-5.956098,-7.319038,-7.921738,-8.473263,1.757368,15.0,16.5,2.925,25.8,235.8659,-72.8431,20.0728,5.0,28.45929,48.8439,2.3533363,307.0968,NaN,,44.303226,,0 / 17,4847,2022-01-10 17:04:37:376
4.56072,4.069294,2.551946,-0.992869,9.370258,2.717143,0.795597,-5.956098,-7.319038,-7.921738,-8.473263,1.757368,15.0,16.5,2.925,25.8,235.8659,-72.8431,20.0728,5.0,28.45929,48.8439,2.3533363,307.0968,NaN,,44.303226,,0 / 17,4853,2022-01-10 17:04:37:382
4.56072,4.069294,2.551946,-0.992869,9.370258,2.717143,0.795597,-5.956098,-7.319038,-7.921738,-8.473263,1.757368,15.0,16.5,2.925,25.8,235.8659,-72.8431,20.0728,5.0,28.45929,48.8439,2.3533363,307.0968,NaN,,44.303226,,0 / 17,4858,2022-01-10 17:04:37:387
4.56072,4.069294,2.551946,-0.992869,9.370258,2.717143,0.795597,-5.956098,-7.319038,-7.921738,-8.473263,1.757368,15.0,16.5,2.925,25.8,235.8659,-72.8431,20.0728,5.0,28.45929,48.8439,2.3533363,307.0968,NaN,,44.303226,,0 / 17,4862,2022-01-10 17:04:37:391
4.56072,4.069294,2.551946,-0.992869,9.370258,2.717143,0.795597,-5.956098,-7.319038,-7.921738,-8.473263,1.757368,15.0,16.5,2.925,25.8,235.8659,-72.8431,20.0728,5.0,28.45929,48.8439,2.3533363,307.0968,NaN,,44.303226,,0 / 17,4868,2022-01-10 17:04:37:397
4.56072,4.069294,2.551946,-0.992869,9.370258,2.717143,0.795597,-5.956098,-7.319038,-7.921738,-8.473263,1.757368,15.0,16.5,2.925,25.8,235.8659,-72.8431,20.0728,5.0,28.45929,48.8439,2.3533363,307.0968,NaN,,44.303226,,0 / 17,4873,2022-01-10 17:04:37:402
4.56072,4.069294,2.551946,-0.992869,9.370258,2.717143,0.795597,-5.956098,-7.319038,-7.921738,-8.473263,1.757368,15.0,16.5,2.925,25.8,235.8659,-72.8431,20.0728,5.0,28.45929,48.8439,2.3533363,307.0968,NaN,,44.303226,,0 / 17,4877,2022-01-10 17:04:37:406
4.56072,4.069294,2.551946,-0.992869,9.370258,2.717143,0.795597,-5.956098,-7.319038,-7.921738,-8.473263,1.757368,15.0,16.5,2.925,25.8,235.8659,-72.8431,20.0728,5.0,28.45929,48.8439,2.3533363,307.0968,NaN,,44.303226,,0 / 17,4882,2022-01-10 17:04:37:411
4.56072,4.069294,2.551946,-0.992869,9.370258,2.717143,0.795597,-5.956098,-7.319038,-7.921738,-8.473263,1.757368,15.0,16.5,2.925,25.8,235.8659,-72.8431,20.0728,5.0,28.45929,48.8439,2.3533363,307.0968,NaN,,44.303226,,0 / 17,4887,2022-01-10 17:04:37:416
4.56072,4.069294,2.551946,-0.992869,9.370258,2.717143,0.795597,-5.956098,-7.319038,-7.921738,-8.473263,1.757368,15.0,16.5,2.925,25.8,235.8659,-72.8431,20.0728,5.0,28.45929,48.8439,2.3533363,307.0968,NaN,,44.303226,,0 / 17,4893,2022-01-10 17:04:37:422
4.56072,4.069294,2.551946,-0.992869,9.370258,2.717143,0.795597,-5.956098,-7.319038,-7.921738,-8.473263,1.757368,15.0,16.5,2.925,25.8,235.8659,-72.8431,20.0728,5.0,28.45929,48.8439,2.3533363,307.0968,NaN,,44.303226,,0 / 17,4898,2022-01-10 17:04:37:427
4.56072,4.069294,2.551946,-0.992869,9.370258,2.717143,0.795597,-5.956098,-7.319038,-7.921738,-8.473263,1.757368,15.0,16.5,2.925,25.8,235.8659,-72.8431,20.0728,5.0,28.45929,48.8439,2.3533363,307.0968,NaN,,44.303226,,0 / 17,4902,2022-01-10 17:04:37:431
4.56072,4.069294,2.551946,-0.992869,9.370258,2.717143,0.795597,-5.956098,-7.319038,-7.921738,-8.473263,1.757368,15.0,16.5,2.925,25.8,235.8659,-72.8431,20.0728,5.0,28.45929,48.8439,2.3533363,307.0968,NaN,,44.303226,,0 / 17,4908,2022-01-10 17:04:37:437
4.56072,4.069294,2.551946,-0.992869,9.370258,2.717143,0.795597,-5.956098,-7.319038,-7.921738,-8.473263,1.757368,15.0,16.5,2.925,25.8,235.8659,-72.8431,20.0728,5.0,28.45929,48.8439,2.3533363,307.0968,NaN,,44.303226,,0 / 17,4913,2022-01-10 17:04:37:442
4.56072,4.069294,2.551946,-0.992869,9.370258,2.717143,0.795597,-5.956098,-7.319038,-7.921738,-8.473263,1.757368,21.0,16.5,2.925,25.8,235.8659,-72.8431,20.0728,5.0,28.45929,48.8439,2.3533363,307.0968,NaN,,44.303226,,0 / 17,4917,2022-01-10 17:04:37:446
4.56072,4.069294,2.551946,-0.992869,9.370258,2.717143,0.795597,-5.956098,-7.319038,-7.921738,-8.473263,1.757368,21.0,16.5,2.925,25.8,235.8659,-72.8431,20.0728,5.0,28.45929,48.8439,2.3533363,307.0968,NaN,,44.303226,,0 / 17,4923,2022-01-10 17:04:37:452
4.56072,4.069294,2.551946,-0.992869,9.370258,2.717143,0.795597,-5.956098,-7.319038,-7.921738,-8.473263,1.757368,21.0,16.5,2.925,25.8,235.8659,-72.8431,20.0728,5.0,28.45929,48.8439,2.3533363,307.0968,NaN,,44.303226,,0 / 17,4928,2022-01-10 17:04:37:457
4.56072,4.069294,2.551946,-0.992869,9.370258,2.717143,0.795597,-5.956098,-7.319038,-7.921738,-8.473263,1.757368,21.0,16.5,2.925,25.8,235.8659,-72.8431,20.0728,5.0,28.45929,48.8439,2.3533363,307.0968,NaN,,44.303226,,0 / 17,4932,2022-01-10 17:04:37:461
4.56072,4.069294,2.551946,-0.992869,9.370258,2.717143,0.795597,-5.956098,-7.319038,-7.921738,-8.473263,1.757368,21.0,16.5,2.925,25.8,235.8659,-72.8431,20.0728,5.0,28.45929,48.8439,2.3533363,307.0968,NaN,,44.303226,,0 / 17,4938,2022-01-10 17:04:37:467
4.56072,4.069294,2.551946,-0.992869,9.370258,2.717143,0.795597,-5.956098,-7.319038,-7.921738,-8.473263,1.757368,21.0,16.5,2.925,25.8,235.8659,-72.8431,20.0728,5.0,28.45929,48.8439,2.3533363,307.0968,NaN,,44.303226,,0 / 17,4942,2022-01-10 17:04:37:471
5.537889,3.891029,10.296615,-0.992869,9.370258,2.717143,0.795597,-5.956098,-7.319038,-7.921738,-8.473263,1.757368,21.0,16.5,2.925,25.8,235.8659,-72.8431,20.0728,5.0,28.45929,48.8439,2.3533363,307.0968,NaN,,44.303226,,0 / 17,4948,2022-01-10 17:04:37:477
5.537889,3.891029,10.296615,-0.992869,9.370258,2.717143,0.795597,-5.956098,-7.319038,-7.921738,-8.473263,1.757368,21.0,16.5,2.925,25.8,235.8659,-72.8431,20.0728,5.0,28.45929,48.8439,2.3533363,307.0968,NaN,,44.303226,,0 / 17,4953,2022-01-10 17:04:37:482
5.537889,3.891029,10.296615,2.839721,8.105779,4.73315,3.665621,-1.971233,3.914938,-7.921738,-8.473263,1.757368,21.0,16.5,2.925,25.8,235.8659,-72.8431,20.0728,5.0,28.45929,48.8439,2.3533363,307.0968,NaN,,44.303226,,0 / 17,4957,2022-01-10 17:04:37:486
5.537889,3.891029,10.296615,2.839721,8.105779,4.73315,3.665621,-1.971233,3.914938,-7.921738,-8.473263,1.757368,21.0,16.5,2.925,25.8,235.8659,-72.8431,20.0728,5.0,28.45929,48.8439,2.3533363,307.0968,NaN,,44.303226,,0 / 17,4962,2022-01-10 17:04:37:491
5.537889,3.891029,10.296615,2.839721,8.105779,4.73315,3.665621,-1.971233,3.914938,0.845928,-5.016848,-2.671471,21.0,16.5,2.925,25.8,235.8659,-72.8431,20.0728,5.0,28.45929,48.8439,2.3533363,307.0968,NaN,,44.303226,,0 / 17,4967,2022-01-10 17:04:37:496
5.537889,3.891029,10.296615,2.839721,8.105779,4.73315,3.665621,-1.971233,3.914938,0.845928,-5.016848,-2.671471,21.0,16.5,2.925,25.8,235.8659,-72.8431,20.0728,5.0,28.45929,48.8439,2.3533363,307.0968,NaN,,44.303226,,0 / 17,4974,2022-01-10 17:04:37:503
5.537889,3.891029,10.296615,2.839721,8.105779,4.73315,3.665621,-1.971233,3.914938,0.845928,-5.016848,-2.671471,21.0,16.5,2.925,25.8,235.8659,-72.8431,20.0728,5.0,28.45929,48.8439,2.3533363,307.0968,NaN,,44.303226,,0 / 17,4977,2022-01-10 17:04:37:506
5.537889,3.891029,10.296615,2.839721,8.105779,4.73315,3.665621,-1.971233,3.914938,0.845928,-5.016848,-2.671471,21.0,16.5,2.925,25.8,235.8659,-72.8431,20.0728,5.0,28.45929,48.8439,2.3533363,307.0968,NaN,,44.303226,,0 / 17,4983,2022-01-10 17:04:37:512
5.537889,3.891029,10.296615,2.839721,8.105779,4.73315,3.665621,-1.971233,3.914938,0.845928,-5.016848,-2.671471,21.0,16.5,2.925,25.8,235.8659,-72.8431,20.0728,5.0,28.45929,48.8439,2.3533363,307.0968,NaN,,44.303226,,0 / 17,4988,2022-01-10 17:04:37:517
5.537889,3.891029,10.296615,2.839721,8.105779,4.73315,3.665621,-1.971233,3.914938,0.845928,-5.016848,-2.671471,21.0,16.5,2.925,25.8,235.8659,-72.8431,20.0728,5.0,28.45929,48.8439,2.3533363,307.0968,NaN,,44.303226,,0 / 17,4993,2022-01-10 17:04:37:522
5.537889,3.891029,10.296615,2.839721,8.105779,4.73315,3.665621,-1.971233,3.914938,0.845928,-5.016848,-2.671471,21.0,16.5,2.925,25.8,235.8659,-72.8431,20.0728,5.0,28.45929,48.8439,2.3533363,307.0968,NaN,,44.303226,,0 / 17,4997,2022-01-10 17:04:37:526
5.537889,3.891029,10.296615,2.839721,8.105779,4.73315,3.665621,-1.971233,3.914938,0.845928,-5.016848,-2.671471,21.0,16.5,2.925,25.8,235.8659,-72.8431,20.0728,5.0,28.45929,48.8439,2.3533363,307.0968,NaN,,44.303226,,0 / 17,5003,2022-01-10 17:04:37:532
5.537889,3.891029,10.296615,2.839721,8.105779,4.73315,3.665621,-1.971233,3.914938,0.845928,-5.016848,-2.671471,21.0,16.5,2.925,25.8,235.8659,-72.8431,20.0728,5.0,28.45929,48.8439,2.3533363,307.0968,NaN,,44.303226,,0 / 17,5007,2022-01-10 17:04:37:536
5.537889,3.891029,10.296615,2.839721,8.105779,4.73315,3.665621,-1.971233,3.914938,0.845928,-5.016848,-2.671471,21.0,16.5,2.925,25.8,235.8659,-72.8431,20.0728,5.0,28.45929,48.8439,2.3533363,307.0968,NaN,,44.303226,,0 / 17,5013,2022-01-10 17:04:37:542
5.537889,3.891029,10.296615,2.839721,8.105779,4.73315,3.665621,-1.971233,3.914938,0.845928,-5.016848,-2.671471,21.0,16.5,2.925,25.8,235.8659,-72.8431,20.0728,5.0,28.45929,48.8439,2.3533363,307.0968,NaN,,44.303226,,0 / 17,5018,2022-01-10 17:04:37:547
5.537889,3.891029,10.296615,2.839721,8.105779,4.73315,3.665621,-1.971233,3.914938,0.845928,-5.016848,-2.671471,21.0,16.5,2.925,25.8,235.8659,-72.8431,20.0728,5.0,28.45929,48.8439,2.3533363,307.0968,NaN,,44.303226,,0 / 17,5023,2022-01-10 17:04:37:552
2.329114,5.571388,-0.153739,2.839721,8.105779,4.73315,3.665621,-1.971233,3.914938,0.845928,-5.016848,-2.671471,21.0,16.5,2.925,25.8,235.8659,-72.8431,20.0728,5.0,28.45929,48.8439,2.3533363,307.0968,NaN,,44.303226,,0 / 17,5028,2022-01-10 17:04:37:557
2.329114,5.571388,-0.153739,2.839721,8.105779,4.73315,3.665621,-1.971233,3.914938,0.845928,-5.016848,-2.671471,21.0,16.5,2.925,25.8,235.8659,-72.8431,20.0728,5.0,28.45929,48.8439,2.3533363,307.0968,NaN,,44.303226,,0 / 17,5033,2022-01-10 17:04:37:562
2.329114,5.571388,-0.153739,2.839721,8.105779,4.73315,3.665621,-1.971233,3.914938,0.845928,-5.016848,-2.671471,21.0,16.5,2.925,25.8,235.8659,-72.8431,20.0728,5.0,28.45929,48.8439,2.3533363,307.0968,NaN,,44.303226,,0 / 17,5037,2022-01-10 17:04:37:566
2.329114,5.571388,-0.153739,2.839721,8.105779,4.73315,3.665621,-1.971233,3.914938,0.845928,-5.016848,-2.671471,21.0,7.575,-16.35,13.5,179.1211,-55.7469,-30.9622,5.0,28.45929,48.8439,2.3533363,307.0968,NaN,,44.303226,,0 / 17,5042,2022-01-10 17:04:37:571
2.329114,5.571388,-0.153739,2.839721,8.105779,4.73315,3.665621,-1.971233,3.914938,0.845928,-5.016848,-2.671471,21.0,7.575,-16.35,13.5,179.1211,-55.7469,-30.9622,5.0,28.45929,48.8439,2.3533363,307.0968,NaN,,44.303226,,0 / 17,5047,2022-01-10 17:04:37:576
2.329114,5.571388,-0.153739,2.839721,8.105779,4.73315,3.665621,-1.971233,3.914938,0.845928,-5.016848,-2.671471,21.0,7.575,-16.35,13.5,179.1211,-55.7469,-30.9622,5.0,28.45929,48.8439,2.3533363,307.0968,NaN,,44.303226,,0 / 17,5053,2022-01-10 17:04:37:582
2.329114,5.571388,-0.153739,2.839721,8.105779,4.73315,3.665621,-1.971233,3.914938,0.845928,-5.016848,-2.671471,21.0,7.575,-16.35,13.5,179.1211,-55.7469,-30.9622,5.0,28.45929,48.8439,2.3533363,307.0968,NaN,,44.303226,,0 / 17,5057,2022-01-10 17:04:37:586
2.329114,5.571388,-0.153739,2.839721,8.105779,4.73315,3.665621,-1.971233,3.914938,0.845928,-5.016848,-2.671471,21.0,7.575,-16.35,13.5,179.1211,-55.7469,-30.9622,5.0,28.45929,48.8439,2.3533363,307.0968,NaN,,44.303226,,0 / 17,5063,2022-01-10 17:04:37:592
2.329114,5.571388,-0.153739,2.839721,8.105779,4.73315,3.665621,-1.971233,3.914938,0.845928,-5.016848,-2.671471,21.0,7.575,-16.35,13.5,179.1211,-55.7469,-30.9622,5.0,28.45929,48.8439,2.3533363,307.0968,NaN,,44.303226,,0 / 17,5068,2022-01-10 17:04:37:597
2.329114,5.571388,-0.153739,2.839721,8.105779,4.73315,3.665621,-1.971233,3.914938,0.845928,-5.016848,-2.671471,21.0,7.575,-16.35,13.5,179.1211,-55.7469,-30.9622,5.0,28.45929,48.8439,2.3533363,307.0968,NaN,,44.303226,,0 / 17,5073,2022-01-10 17:04:37:602
2.329114,5.571388,-0.153739,2.839721,8.105779,4.73315,3.665621,-1.971233,3.914938,0.845928,-5.016848,-2.671471,21.0,7.575,-16.35,13.5,179.1211,-55.7469,-30.9622,5.0,28.45929,48.8439,2.3533363,307.0968,NaN,,44.303226,,0 / 17,5078,2022-01-10 17:04:37:607
2.329114,5.571388,-0.153739,2.839721,8.105779,4.73315,3.665621,-1.971233,3.914938,0.845928,-5.016848,-2.671471,21.0,7.575,-16.35,13.5,179.1211,-55.7469,-30.9622,5.0,28.45929,48.8439,2.3533363,307.0968,NaN,,44.303226,,0 / 17,5082,2022-01-10 17:04:37:611
2.329114,5.571388,-0.153739,-1.71807,9.620611,0.813919,4.880164,-3.808331,2.286649,0.845928,-5.016848,-2.671471,21.0,7.575,-16.35,13.5,179.1211,-55.7469,-30.9622,5.0,28.45929,48.8439,2.3533363,307.0968,NaN,,44.303226,,0 / 17,5088,2022-01-10 17:04:37:617
2.329114,5.571388,-0.153739,-1.71807,9.620611,0.813919,4.880164,-3.808331,2.286649,0.845928,-5.016848,-2.671471,7.0,7.575,-16.35,13.5,179.1211,-55.7469,-30.9622,5.0,28.45929,48.8439,2.3533363,307.0968,NaN,,44.303226,,0 / 17,5092,2022-01-10 17:04:37:621
2.329114,5.571388,-0.153739,-1.71807,9.620611,0.813919,4.880164,-3.808331,2.286649,2.740445,0.998922,-6.61989,7.0,7.575,-16.35,13.5,179.1211,-55.7469,-30.9622,5.0,28.45929,48.8439,2.3533363,307.0968,NaN,,44.303226,,0 / 17,5098,2022-01-10 17:04:37:627
2.329114,5.571388,-0.153739,-1.71807,9.620611,0.813919,4.880164,-3.808331,2.286649,2.740445,0.998922,-6.61989,7.0,7.575,-16.35,13.5,179.1211,-55.7469,-30.9622,5.0,28.45929,48.8439,2.3533363,307.0968,NaN,,44.303226,,0 / 17,5102,2022-01-10 17:04:37:631
2.329114,5.571388,-0.153739,-1.71807,9.620611,0.813919,4.880164,-3.808331,2.286649,2.740445,0.998922,-6.61989,7.0,7.575,-16.35,13.5,179.1211,-55.7469,-30.9622,5.0,28.45929,48.8439,2.3533363,307.0968,NaN,,44.303226,,0 / 17,5107,2022-01-10 17:04:37:636
2.329114,5.571388,-0.153739,-1.71807,9.620611,0.813919,4.880164,-3.808331,2.286649,2.740445,0.998922,-6.61989,7.0,7.575,-16.35,13.5,179.1211,-55.7469,-30.9622,5.0,28.45929,48.8439,2.3533363,307.0968,NaN,,44.303226,,0 / 17,5114,2022-01-10 17:04:37:643
2.329114,5.571388,-0.153739,-1.71807,9.620611,0.813919,4.880164,-3.808331,2.286649,2.740445,0.998922,-6.61989,7.0,7.575,-16.35,13.5,179.1211,-55.7469,-30.9622,5.0,28.45929,48.8439,2.3533363,307.0968,NaN,,44.303226,,0 / 17,5117,2022-01-10 17:04:37:646
2.329114,5.571388,-0.153739,-1.71807,9.620611,0.813919,4.880164,-3.808331,2.286649,2.740445,0.998922,-6.61989,7.0,7.575,-16.35,13.5,179.1211,-55.7469,-30.9622,5.0,28.45929,48.8439,2.3533363,307.0968,NaN,,44.303226,,0 / 17,5122,2022-01-10 17:04:37:651
2.329114,5.571388,-0.153739,-1.71807,9.620611,0.813919,4.880164,-3.808331,2.286649,2.740445,0.998922,-6.61989,7.0,7.575,-16.35,13.5,179.1211,-55.7469,-30.9622,5.0,28.45929,48.8439,2.3533363,307.0968,NaN,,44.303226,,0 / 17,5128,2022-01-10 17:04:37:657
2.329114,5.571388,-0.153739,-1.71807,9.620611,0.813919,4.880164,-3.808331,2.286649,2.740445,0.998922,-6.61989,7.0,7.575,-16.35,13.5,179.1211,-55.7469,-30.9622,5.0,28.45929,48.8439,2.3533363,307.0968,NaN,,44.303226,,0 / 17,5132,2022-01-10 17:04:37:661
-1.738386,3.428616,-6.934101,-1.71807,9.620611,0.813919,4.880164,-3.808331,2.286649,2.740445,0.998922,-6.61989,7.0,7.575,-16.35,13.5,179.1211,-55.7469,-30.9622,5.0,28.45929,48.8439,2.3533363,307.0968,NaN,,44.303226,,0 / 17,5138,2022-01-10 17:04:37:667
-1.738386,3.428616,-6.934101,-1.71807,9.620611,0.813919,4.880164,-3.808331,2.286649,2.740445,0.998922,-6.61989,7.0,7.575,-16.35,13.5,179.1211,-55.7469,-30.9622,5.0,28.45929,48.8439,2.3533363,307.0968,NaN,,44.303226,,0 / 17,5142,2022-01-10 17:04:37:671
-1.738386,3.428616,-6.934101,-1.71807,9.620611,0.813919,4.880164,-3.808331,2.286649,2.740445,0.998922,-6.61989,7.0,14.1,-29.55,3.9,179.1211,-55.7469,-30.9622,5.0,28.45929,48.8439,2.3533363,307.0968,NaN,,44.303226,,0 / 17,5147,2022-01-10 17:04:37:676
-1.738386,3.428616,-6.934101,-1.71807,9.620611,0.813919,4.880164,-3.808331,2.286649,2.740445,0.998922,-6.61989,7.0,14.1,-29.55,3.9,179.1211,-55.7469,-30.9622,5.0,28.45929,48.8439,2.3533363,307.0968,NaN,,44.303226,,0 / 17,5153,2022-01-10 17:04:37:682
-1.738386,3.428616,-6.934101,-1.71807,9.620611,0.813919,4.880164,-3.808331,2.286649,2.740445,0.998922,-6.61989,7.0,14.1,-29.55,3.9,179.1211,-55.7469,-30.9622,5.0,28.45929,48.8439,2.3533363,307.0968,NaN,,44.303226,,0 / 17,5157,2022-01-10 17:04:37:686
-1.738386,3.428616,-6.934101,-1.71807,9.620611,0.813919,4.880164,-3.808331,2.286649,2.740445,0.998922,-6.61989,7.0,14.1,-29.55,3.9,179.1211,-55.7469,-30.9622,5.0,28.45929,48.8439,2.3533363,307.0968,NaN,,44.303226,,0 / 17,5162,2022-01-10 17:04:37:691
-1.738386,3.428616,-6.934101,-1.71807,9.620611,0.813919,4.880164,-3.808331,2.286649,2.740445,0.998922,-6.61989,7.0,14.1,-29.55,3.9,179.1211,-55.7469,-30.9622,5.0,28.45929,48.8439,2.3533363,307.0968,NaN,,44.303226,,0 / 17,5167,2022-01-10 17:04:37:696
-1.738386,3.428616,-6.934101,-1.71807,9.620611,0.813919,4.880164,-3.808331,2.286649,2.740445,0.998922,-6.61989,7.0,14.1,-29.55,3.9,179.1211,-55.7469,-30.9622,5.0,30.02345,48.8439,2.3533363,307.0968,NaN,,44.303226,,0 / 17,5172,2022-01-10 17:04:37:701
-1.738386,3.428616,-6.934101,-1.71807,9.620611,0.813919,4.880164,-3.808331,2.286649,2.740445,0.998922,-6.61989,7.0,14.1,-29.55,3.9,179.1211,-55.7469,-30.9622,5.0,30.02345,48.8439,2.3533363,307.0968,NaN,,44.303226,,0 / 17,5178,2022-01-10 17:04:37:707
-1.738386,3.428616,-6.934101,-1.71807,9.620611,0.813919,4.880164,-3.808331,2.286649,2.740445,0.998922,-6.61989,7.0,14.1,-29.55,3.9,179.1211,-55.7469,-30.9622,5.0,30.02345,48.8439,2.3533363,307.0968,NaN,,44.303226,,0 / 17,5184,2022-01-10 17:04:37:713
-1.738386,3.428616,-6.934101,-1.71807,9.620611,0.813919,4.880164,-3.808331,2.286649,2.740445,0.998922,-6.61989,7.0,14.1,-29.55,3.9,179.1211,-55.7469,-30.9622,5.0,30.02345,48.8439,2.3533363,307.0968,NaN,,44.303226,,0 / 17,5187,2022-01-10 17:04:37:716
-1.738386,3.428616,-6.934101,-1.71807,9.620611,0.813919,4.880164,-3.808331,2.286649,2.740445,0.998922,-6.61989,7.0,14.1,-29.55,3.9,179.1211,-55.7469,-30.9622,5.0,30.02345,48.8439,2.3533363,307.0968,NaN,,44.303226,,0 / 17,5193,2022-01-10 17:04:37:722
-1.738386,3.428616,-6.934101,-1.71807,9.620611,0.813919,4.880164,-3.808331,2.286649,2.740445,0.998922,-6.61989,7.0,14.1,-29.55,3.9,179.1211,-55.7469,-30.9622,5.0,30.02345,48.8439,2.3533363,307.0968,NaN,,44.303226,,0 / 17,5198,2022-01-10 17:04:37:727
-1.738386,3.428616,-6.934101,-8.445477,3.470806,-3.577402,5.991784,-0.336497,-3.328088,2.740445,0.998922,-6.61989,7.0,14.1,-29.55,3.9,179.1211,-55.7469,-30.9622,5.0,30.02345,48.8439,2.3533363,307.0968,NaN,,44.303226,,0 / 17,5203,2022-01-10 17:04:37:732
-1.738386,3.428616,-6.934101,-8.445477,3.470806,-3.577402,5.991784,-0.336497,-3.328088,2.740445,0.998922,-6.61989,7.0,14.1,-29.55,3.9,179.1211,-55.7469,-30.9622,5.0,30.02345,48.8439,2.3533363,307.0968,NaN,,44.303226,,0 / 17,5207,2022-01-10 17:04:37:736
-1.738386,3.428616,-6.934101,-8.445477,3.470806,-3.577402,5.991784,-0.336497,-3.328088,2.740445,0.998922,-6.61989,7.0,14.1,-29.55,3.9,179.1211,-55.7469,-30.9622,5.0,30.02345,48.8439,2.3533363,307.0968,NaN,,44.303226,,0 / 17,5212,2022-01-10 17:04:37:741
-1.738386,3.428616,-6.934101,-8.445477,3.470806,-3.577402,5.991784,-0.336497,-3.328088,2.740445,0.998922,-6.61989,7.0,14.1,-29.55,3.9,179.1211,-55.7469,-30.9622,5.0,30.02345,48.8439,2.3533363,307.0968,NaN,,44.303226,,0 / 17,5217,2022-01-10 17:04:37:746
-1.738386,3.428616,-6.934101,-8.445477,3.470806,-3.577402,5.991784,-0.336497,-3.328088,2.740445,0.998922,-6.61989,7.0,14.1,-29.55,3.9,179.1211,-55.7469,-30.9622,5.0,30.02345,48.8439,2.3533363,307.0968,NaN,,44.303226,,0 / 17,5222,2022-01-10 17:04:37:751
-1.738386,3.428616,-6.934101,-8.445477,3.470806,-3.577402,5.991784,-0.336497,-3.328088,2.740445,0.998922,-6.61989,7.0,14.1,-29.55,3.9,179.1211,-55.7469,-30.9622,5.0,30.02345,48.8439,2.3533363,307.0968,NaN,,44.303226,,0 / 17,5227,2022-01-10 17:04:37:756
-8.049156,-9.631411,-11.126327,-8.445477,3.470806,-3.577402,5.991784,-0.336497,-3.328088,2.378399,5.309255,-10.036892,7.0,14.1,-29.55,3.9,179.1211,-55.7469,-30.9622,5.0,30.02345,48.8439,2.3533363,307.0968,NaN,,44.303226,,0 / 17,5234,2022-01-10 17:04:37:763
-8.049156,-9.631411,-11.126327,-8.445477,3.470806,-3.577402,5.991784,-0.336497,-3.328088,2.378399,5.309255,-10.036892,7.0,14.1,-29.55,3.9,179.1211,-55.7469,-30.9622,5.0,30.02345,48.8439,2.3533363,307.0968,NaN,,44.303226,,0 / 17,5238,2022-01-10 17:04:37:767
-8.049156,-9.631411,-11.126327,-8.445477,3.470806,-3.577402,5.991784,-0.336497,-3.328088,2.378399,5.309255,-10.036892,7.0,14.1,-29.55,3.9,179.1211,-55.7469,-30.9622,5.0,30.02345,48.8439,2.3533363,307.0968,NaN,,44.303226,,0 / 17,5242,2022-01-10 17:04:37:771
-8.049156,-9.631411,-11.126327,-8.445477,3.470806,-3.577402,5.991784,-0.336497,-3.328088,2.378399,5.309255,-10.036892,7.0,14.1,-29.55,3.9,179.1211,-55.7469,-30.9622,5.0,30.02345,48.8439,2.3533363,307.0968,NaN,,44.303226,,0 / 17,5248,2022-01-10 17:04:37:777
-8.049156,-9.631411,-11.126327,-8.445477,3.470806,-3.577402,5.991784,-0.336497,-3.328088,2.378399,5.309255,-10.036892,7.0,14.1,-29.55,3.9,179.1211,-55.7469,-30.9622,5.0,30.02345,48.8439,2.3533363,307.0968,NaN,,44.303226,,0 / 17,5252,2022-01-10 17:04:37:781
-8.049156,-9.631411,-11.126327,-8.445477,3.470806,-3.577402,5.991784,-0.336497,-3.328088,2.378399,5.309255,-10.036892,7.0,14.1,-29.55,3.9,179.1211,-55.7469,-30.9622,5.0,30.02345,48.8439,2.3533363,307.0968,NaN,,44.303226,,0 / 17,5257,2022-01-10 17:04:37:786
-8.049156,-9.631411,-11.126327,-8.445477,3.470806,-3.577402,5.991784,-0.336497,-3.328088,2.378399,5.309255,-10.036892,7.0,14.1,-29.55,3.9,179.1211,-55.7469,-30.9622,5.0,30.02345,48.8439,2.3533363,307.0968,NaN,,44.303226,,0 / 17,5263,2022-01-10 17:04:37:792
-8.049156,-9.631411,-11.126327,-8.445477,3.470806,-3.577402,5.991784,-0.336497,-3.328088,2.378399,5.309255,-10.036892,7.0,14.1,-29.55,3.9,179.1211,-55.7469,-30.9622,5.0,30.02345,48.8439,2.3533363,307.0968,NaN,,44.303226,,0 / 17,5268,2022-01-10 17:04:37:797
-8.049156,-9.631411,-11.126327,-8.445477,3.470806,-3.577402,5.991784,-0.336497,-3.328088,2.378399,5.309255,-10.036892,5.0,14.1,-29.55,3.9,179.1211,-55.7469,-30.9622,5.0,30.02345,48.8439,2.3533363,307.0968,NaN,,44.303226,,0 / 17,5272,2022-01-10 17:04:37:801
-8.049156,-9.631411,-11.126327,-8.445477,3.470806,-3.577402,5.991784,-0.336497,-3.328088,2.378399,5.309255,-10.036892,5.0,14.1,-29.55,3.9,179.1211,-55.7469,-30.9622,5.0,30.02345,48.8439,2.3533363,307.0968,NaN,,44.303226,,0 / 17,5278,2022-01-10 17:04:37:807
-8.049156,-9.631411,-11.126327,-8.445477,3.470806,-3.577402,5.991784,-0.336497,-3.328088,2.378399,5.309255,-10.036892,5.0,14.1,-29.55,3.9,179.1211,-55.7469,-30.9622,5.0,30.02345,48.8439,2.3533363,307.0968,NaN,,44.303226,,0 / 17,5287,2022-01-10 17:04:37:816
-8.049156,-9.631411,-11.126327,-8.445477,3.470806,-3.577402,5.991784,-0.336497,-3.328088,2.378399,5.309255,-10.036892,5.0,14.1,-29.55,3.9,179.1211,-55.7469,-30.9622,5.0,30.02345,48.8439,2.3533363,307.0968,NaN,,44.303226,,0 / 17,5288,2022-01-10 17:04:37:817
-8.049156,-9.631411,-11.126327,-8.445477,3.470806,-3.577402,5.991784,-0.336497,-3.328088,2.378399,5.309255,-10.036892,5.0,21.075,-22.5,-1.275,146.6985,-20.7275,112.9569,5.0,30.02345,48.8439,2.3533363,307.0968,NaN,,44.303226,,0 / 17,5293,2022-01-10 17:04:37:822
-8.049156,-9.631411,-11.126327,-8.445477,3.470806,-3.577402,5.991784,-0.336497,-3.328088,2.378399,5.309255,-10.036892,5.0,21.075,-22.5,-1.275,146.6985,-20.7275,112.9569,5.0,30.02345,48.8439,2.3533363,307.0968,NaN,,44.303226,,0 / 17,5298,2022-01-10 17:04:37:827
-8.049156,-9.631411,-11.126327,-8.445477,3.470806,-3.577402,5.991784,-0.336497,-3.328088,2.378399,5.309255,-10.036892,5.0,21.075,-22.5,-1.275,146.6985,-20.7275,112.9569,5.0,30.02345,48.8439,2.3533363,307.0968,NaN,,44.303226,,0 / 17,5303,2022-01-10 17:04:37:832
-8.049156,-9.631411,-11.126327,-8.445477,3.470806,-3.577402,5.991784,-0.336497,-3.328088,2.378399,5.309255,-10.036892,5.0,21.075,-22.5,-1.275,146.6985,-20.7275,112.9569,5.0,30.02345,48.8439,2.3533363,307.0968,NaN,,44.303226,,0 / 17,5308,2022-01-10 17:04:37:837
-8.049156,-9.631411,-11.126327,-8.445477,3.470806,-3.577402,5.991784,-0.336497,-3.328088,2.378399,5.309255,-10.036892,5.0,21.075,-22.5,-1.275,146.6985,-20.7275,112.9569,5.0,30.02345,48.8439,2.3533363,307.0968,NaN,,44.303226,,0 / 17,5312,2022-01-10 17:04:37:841
-8.049156,-9.631411,-11.126327,-8.445477,3.470806,-3.577402,5.991784,-0.336497,-3.328088,2.378399,5.309255,-10.036892,5.0,21.075,-22.5,-1.275,146.6985,-20.7275,112.9569,5.0,30.02345,48.8439,2.3533363,307.0968,NaN,,44.303226,,0 / 17,5317,2022-01-10 17:04:37:846
-8.049156,-9.631411,-11.126327,-8.445477,3.470806,-3.577402,5.991784,-0.336497,-3.328088,2.378399,5.309255,-10.036892,5.0,21.075,-22.5,-1.275,146.6985,-20.7275,112.9569,5.0,30.02345,48.8439,2.3533363,307.0968,NaN,,44.303226,,0 / 17,5323,2022-01-10 17:04:37:852
-11.711969,-3.336193,-18.230019,-8.445477,3.470806,-3.577402,5.991784,-0.336497,-3.328088,2.378399,5.309255,-10.036892,5.0,21.075,-22.5,-1.275,146.6985,-20.7275,112.9569,5.0,30.02345,48.8439,2.3533363,307.0968,NaN,,44.303226,,0 / 17,5328,2022-01-10 17:04:37:857
-11.711969,-3.336193,-18.230019,-2.642707,-5.249371,-7.850515,-7.666605,-4.864495,-6.512803,2.378399,5.309255,-10.036892,5.0,21.075,-22.5,-1.275,146.6985,-20.7275,112.9569,5.0,30.02345,48.8439,2.3533363,307.0968,NaN,,44.303226,,0 / 17,5333,2022-01-10 17:04:37:862
-11.711969,-3.336193,-18.230019,-2.642707,-5.249371,-7.850515,-7.666605,-4.864495,-6.512803,2.378399,5.309255,-10.036892,5.0,21.075,-22.5,-1.275,146.6985,-20.7275,112.9569,5.0,30.02345,48.8439,2.3533363,307.0968,NaN,,44.303226,,0 / 17,5338,2022-01-10 17:04:37:867
-11.711969,-3.336193,-18.230019,-2.642707,-5.249371,-7.850515,-7.666605,-4.864495,-6.512803,2.378399,5.309255,-10.036892,5.0,21.075,-22.5,-1.275,146.6985,-20.7275,112.9569,5.0,30.02345,48.8439,2.3533363,307.0968,NaN,,44.303226,,0 / 17,5342,2022-01-10 17:04:37:871
-11.711969,-3.336193,-18.230019,-2.642707,-5.249371,-7.850515,-7.666605,-4.864495,-6.512803,2.378399,5.309255,-10.036892,5.0,21.075,-22.5,-1.275,146.6985,-20.7275,112.9569,5.0,30.02345,48.8439,2.3533363,307.0968,NaN,,44.303226,,0 / 17,5348,2022-01-10 17:04:37:877
-11.711969,-3.336193,-18.230019,-2.642707,-5.249371,-7.850515,-7.666605,-4.864495,-6.512803,2.378399,5.309255,-10.036892,5.0,21.075,-22.5,-1.275,146.6985,-20.7275,112.9569,5.0,30.02345,48.8439,2.3533363,307.0968,NaN,,44.303226,,0 / 17,5352,2022-01-10 17:04:37:881
-11.711969,-3.336193,-18.230019,-2.642707,-5.249371,-7.850515,-7.666605,-4.864495,-6.512803,2.378399,5.309255,-10.036892,5.0,21.075,-22.5,-1.275,146.6985,-20.7275,112.9569,5.0,30.02345,48.8439,2.3533363,307.0968,NaN,,44.303226,,0 / 17,5357,2022-01-10 17:04:37:886
-11.711969,-3.336193,-18.230019,-2.642707,-5.249371,-7.850515,-7.666605,-4.864495,-6.512803,2.378399,5.309255,-10.036892,5.0,21.075,-22.5,-1.275,146.6985,-20.7275,112.9569,5.0,30.02345,48.8439,2.3533363,307.0968,NaN,,44.303226,,0 / 17,5362,2022-01-10 17:04:37:891
-11.711969,-3.336193,-18.230019,-2.642707,-5.249371,-7.850515,-7.666605,-4.864495,-6.512803,2.378399,5.309255,-10.036892,5.0,21.075,-22.5,-1.275,146.6985,-20.7275,112.9569,5.0,30.02345,48.8439,2.3533363,307.0968,NaN,,44.303226,,0 / 17,5367,2022-01-10 17:04:37:896
-11.711969,-3.336193,-18.230019,-2.642707,-5.249371,-7.850515,-7.666605,-4.864495,-6.512803,-1.689593,2.722203,-1.133008,5.0,21.075,-22.5,-1.275,146.6985,-20.7275,112.9569,5.0,30.02345,48.8439,2.3533363,307.0968,NaN,,44.303226,,0 / 17,5373,2022-01-10 17:04:37:902
-11.711969,-3.336193,-18.230019,-2.642707,-5.249371,-7.850515,-7.666605,-4.864495,-6.512803,-1.689593,2.722203,-1.133008,5.0,21.075,-22.5,-1.275,146.6985,-20.7275,112.9569,5.0,30.02345,48.8439,2.3533363,307.0968,NaN,,44.303226,,0 / 17,5377,2022-01-10 17:04:37:906
-11.711969,-3.336193,-18.230019,-2.642707,-5.249371,-7.850515,-7.666605,-4.864495,-6.512803,-1.689593,2.722203,-1.133008,5.0,21.075,-22.5,-1.275,146.6985,-20.7275,112.9569,5.0,30.02345,48.8439,2.3533363,307.0968,NaN,,44.303226,,0 / 17,5383,2022-01-10 17:04:37:912
-11.711969,-3.336193,-18.230019,-2.642707,-5.249371,-7.850515,-7.666605,-4.864495,-6.512803,-1.689593,2.722203,-1.133008,5.0,21.075,-22.5,-1.275,146.6985,-20.7275,112.9569,5.0,30.02345,48.8439,2.3533363,307.0968,NaN,,44.303226,,0 / 17,5388,2022-01-10 17:04:37:917
-11.711969,-3.336193,-18.230019,-2.642707,-5.249371,-7.850515,-7.666605,-4.864495,-6.512803,-1.689593,2.722203,-1.133008,5.0,21.075,-22.5,-1.275,146.6985,-20.7275,112.9569,5.0,30.02345,48.8439,2.3533363,307.0968,NaN,,44.303226,,0 / 17,5393,2022-01-10 17:04:37:922
-11.711969,-3.336193,-18.230019,-2.642707,-5.249371,-7.850515,-7.666605,-4.864495,-6.512803,-1.689593,2.722203,-1.133008,5.0,21.075,-22.5,-1.275,146.6985,-20.7275,112.9569,5.0,30.02345,48.8439,2.3533363,307.0968,NaN,,44.303226,,0 / 17,5397,2022-01-10 17:04:37:926
-11.711969,-3.336193,-18.230019,-2.642707,-5.249371,-7.850515,-7.666605,-4.864495,-6.512803,-1.689593,2.722203,-1.133008,5.0,21.075,-22.5,-1.275,146.6985,-20.7275,112.9569,5.0,30.02345,48.8439,2.3533363,307.0968,NaN,,44.303226,,0 / 17,5403,2022-01-10 17:04:37:932
-11.711969,-3.336193,-18.230019,-2.642707,-5.249371,-7.850515,-7.666605,-4.864495,-6.512803,-1.689593,2.722203,-1.133008,5.0,21.075,-22.5,-1.275,146.6985,-20.7275,112.9569,5.0,30.02345,48.8439,2.3533363,307.0968,NaN,,44.303226,,0 / 17,5407,2022-01-10 17:04:37:936
-11.711969,-3.336193,-18.230019,-2.642707,-5.249371,-7.850515,-7.666605,-4.864495,-6.512803,-1.689593,2.722203,-1.133008,5.0,21.075,-22.5,-1.275,146.6985,-20.7275,112.9569,5.0,30.02345,48.8439,2.3533363,307.0968,NaN,,44.303226,,0 / 17,5413,2022-01-10 17:04:37:942
-11.711969,-3.336193,-18.230019,-2.642707,-5.249371,-7.850515,-7.666605,-4.864495,-6.512803,-1.689593,2.722203,-1.133008,5.0,21.075,-22.5,-1.275,146.6985,-20.7275,112.9569,5.0,30.02345,48.8439,2.3533363,307.0968,NaN,,44.303226,,0 / 17,5417,2022-01-10 17:04:37:946
-11.711969,-3.336193,-18.230019,-2.642707,-5.249371,-7.850515,-7.666605,-4.864495,-6.512803,-1.689593,2.722203,-1.133008,5.0,21.075,-22.5,-1.275,146.6985,-20.7275,112.9569,5.0,30.02345,48.8439,2.3533363,307.0968,NaN,,44.303226,,0 / 17,5423,2022-01-10 17:04:37:952
-11.711969,-3.336193,-18.230019,-2.642707,-5.249371,-7.850515,-7.666605,-4.864495,-6.512803,-1.689593,2.722203,-1.133008,5.0,21.075,-22.5,-1.275,146.6985,-20.7275,112.9569,5.0,30.02345,48.8439,2.3533363,307.0968,NaN,,44.303226,,0 / 17,5428,2022-01-10 17:04:37:957
0.209372,-3.981956,-11.260324,-2.642707,-5.249371,-7.850515,-7.666605,-4.864495,-6.512803,-1.689593,2.722203,-1.133008,5.0,21.075,-22.5,-1.275,146.6985,-20.7275,112.9569,5.0,30.02345,48.8439,2.3533363,307.0968,NaN,,44.303226,,0 / 17,5432,2022-01-10 17:04:37:961
0.209372,-3.981956,-11.260324,-2.642707,-5.249371,-7.850515,-7.666605,-4.864495,-6.512803,-1.689593,2.722203,-1.133008,5.0,21.075,-22.5,-1.275,146.6985,-20.7275,112.9569,5.0,30.02345,48.8439,2.3533363,307.0968,NaN,,44.303226,,0 / 17,5437,2022-01-10 17:04:37:966
0.209372,-3.981956,-11.260324,-2.642707,-5.249371,-7.850515,-7.666605,-4.864495,-6.512803,-1.689593,2.722203,-1.133008,5.0,21.075,-22.5,-1.275,146.6985,-20.7275,112.9569,5.0,30.02345,48.8439,2.3533363,307.0968,NaN,,44.303226,,0 / 17,5442,2022-01-10 17:04:37:971
0.209372,-3.981956,-11.260324,-2.642707,-5.249371,-7.850515,-7.666605,-4.864495,-6.512803,-1.689593,2.722203,-1.133008,5.0,18.975,-4.875,7.125,124.9374,32.3634,161.3953,5.0,30.02345,48.8439,2.3533363,307.0968,NaN,,44.303226,,0 / 17,5447,2022-01-10 17:04:37:976
0.209372,-3.981956,-11.260324,-2.642707,-5.249371,-7.850515,-7.666605,-4.864495,-6.512803,-1.689593,2.722203,-1.133008,5.0,18.975,-4.875,7.125,124.9374,32.3634,161.3953,5.0,30.02345,48.8439,2.3533363,307.0968,NaN,,44.303226,,0 / 17,5453,2022-01-10 17:04:37:982
0.209372,-3.981956,-11.260324,0.310005,-2.279001,-9.533123,-2.960885,-2.882719,-2.929822,-1.689593,2.722203,-1.133008,5.0,18.975,-4.875,7.125,124.9374,32.3634,161.3953,5.0,30.02345,48.8439,2.3533363,307.0968,NaN,,44.303226,,0 / 17,5458,2022-01-10 17:04:37:987
0.209372,-3.981956,-11.260324,0.310005,-2.279001,-9.533123,-2.960885,-2.882719,-2.929822,-1.689593,2.722203,-1.133008,5.0,18.975,-4.875,7.125,124.9374,32.3634,161.3953,5.0,30.02345,48.8439,2.3533363,307.0968,NaN,,44.303226,,0 / 17,5463,2022-01-10 17:04:37:992
0.209372,-3.981956,-11.260324,0.310005,-2.279001,-9.533123,-2.960885,-2.882719,-2.929822,-1.689593,2.722203,-1.133008,5.0,18.975,-4.875,7.125,124.9374,32.3634,161.3953,5.0,30.02345,48.8439,2.3533363,307.0968,NaN,,44.303226,,0 / 17,5467,2022-01-10 17:04:37:996
0.209372,-3.981956,-11.260324,0.310005,-2.279001,-9.533123,-2.960885,-2.882719,-2.929822,-1.689593,2.722203,-1.133008,5.0,18.975,-4.875,7.125,124.9374,32.3634,161.3953,5.0,30.02345,48.8439,2.3533363,307.0968,NaN,,44.303226,,0 / 17,5473,2022-01-10 17:04:38:002
0.209372,-3.981956,-11.260324,0.310005,-2.279001,-9.533123,-2.960885,-2.882719,-2.929822,-1.689593,2.722203,-1.133008,5.0,18.975,-4.875,7.125,124.9374,32.3634,161.3953,5.0,30.02345,48.8439,2.3533363,307.0968,NaN,,44.303226,,0 / 17,5477,2022-01-10 17:04:38:006
0.209372,-3.981956,-11.260324,0.310005,-2.279001,-9.533123,-2.960885,-2.882719,-2.929822,-1.689593,2.722203,-1.133008,5.0,18.975,-4.875,7.125,124.9374,32.3634,161.3953,5.0,30.02345,48.8439,2.3533363,307.0968,NaN,,44.303226,,0 / 17,5483,2022-01-10 17:04:38:012
0.209372,-3.981956,-11.260324,0.310005,-2.279001,-9.533123,-2.960885,-2.882719,-2.929822,-1.689593,2.722203,-1.133008,5.0,18.975,-4.875,7.125,124.9374,32.3634,161.3953,5.0,32.86685,48.8439,2.3533363,307.0968,NaN,,44.303226,,0 / 17,5488,2022-01-10 17:04:38:017
0.209372,-3.981956,-11.260324,0.310005,-2.279001,-9.533123,-2.960885,-2.882719,-2.929822,-4.120188,3.943093,-0.394403,5.0,18.975,-4.875,7.125,124.9374,32.3634,161.3953,5.0,32.86685,48.8439,2.3533363,307.0968,NaN,,44.303226,,0 / 17,5493,2022-01-10 17:04:38:022
0.209372,-3.981956,-11.260324,0.310005,-2.279001,-9.533123,-2.960885,-2.882719,-2.929822,-4.120188,3.943093,-0.394403,5.0,18.975,-4.875,7.125,124.9374,32.3634,161.3953,5.0,32.86685,48.8439,2.3533363,307.0968,NaN,,44.303226,,0 / 17,5498,2022-01-10 17:04:38:027
0.209372,-3.981956,-11.260324,0.310005,-2.279001,-9.533123,-2.960885,-2.882719,-2.929822,-4.120188,3.943093,-0.394403,5.0,18.975,-4.875,7.125,124.9374,32.3634,161.3953,5.0,32.86685,48.8439,2.3533363,307.0968,NaN,,44.303226,,0 / 17,5502,2022-01-10 17:04:38:031
0.209372,-3.981956,-11.260324,0.310005,-2.279001,-9.533123,-2.960885,-2.882719,-2.929822,-4.120188,3.943093,-0.394403,5.0,18.975,-4.875,7.125,124.9374,32.3634,161.3953,5.0,32.86685,48.8439,2.3533363,307.0968,NaN,,44.303226,,0 / 17,5508,2022-01-10 17:04:38:037
0.209372,-3.981956,-11.260324,0.310005,-2.279001,-9.533123,-2.960885,-2.882719,-2.929822,-4.120188,3.943093,-0.394403,5.0,18.975,-4.875,7.125,124.9374,32.3634,161.3953,5.0,32.86685,48.8439,2.3533363,307.0968,NaN,,44.303226,,0 / 17,5512,2022-01-10 17:04:38:041
4.335496,-3.520739,-11.09492,0.310005,-2.279001,-9.533123,-2.960885,-2.882719,-2.929822,-4.120188,3.943093,-0.394403,5.0,18.975,-4.875,7.125,124.9374,32.3634,161.3953,5.0,32.86685,48.8439,2.3533363,307.0968,NaN,,44.303226,,0 / 17,5518,2022-01-10 17:04:38:047
4.335496,-3.520739,-11.09492,0.310005,-2.279001,-9.533123,-2.960885,-2.882719,-2.929822,-4.120188,3.943093,-0.394403,5.0,18.975,-4.875,7.125,124.9374,32.3634,161.3953,5.0,32.86685,48.8439,2.3533363,307.0968,NaN,,44.303226,,0 / 17,5522,2022-01-10 17:04:38:051
4.335496,-3.520739,-11.09492,0.310005,-2.279001,-9.533123,-2.960885,-2.882719,-2.929822,-4.120188,3.943093,-0.394403,5.0,18.975,-4.875,7.125,124.9374,32.3634,161.3953,5.0,32.86685,48.8439,2.3533363,307.0968,NaN,,44.303226,,0 / 17,5528,2022-01-10 17:04:38:057
4.335496,-3.520739,-11.09492,0.310005,-2.279001,-9.533123,-2.960885,-2.882719,-2.929822,-4.120188,3.943093,-0.394403,5.0,18.975,-4.875,7.125,124.9374,32.3634,161.3953,5.0,32.86685,48.8439,2.3533363,307.0968,NaN,,44.303226,,0 / 17,5534,2022-01-10 17:04:38:063
4.335496,-3.520739,-11.09492,0.310005,-2.279001,-9.533123,-2.960885,-2.882719,-2.929822,-4.120188,3.943093,-0.394403,5.0,18.975,-4.875,7.125,124.9374,32.3634,161.3953,5.0,32.86685,48.8439,2.3533363,307.0968,NaN,,44.303226,,0 / 17,5538,2022-01-10 17:04:38:067
4.335496,-3.520739,-11.09492,0.310005,-2.279001,-9.533123,-2.960885,-2.882719,-2.929822,-4.120188,3.943093,-0.394403,5.0,18.975,-4.875,7.125,124.9374,32.3634,161.3953,5.0,32.86685,48.8439,2.3533363,307.0968,NaN,,44.303226,,0 / 17,5543,2022-01-10 17:04:38:072
4.335496,-3.520739,-11.09492,0.310005,-2.279001,-9.533123,-2.960885,-2.882719,-2.929822,-4.120188,3.943093,-0.394403,5.0,18.975,-4.875,7.125,124.9374,32.3634,161.3953,5.0,32.86685,48.8439,2.3533363,307.0968,NaN,,44.303226,,0 / 17,5547,2022-01-10 17:04:38:076
4.335496,-3.520739,-11.09492,0.310005,-2.279001,-9.533123,-2.960885,-2.882719,-2.929822,-4.120188,3.943093,-0.394403,10.0,18.975,-4.875,7.125,124.9374,32.3634,161.3953,5.0,32.86685,48.8439,2.3533363,307.0968,NaN,,44.303226,,0 / 17,5553,2022-01-10 17:04:38:082
4.335496,-3.520739,-11.09492,0.310005,-2.279001,-9.533123,-2.960885,-2.882719,-2.929822,-4.120188,3.943093,-0.394403,10.0,18.975,-4.875,7.125,124.9374,32.3634,161.3953,5.0,32.86685,48.8439,2.3533363,307.0968,NaN,,44.303226,,0 / 17,5557,2022-01-10 17:04:38:086
4.335496,-3.520739,-11.09492,0.310005,-2.279001,-9.533123,-2.960885,-2.882719,-2.929822,-4.120188,3.943093,-0.394403,10.0,18.975,-4.875,7.125,124.9374,32.3634,161.3953,5.0,32.86685,48.8439,2.3533363,307.0968,NaN,,44.303226,,0 / 17,5563,2022-01-10 17:04:38:092
4.335496,-3.520739,-11.09492,5.354361,1.931404,-7.985667,-3.109659,-4.974849,-3.466588,-4.120188,3.943093,-0.394403,10.0,18.975,-4.875,7.125,124.9374,32.3634,161.3953,5.0,32.86685,48.8439,2.3533363,307.0968,NaN,,44.303226,,0 / 17,5568,2022-01-10 17:04:38:097
4.335496,-3.520739,-11.09492,5.354361,1.931404,-7.985667,-3.109659,-4.974849,-3.466588,-4.120188,3.943093,-0.394403,10.0,18.975,-4.875,7.125,124.9374,32.3634,161.3953,5.0,32.86685,48.8439,2.3533363,307.0968,NaN,,44.303226,,0 / 17,5572,2022-01-10 17:04:38:101
4.335496,-3.520739,-11.09492,5.354361,1.931404,-7.985667,-3.109659,-4.974849,-3.466588,-4.120188,3.943093,-0.394403,10.0,18.975,-4.875,7.125,124.9374,32.3634,161.3953,5.0,32.86685,48.8439,2.3533363,307.0968,NaN,,44.303226,,0 / 17,5577,2022-01-10 17:04:38:106
4.335496,-3.520739,-11.09492,5.354361,1.931404,-7.985667,-3.109659,-4.974849,-3.466588,-4.120188,3.943093,-0.394403,10.0,18.975,-4.875,7.125,124.9374,32.3634,161.3953,5.0,32.86685,48.8439,2.3533363,307.0968,NaN,,44.303226,,0 / 17,5583,2022-01-10 17:04:38:112
4.335496,-3.520739,-11.09492,5.354361,1.931404,-7.985667,-3.109659,-4.974849,-3.466588,-4.120188,3.943093,-0.394403,10.0,18.975,-4.875,7.125,124.9374,32.3634,161.3953,5.0,32.86685,48.8439,2.3533363,307.0968,NaN,,44.303226,,0 / 17,5588,2022-01-10 17:04:38:117
4.335496,-3.520739,-11.09492,5.354361,1.931404,-7.985667,-3.109659,-4.974849,-3.466588,-4.120188,3.943093,-0.394403,10.0,18.975,-4.875,7.125,124.9374,32.3634,161.3953,5.0,32.86685,48.8439,2.3533363,307.0968,NaN,,44.303226,,0 / 17,5592,2022-01-10 17:04:38:121
4.335496,-3.520739,-11.09492,5.354361,1.931404,-7.985667,-3.109659,-4.974849,-3.466588,-4.120188,3.943093,-0.394403,10.0,18.975,-4.875,7.125,124.9374,32.3634,161.3953,5.0,32.86685,48.8439,2.3533363,307.0968,NaN,,44.303226,,0 / 17,5598,2022-01-10 17:04:38:127
4.335496,-3.520739,-11.09492,5.354361,1.931404,-7.985667,-3.109659,-4.974849,-3.466588,-4.120188,3.943093,-0.394403,10.0,18.975,-4.875,7.125,124.9374,32.3634,161.3953,5.0,32.86685,48.8439,2.3533363,307.0968,NaN,,44.303226,,0 / 17,5602,2022-01-10 17:04:38:131
4.335496,-3.520739,-11.09492,5.354361,1.931404,-7.985667,-3.109659,-4.974849,-3.466588,-4.120188,3.943093,-0.394403,10.0,18.975,-4.875,7.125,124.9374,32.3634,161.3953,5.0,32.86685,48.8439,2.3533363,307.0968,NaN,,44.303226,,0 / 17,5608,2022-01-10 17:04:38:137
4.335496,-3.520739,-11.09492,5.354361,1.931404,-7.985667,-3.109659,-4.974849,-3.466588,-4.120188,3.943093,-0.394403,10.0,18.975,-4.875,7.125,124.9374,32.3634,161.3953,5.0,32.86685,48.8439,2.3533363,307.0968,NaN,,44.303226,,0 / 17,5612,2022-01-10 17:04:38:141
3.474379,3.322135,-1.543071,5.354361,1.931404,-7.985667,-3.109659,-4.974849,-3.466588,-4.120188,3.943093,-0.394403,10.0,18.975,-4.875,7.125,124.9374,32.3634,161.3953,5.0,32.86685,48.8439,2.3533363,307.0968,NaN,,44.303226,,0 / 17,5618,2022-01-10 17:04:38:147
3.474379,3.322135,-1.543071,5.354361,1.931404,-7.985667,-3.109659,-4.974849,-3.466588,-4.120188,3.943093,-0.394403,10.0,18.975,-4.875,7.125,124.9374,32.3634,161.3953,5.0,32.86685,48.8439,2.3533363,307.0968,NaN,,44.303226,,0 / 17,5623,2022-01-10 17:04:38:152
3.474379,3.322135,-1.543071,5.354361,1.931404,-7.985667,-3.109659,-4.974849,-3.466588,-4.120188,3.943093,-0.394403,10.0,18.975,-4.875,7.125,124.9374,32.3634,161.3953,5.0,32.86685,48.8439,2.3533363,307.0968,NaN,,44.303226,,0 / 17,5628,2022-01-10 17:04:38:157
3.474379,3.322135,-1.543071,5.354361,1.931404,-7.985667,-3.109659,-4.974849,-3.466588,-4.120188,3.943093,-0.394403,10.0,18.975,-4.875,7.125,124.9374,32.3634,161.3953,5.0,32.86685,48.8439,2.3533363,307.0968,NaN,,44.303226,,0 / 17,5632,2022-01-10 17:04:38:161
3.474379,3.322135,-1.543071,5.354361,1.931404,-7.985667,-3.109659,-4.974849,-3.466588,-4.120188,3.943093,-0.394403,10.0,18.975,-4.875,7.125,124.9374,32.3634,161.3953,5.0,32.86685,48.8439,2.3533363,307.0968,NaN,,44.303226,,0 / 17,5637,2022-01-10 17:04:38:166
3.474379,3.322135,-1.543071,5.354361,1.931404,-7.985667,-3.109659,-4.974849,-3.466588,-0.641137,1.230744,0.466572,10.0,18.975,-4.875,7.125,124.9374,32.3634,161.3953,5.0,32.86685,48.8439,2.3533363,307.0968,NaN,,44.303226,,0 / 17,5643,2022-01-10 17:04:38:172
3.474379,3.322135,-1.543071,5.354361,1.931404,-7.985667,-3.109659,-4.974849,-3.466588,-0.641137,1.230744,0.466572,10.0,6.225,13.725,25.95,48.3328,-11.3586,-146.1583,5.0,32.86685,48.8439,2.3533363,307.0968,NaN,,44.303226,,0 / 17,5648,2022-01-10 17:04:38:177
3.474379,3.322135,-1.543071,5.354361,1.931404,-7.985667,-3.109659,-4.974849,-3.466588,-0.641137,1.230744,0.466572,10.0,6.225,13.725,25.95,48.3328,-11.3586,-146.1583,5.0,32.86685,48.8439,2.3533363,307.0968,NaN,,44.303226,,0 / 17,5653,2022-01-10 17:04:38:182
3.474379,3.322135,-1.543071,5.354361,1.931404,-7.985667,-3.109659,-4.974849,-3.466588,-0.641137,1.230744,0.466572,10.0,6.225,13.725,25.95,48.3328,-11.3586,-146.1583,5.0,32.86685,48.8439,2.3533363,307.0968,NaN,,44.303226,,0 / 17,5657,2022-01-10 17:04:38:186
3.474379,3.322135,-1.543071,5.354361,1.931404,-7.985667,-3.109659,-4.974849,-3.466588,-0.641137,1.230744,0.466572,10.0,6.225,13.725,25.95,48.3328,-11.3586,-146.1583,5.0,32.86685,48.8439,2.3533363,307.0968,NaN,,44.303226,,0 / 17,5662,2022-01-10 17:04:38:191
3.474379,3.322135,-1.543071,5.354361,1.931404,-7.985667,-3.109659,-4.974849,-3.466588,-0.641137,1.230744,0.466572,10.0,6.225,13.725,25.95,48.3328,-11.3586,-146.1583,5.0,32.86685,48.8439,2.3533363,307.0968,NaN,,44.303226,,0 / 17,5668,2022-01-10 17:04:38:197
3.474379,3.322135,-1.543071,5.354361,1.931404,-7.985667,-3.109659,-4.974849,-3.466588,-0.641137,1.230744,0.466572,10.0,6.225,13.725,25.95,48.3328,-11.3586,-146.1583,5.0,32.86685,48.8439,2.3533363,307.0968,NaN,,44.303226,,0 / 17,5673,2022-01-10 17:04:38:202
3.474379,3.322135,-1.543071,5.354361,1.931404,-7.985667,-3.109659,-4.974849,-3.466588,-0.641137,1.230744,0.466572,10.0,6.225,13.725,25.95,48.3328,-11.3586,-146.1583,5.0,32.86685,48.8439,2.3533363,307.0968,NaN,,44.303226,,0 / 17,5677,2022-01-10 17:04:38:206
3.474379,3.322135,-1.543071,5.354361,1.931404,-7.985667,-3.109659,-4.974849,-3.466588,-0.641137,1.230744,0.466572,10.0,6.225,13.725,25.95,48.3328,-11.3586,-146.1583,5.0,32.86685,48.8439,2.3533363,307.0968,NaN,,44.303226,,0 / 17,5683,2022-01-10 17:04:38:212
3.474379,3.322135,-1.543071,5.354361,1.931404,-7.985667,-3.109659,-4.974849,-3.466588,-0.641137,1.230744,0.466572,10.0,6.225,13.725,25.95,48.3328,-11.3586,-146.1583,5.0,32.86685,48.8439,2.3533363,307.0968,NaN,,44.303226,,0 / 17,5687,2022-01-10 17:04:38:216
3.474379,3.322135,-1.543071,5.354361,1.931404,-7.985667,-3.109659,-4.974849,-3.466588,-0.641137,1.230744,0.466572,10.0,6.225,13.725,25.95,48.3328,-11.3586,-146.1583,5.0,32.86685,48.8439,2.3533363,307.0968,NaN,,44.303226,,0 / 17,5693,2022-01-10 17:04:38:222
3.474379,3.322135,-1.543071,6.45112,1.621744,-7.205789,-2.503524,1.98015,6.284033,-0.641137,1.230744,0.466572,10.0,6.225,13.725,25.95,48.3328,-11.3586,-146.1583,5.0,32.86685,48.8439,2.3533363,307.0968,NaN,,44.303226,,0 / 17,5698,2022-01-10 17:04:38:227
3.474379,3.322135,-1.543071,6.45112,1.621744,-7.205789,-2.503524,1.98015,6.284033,-0.641137,1.230744,0.466572,10.0,6.225,13.725,25.95,48.3328,-11.3586,-146.1583,5.0,32.86685,48.8439,2.3533363,307.0968,NaN,,44.303226,,0 / 17,5702,2022-01-10 17:04:38:231
3.474379,3.322135,-1.543071,6.45112,1.621744,-7.205789,-2.503524,1.98015,6.284033,-0.641137,1.230744,0.466572,10.0,6.225,13.725,25.95,48.3328,-11.3586,-146.1583,5.0,32.86685,48.8439,2.3533363,307.0968,NaN,,44.303226,,0 / 17,5708,2022-01-10 17:04:38:237
3.474379,3.322135,-1.543071,6.45112,1.621744,-7.205789,-2.503524,1.98015,6.284033,-0.641137,1.230744,0.466572,10.0,6.225,13.725,25.95,48.3328,-11.3586,-146.1583,5.0,32.86685,48.8439,2.3533363,307.0968,NaN,,44.303226,,0 / 17,5712,2022-01-10 17:04:38:241
3.474379,3.322135,-1.543071,6.45112,1.621744,-7.205789,-2.503524,1.98015,6.284033,-0.641137,1.230744,0.466572,10.0,6.225,13.725,25.95,48.3328,-11.3586,-146.1583,5.0,32.86685,48.8439,2.3533363,307.0968,NaN,,44.303226,,0 / 17,5718,2022-01-10 17:04:38:247
3.474379,3.322135,-1.543071,6.45112,1.621744,-7.205789,-2.503524,1.98015,6.284033,-0.641137,1.230744,0.466572,10.0,6.225,13.725,25.95,48.3328,-11.3586,-146.1583,5.0,32.86685,48.8439,2.3533363,307.0968,NaN,,44.303226,,0 / 17,5723,2022-01-10 17:04:38:252
3.474379,3.322135,-1.543071,6.45112,1.621744,-7.205789,-2.503524,1.98015,6.284033,-0.641137,1.230744,0.466572,10.0,6.225,13.725,25.95,48.3328,-11.3586,-146.1583,5.0,32.86685,48.8439,2.3533363,307.0968,NaN,,44.303226,,0 / 17,5728,2022-01-10 17:04:38:257
3.474379,3.322135,-1.543071,6.45112,1.621744,-7.205789,-2.503524,1.98015,6.284033,-0.641137,1.230744,0.466572,10.0,6.225,13.725,25.95,48.3328,-11.3586,-146.1583,5.0,32.86685,48.8439,2.3533363,307.0968,NaN,,44.303226,,0 / 17,5732,2022-01-10 17:04:38:261
1.339981,-0.518046,-2.394617,6.45112,1.621744,-7.205789,-2.503524,1.98015,6.284033,-0.641137,1.230744,0.466572,11.0,6.225,13.725,25.95,48.3328,-11.3586,-146.1583,5.0,32.86685,48.8439,2.3533363,307.0968,NaN,,44.303226,,0 / 17,5737,2022-01-10 17:04:38:266
1.339981,-0.518046,-2.394617,6.45112,1.621744,-7.205789,-2.503524,1.98015,6.284033,-0.641137,1.230744,0.466572,11.0,6.225,13.725,25.95,48.3328,-11.3586,-146.1583,5.0,32.86685,48.8439,2.3533363,307.0968,NaN,,44.303226,,0 / 17,5742,2022-01-10 17:04:38:271
1.339981,-0.518046,-2.394617,6.45112,1.621744,-7.205789,-2.503524,1.98015,6.284033,-0.641137,1.230744,0.466572,11.0,6.225,13.725,25.95,48.3328,-11.3586,-146.1583,5.0,32.86685,48.8439,2.3533363,307.0968,NaN,,44.303226,,0 / 17,5749,2022-01-10 17:04:38:278
1.339981,-0.518046,-2.394617,6.45112,1.621744,-7.205789,-2.503524,1.98015,6.284033,-0.641137,1.230744,0.466572,11.0,6.225,13.725,25.95,48.3328,-11.3586,-146.1583,5.0,32.86685,48.8439,2.3533363,307.0968,NaN,,44.303226,,0 / 17,5752,2022-01-10 17:04:38:281
1.339981,-0.518046,-2.394617,6.45112,1.621744,-7.205789,-2.503524,1.98015,6.284033,-0.641137,1.230744,0.466572,11.0,6.225,13.725,25.95,48.3328,-11.3586,-146.1583,5.0,32.86685,48.8439,2.3533363,307.0968,NaN,,44.303226,,0 / 17,5757,2022-01-10 17:04:38:286
1.339981,-0.518046,-2.394617,6.45112,1.621744,-7.205789,-2.503524,1.98015,6.284033,-0.641137,1.230744,0.466572,11.0,6.225,13.725,25.95,48.3328,-11.3586,-146.1583,5.0,32.86685,48.8439,2.3533363,307.0968,NaN,,44.303226,,0 / 17,5762,2022-01-10 17:04:38:291
1.339981,-0.518046,-2.394617,6.45112,1.621744,-7.205789,-2.503524,1.98015,6.284033,-0.641137,1.230744,0.466572,11.0,6.225,13.725,25.95,48.3328,-11.3586,-146.1583,5.0,32.86685,48.8439,2.3533363,307.0968,NaN,,44.303226,,0 / 17,5768,2022-01-10 17:04:38:297
1.339981,-0.518046,-2.394617,6.45112,1.621744,-7.205789,-2.503524,1.98015,6.284033,-0.641137,1.230744,0.466572,11.0,6.225,13.725,25.95,48.3328,-11.3586,-146.1583,5.0,32.86685,48.8439,2.3533363,307.0968,NaN,,44.303226,,0 / 17,5773,2022-01-10 17:04:38:302
1.339981,-0.518046,-2.394617,6.45112,1.621744,-7.205789,-2.503524,1.98015,6.284033,-0.641137,1.230744,0.466572,11.0,6.225,13.725,25.95,48.3328,-11.3586,-146.1583,5.0,32.86685,48.8439,2.3533363,307.0968,NaN,,44.303226,,0 / 17,5778,2022-01-10 17:04:38:307
1.339981,-0.518046,-2.394617,6.45112,1.621744,-7.205789,-2.503524,1.98015,6.284033,2.548037,-4.715653,1.958964,11.0,6.225,13.725,25.95,48.3328,-11.3586,-146.1583,5.0,32.86685,48.8439,2.3533363,307.0968,NaN,,44.303226,,0 / 17,5782,2022-01-10 17:04:38:311
1.339981,-0.518046,-2.394617,6.45112,1.621744,-7.205789,-2.503524,1.98015,6.284033,2.548037,-4.715653,1.958964,11.0,6.225,13.725,25.95,48.3328,-11.3586,-146.1583,5.0,32.86685,48.8439,2.3533363,307.0968,NaN,,44.303226,,0 / 17,5787,2022-01-10 17:04:38:316
1.339981,-0.518046,-2.394617,6.45112,1.621744,-7.205789,-2.503524,1.98015,6.284033,2.548037,-4.715653,1.958964,11.0,6.225,13.725,25.95,48.3328,-11.3586,-146.1583,5.0,32.86685,48.8439,2.3533363,307.0968,NaN,,44.303226,,0 / 17,5792,2022-01-10 17:04:38:321
1.339981,-0.518046,-2.394617,6.45112,1.621744,-7.205789,-2.503524,1.98015,6.284033,2.548037,-4.715653,1.958964,11.0,6.225,13.725,25.95,48.3328,-11.3586,-146.1583,5.0,32.86685,48.8439,2.3533363,307.0968,NaN,,44.303226,,0 / 17,5798,2022-01-10 17:04:38:327
1.339981,-0.518046,-2.394617,6.45112,1.621744,-7.205789,-2.503524,1.98015,6.284033,2.548037,-4.715653,1.958964,11.0,6.225,13.725,25.95,48.3328,-11.3586,-146.1583,5.0,32.86685,48.8439,2.3533363,307.0968,NaN,,44.303226,,0 / 17,5803,2022-01-10 17:04:38:332
1.339981,-0.518046,-2.394617,6.45112,1.621744,-7.205789,-2.503524,1.98015,6.284033,2.548037,-4.715653,1.958964,11.0,6.225,13.725,25.95,48.3328,-11.3586,-146.1583,5.0,30.11768,48.8439,2.3533363,307.0968,NaN,,44.303226,,0 / 17,5808,2022-01-10 17:04:38:337
1.339981,-0.518046,-2.394617,6.45112,1.621744,-7.205789,-2.503524,1.98015,6.284033,2.548037,-4.715653,1.958964,11.0,6.225,13.725,25.95,48.3328,-11.3586,-146.1583,5.0,30.11768,48.8439,2.3533363,307.0968,NaN,,44.303226,,0 / 17,5812,2022-01-10 17:04:38:341
1.339981,-0.518046,-2.394617,6.45112,1.621744,-7.205789,-2.503524,1.98015,6.284033,2.548037,-4.715653,1.958964,11.0,6.225,13.725,25.95,48.3328,-11.3586,-146.1583,5.0,30.11768,48.8439,2.3533363,307.0968,NaN,,44.303226,,0 / 17,5817,2022-01-10 17:04:38:346
-3.418745,-3.48724,-8.123334,1.37351,-1.909141,-9.520453,1.254416,-0.439368,4.853992,2.548037,-4.715653,1.958964,11.0,6.225,13.725,25.95,48.3328,-11.3586,-146.1583,5.0,30.11768,48.8439,2.3533363,307.0968,NaN,,44.303226,,0 / 17,5827,2022-01-10 17:04:38:356
-3.418745,-3.48724,-8.123334,1.37351,-1.909141,-9.520453,1.254416,-0.439368,4.853992,2.548037,-4.715653,1.958964,11.0,6.225,13.725,25.95,48.3328,-11.3586,-146.1583,5.0,30.11768,48.8439,2.3533363,307.0968,NaN,,44.303226,,0 / 17,5828,2022-01-10 17:04:38:357
-3.418745,-3.48724,-8.123334,1.37351,-1.909141,-9.520453,1.254416,-0.439368,4.853992,2.548037,-4.715653,1.958964,11.0,6.225,13.725,25.95,48.3328,-11.3586,-146.1583,5.0,30.11768,48.8439,2.3533363,307.0968,NaN,,44.303226,,0 / 17,5832,2022-01-10 17:04:38:361
-3.418745,-3.48724,-8.123334,1.37351,-1.909141,-9.520453,1.254416,-0.439368,4.853992,2.548037,-4.715653,1.958964,11.0,-14.925,18.375,32.85,317.0328,11.2259,-171.7906,5.0,30.11768,48.8439,2.3533363,307.0968,NaN,,44.303226,,0 / 25,5850,2022-01-10 17:04:38:379
-3.418745,-3.48724,-8.123334,1.37351,-1.909141,-9.520453,1.254416,-0.439368,4.853992,2.548037,-4.715653,1.958964,11.0,-14.925,18.375,32.85,317.0328,11.2259,-171.7906,5.0,30.11768,48.8439,2.3533363,307.0968,NaN,,44.303226,,0 / 25,5851,2022-01-10 17:04:38:380
-3.418745,-3.48724,-8.123334,1.37351,-1.909141,-9.520453,1.254416,-0.439368,4.853992,2.548037,-4.715653,1.958964,11.0,-14.925,18.375,32.85,317.0328,11.2259,-171.7906,5.0,30.11768,48.8439,2.3533363,307.0968,NaN,,44.303226,,0 / 25,5852,2022-01-10 17:04:38:381
-3.418745,-3.48724,-8.123334,1.37351,-1.909141,-9.520453,1.254416,-0.439368,4.853992,2.548037,-4.715653,1.958964,11.0,-14.925,18.375,32.85,317.0328,11.2259,-171.7906,5.0,30.11768,48.8439,2.3533363,307.0968,NaN,,44.303226,,0 / 25,5852,2022-01-10 17:04:38:381
-3.418745,-3.48724,-8.123334,1.37351,-1.909141,-9.520453,1.254416,-0.439368,4.853992,2.548037,-4.715653,1.958964,11.0,-14.925,18.375,32.85,317.0328,11.2259,-171.7906,5.0,30.11768,48.8439,2.3533363,307.0968,NaN,,44.303226,,0 / 25,5858,2022-01-10 17:04:38:387
-3.418745,-3.48724,-8.123334,1.37351,-1.909141,-9.520453,1.254416,-0.439368,4.853992,2.548037,-4.715653,1.958964,11.0,-14.925,18.375,32.85,317.0328,11.2259,-171.7906,5.0,30.11768,48.8439,2.3533363,307.0968,NaN,,44.303226,,0 / 25,5866,2022-01-10 17:04:38:395
-3.418745,-3.48724,-8.123334,1.37351,-1.909141,-9.520453,1.254416,-0.439368,4.853992,2.548037,-4.715653,1.958964,11.0,-14.925,18.375,32.85,317.0328,11.2259,-171.7906,5.0,30.11768,48.8439,2.3533363,307.0968,NaN,,44.303226,,0 / 25,5867,2022-01-10 17:04:38:396
-3.418745,-3.48724,-8.123334,1.37351,-1.909141,-9.520453,1.254416,-0.439368,4.853992,2.548037,-4.715653,1.958964,11.0,-14.925,18.375,32.85,317.0328,11.2259,-171.7906,5.0,30.11768,48.8439,2.3533363,307.0968,NaN,,44.303226,,0 / 25,5872,2022-01-10 17:04:38:401
-3.418745,-3.48724,-8.123334,1.37351,-1.909141,-9.520453,1.254416,-0.439368,4.853992,2.548037,-4.715653,1.958964,11.0,-14.925,18.375,32.85,317.0328,11.2259,-171.7906,5.0,30.11768,48.8439,2.3533363,307.0968,NaN,,44.303226,,0 / 25,5878,2022-01-10 17:04:38:407
-3.418745,-3.48724,-8.123334,1.37351,-1.909141,-9.520453,1.254416,-0.439368,4.853992,2.548037,-4.715653,1.958964,11.0,-14.925,18.375,32.85,317.0328,11.2259,-171.7906,5.0,30.11768,48.8439,2.3533363,307.0968,NaN,,44.303226,,0 / 25,5884,2022-01-10 17:04:38:413
-3.418745,-3.48724,-8.123334,1.37351,-1.909141,-9.520453,1.254416,-0.439368,4.853992,2.548037,-4.715653,1.958964,11.0,-14.925,18.375,32.85,317.0328,11.2259,-171.7906,5.0,30.11768,48.8439,2.3533363,307.0968,NaN,,44.303226,,0 / 25,5887,2022-01-10 17:04:38:416
-3.418745,-3.48724,-8.123334,1.37351,-1.909141,-9.520453,1.254416,-0.439368,4.853992,2.548037,-4.715653,1.958964,11.0,-14.925,18.375,32.85,317.0328,11.2259,-171.7906,5.0,30.11768,48.8439,2.3533363,307.0968,NaN,,44.303226,,0 / 25,5893,2022-01-10 17:04:38:422
-3.418745,-3.48724,-8.123334,1.37351,-1.909141,-9.520453,1.254416,-0.439368,4.853992,2.548037,-4.715653,1.958964,11.0,-14.925,18.375,32.85,317.0328,11.2259,-171.7906,5.0,30.11768,48.8439,2.3533363,307.0968,NaN,,44.303226,,0 / 25,5898,2022-01-10 17:04:38:427
-3.418745,-3.48724,-8.123334,1.37351,-1.909141,-9.520453,1.254416,-0.439368,4.853992,2.548037,-4.715653,1.958964,11.0,-14.925,18.375,32.85,317.0328,11.2259,-171.7906,5.0,30.11768,48.8439,2.3533363,307.0968,NaN,,44.303226,,0 / 25,5902,2022-01-10 17:04:38:431
-3.418745,-3.48724,-8.123334,1.37351,-1.909141,-9.520453,1.254416,-0.439368,4.853992,0.42343,-9.093362,2.484923,5.0,-14.925,18.375,32.85,317.0328,11.2259,-171.7906,5.0,30.11768,48.8439,2.3533363,307.0968,NaN,,44.303226,,0 / 25,5907,2022-01-10 17:04:38:436
-3.418745,-3.48724,-8.123334,1.37351,-1.909141,-9.520453,1.254416,-0.439368,4.853992,0.42343,-9.093362,2.484923,5.0,-14.925,18.375,32.85,317.0328,11.2259,-171.7906,5.0,30.11768,48.8439,2.3533363,307.0968,NaN,,44.303226,,0 / 25,5914,2022-01-10 17:04:38:443
-3.418745,-3.48724,-8.123334,1.37351,-1.909141,-9.520453,1.254416,-0.439368,4.853992,0.42343,-9.093362,2.484923,5.0,-14.925,18.375,32.85,317.0328,11.2259,-171.7906,5.0,30.11768,48.8439,2.3533363,307.0968,NaN,,44.303226,,0 / 25,5917,2022-01-10 17:04:38:446
-3.418745,-3.48724,-8.123334,1.37351,-1.909141,-9.520453,1.254416,-0.439368,4.853992,0.42343,-9.093362,2.484923,5.0,-14.925,18.375,32.85,317.0328,11.2259,-171.7906,5.0,30.11768,48.8439,2.3533363,307.0968,NaN,,44.303226,,0 / 25,5923,2022-01-10 17:04:38:452
-3.418745,-3.48724,-8.123334,1.37351,-1.909141,-9.520453,1.254416,-0.439368,4.853992,0.42343,-9.093362,2.484923,5.0,-14.925,18.375,32.85,317.0328,11.2259,-171.7906,5.0,30.11768,48.8439,2.3533363,307.0968,NaN,,44.303226,,0 / 25,5927,2022-01-10 17:04:38:456
-16.634604,-2.310868,-11.102098,-7.820896,-2.014704,-5.562817,0.253994,-0.79804,-8.421976,0.42343,-9.093362,2.484923,5.0,-14.925,18.375,32.85,317.0328,11.2259,-171.7906,5.0,30.11768,48.8439,2.3533363,307.0968,NaN,,44.303226,,0 / 25,5933,2022-01-10 17:04:38:462
-16.634604,-2.310868,-11.102098,-7.820896,-2.014704,-5.562817,0.253994,-0.79804,-8.421976,0.42343,-9.093362,2.484923,5.0,-14.925,18.375,32.85,317.0328,11.2259,-171.7906,5.0,30.11768,48.8439,2.3533363,307.0968,NaN,,44.303226,,0 / 25,5938,2022-01-10 17:04:38:467
-16.634604,-2.310868,-11.102098,-7.820896,-2.014704,-5.562817,0.253994,-0.79804,-8.421976,0.42343,-9.093362,2.484923,5.0,-14.925,18.375,32.85,317.0328,11.2259,-171.7906,5.0,30.11768,48.8439,2.3533363,307.0968,NaN,,44.303226,,0 / 25,5942,2022-01-10 17:04:38:471
-16.634604,-2.310868,-11.102098,-7.820896,-2.014704,-5.562817,0.253994,-0.79804,-8.421976,0.42343,-9.093362,2.484923,5.0,-14.925,18.375,32.85,317.0328,11.2259,-171.7906,5.0,30.11768,48.8439,2.3533363,307.0968,NaN,,44.303226,,0 / 25,5948,2022-01-10 17:04:38:477
-16.634604,-2.310868,-11.102098,-7.820896,-2.014704,-5.562817,0.253994,-0.79804,-8.421976,0.42343,-9.093362,2.484923,5.0,-14.925,18.375,32.85,317.0328,11.2259,-171.7906,5.0,30.11768,48.8439,2.3533363,307.0968,NaN,,44.303226,,0 / 25,5952,2022-01-10 17:04:38:481
-16.634604,-2.310868,-11.102098,-7.820896,-2.014704,-5.562817,0.253994,-0.79804,-8.421976,0.42343,-9.093362,2.484923,5.0,-14.925,18.375,32.85,317.0328,11.2259,-171.7906,5.0,30.11768,48.8439,2.3533363,307.0968,NaN,,44.303226,,0 / 25,5957,2022-01-10 17:04:38:486
-16.634604,-2.310868,-11.102098,-7.820896,-2.014704,-5.562817,0.253994,-0.79804,-8.421976,0.42343,-9.093362,2.484923,5.0,-14.925,18.375,32.85,317.0328,11.2259,-171.7906,5.0,30.11768,48.8439,2.3533363,307.0968,NaN,,44.303226,,0 / 25,5963,2022-01-10 17:04:38:492
-16.634604,-2.310868,-11.102098,-7.820896,-2.014704,-5.562817,0.253994,-0.79804,-8.421976,0.42343,-9.093362,2.484923,5.0,-14.925,18.375,32.85,317.0328,11.2259,-171.7906,5.0,30.11768,48.8439,2.3533363,307.0968,NaN,,44.303226,,0 / 25,5968,2022-01-10 17:04:38:497
-16.634604,-2.310868,-11.102098,-7.820896,-2.014704,-5.562817,0.253994,-0.79804,-8.421976,0.42343,-9.093362,2.484923,5.0,-14.925,18.375,32.85,317.0328,11.2259,-171.7906,5.0,30.11768,48.8439,2.3533363,307.0968,NaN,,44.303226,,0 / 25,5973,2022-01-10 17:04:38:502
-16.634604,-2.310868,-11.102098,-7.820896,-2.014704,-5.562817,0.253994,-0.79804,-8.421976,0.42343,-9.093362,2.484923,5.0,-14.925,18.375,32.85,317.0328,11.2259,-171.7906,5.0,30.11768,48.8439,2.3533363,307.0968,NaN,,44.303226,,0 / 25,5978,2022-01-10 17:04:38:507
-16.634604,-2.310868,-11.102098,-7.820896,-2.014704,-5.562817,0.253994,-0.79804,-8.421976,0.42343,-9.093362,2.484923,5.0,-14.925,18.375,32.85,317.0328,11.2259,-171.7906,5.0,30.11768,48.8439,2.3533363,307.0968,NaN,,44.303226,,0 / 25,5983,2022-01-10 17:04:38:512
-16.634604,-2.310868,-11.102098,-7.820896,-2.014704,-5.562817,0.253994,-0.79804,-8.421976,0.42343,-9.093362,2.484923,5.0,-14.925,18.375,32.85,317.0328,11.2259,-171.7906,5.0,30.11768,48.8439,2.3533363,307.0968,NaN,,44.303226,,0 / 25,5988,2022-01-10 17:04:38:517
-16.634604,-2.310868,-11.102098,-7.820896,-2.014704,-5.562817,0.253994,-0.79804,-8.421976,0.42343,-9.093362,2.484923,5.0,-14.925,18.375,32.85,317.0328,11.2259,-171.7906,5.0,30.11768,48.8439,2.3533363,307.0968,NaN,,44.303226,,0 / 25,5993,2022-01-10 17:04:38:522
-16.634604,-2.310868,-11.102098,-7.820896,-2.014704,-5.562817,0.253994,-0.79804,-8.421976,0.42343,-9.093362,2.484923,5.0,-14.925,18.375,32.85,317.0328,11.2259,-171.7906,5.0,30.11768,48.8439,2.3533363,307.0968,NaN,,44.303226,,0 / 25,5998,2022-01-10 17:04:38:527
-16.634604,-2.310868,-11.102098,-7.820896,-2.014704,-5.562817,0.253994,-0.79804,-8.421976,0.42343,-9.093362,2.484923,5.0,-14.925,18.375,32.85,317.0328,11.2259,-171.7906,5.0,30.11768,48.8439,2.3533363,307.0968,NaN,,44.303226,,0 / 25,6003,2022-01-10 17:04:38:532
-16.634604,-2.310868,-11.102098,-7.820896,-2.014704,-5.562817,0.253994,-0.79804,-8.421976,0.42343,-9.093362,2.484923,5.0,-14.925,18.375,32.85,317.0328,11.2259,-171.7906,5.0,30.11768,48.8439,2.3533363,307.0968,NaN,,44.303226,,0 / 25,6009,2022-01-10 17:04:38:538
-16.634604,-2.310868,-11.102098,-7.820896,-2.014704,-5.562817,0.253994,-0.79804,-8.421976,0.42343,-9.093362,2.484923,5.0,-14.925,18.375,32.85,317.0328,11.2259,-171.7906,5.0,30.11768,48.8439,2.3533363,307.0968,NaN,,44.303226,,0 / 25,6012,2022-01-10 17:04:38:541
-16.634604,-2.310868,-11.102098,-7.820896,-2.014704,-5.562817,0.253994,-0.79804,-8.421976,0.42343,-9.093362,2.484923,5.0,-14.925,18.375,32.85,317.0328,11.2259,-171.7906,5.0,30.11768,48.8439,2.3533363,307.0968,NaN,,44.303226,,0 / 25,6017,2022-01-10 17:04:38:546
-16.017855,-1.51675,-8.146365,-7.820896,-2.014704,-5.562817,0.253994,-0.79804,-8.421976,0.42343,-9.093362,2.484923,5.0,-14.925,18.375,32.85,317.0328,11.2259,-171.7906,5.0,30.11768,48.8439,2.3533363,307.0968,NaN,,44.303226,,0 / 25,6023,2022-01-10 17:04:38:552
-16.017855,-1.51675,-8.146365,-7.820896,-2.014704,-5.562817,0.253994,-0.79804,-8.421976,0.42343,-9.093362,2.484923,5.0,-14.925,18.375,32.85,317.0328,11.2259,-171.7906,5.0,30.11768,48.8439,2.3533363,307.0968,NaN,,44.303226,,0 / 25,6027,2022-01-10 17:04:38:556
-16.017855,-1.51675,-8.146365,-7.820896,-2.014704,-5.562817,0.253994,-0.79804,-8.421976,0.42343,-9.093362,2.484923,5.0,-14.925,18.375,32.85,317.0328,11.2259,-171.7906,5.0,30.11768,48.8439,2.3533363,307.0968,NaN,,44.303226,,0 / 25,6032,2022-01-10 17:04:38:561
-16.017855,-1.51675,-8.146365,-7.820896,-2.014704,-5.562817,0.253994,-0.79804,-8.421976,-0.911174,-2.872667,7.219351,5.0,-14.925,18.375,32.85,317.0328,11.2259,-171.7906,5.0,30.11768,48.8439,2.3533363,307.0968,NaN,,44.303226,,0 / 25,6037,2022-01-10 17:04:38:566
-16.017855,-1.51675,-8.146365,-7.820896,-2.014704,-5.562817,0.253994,-0.79804,-8.421976,-0.911174,-2.872667,7.219351,5.0,-14.925,18.375,32.85,317.0328,11.2259,-171.7906,5.0,30.11768,48.8439,2.3533363,307.0968,NaN,,44.303226,,0 / 25,6043,2022-01-10 17:04:38:572
-16.017855,-1.51675,-8.146365,-7.820896,-2.014704,-5.562817,0.253994,-0.79804,-8.421976,-0.911174,-2.872667,7.219351,5.0,-2.925,14.1,27.075,294.8371,11.8554,125.4233,5.0,30.11768,48.8439,2.3533363,307.0968,NaN,,44.303226,,0 / 25,6047,2022-01-10 17:04:38:576
-16.017855,-1.51675,-8.146365,-8.613162,4.592434,-0.945196,-10.170113,-4.548262,-11.60784,-0.911174,-2.872667,7.219351,5.0,-2.925,14.1,27.075,294.8371,11.8554,125.4233,5.0,30.11768,48.8439,2.3533363,307.0968,NaN,,44.303226,,0 / 25,6054,2022-01-10 17:04:38:583
-16.017855,-1.51675,-8.146365,-8.613162,4.592434,-0.945196,-10.170113,-4.548262,-11.60784,-0.911174,-2.872667,7.219351,5.0,-2.925,14.1,27.075,294.8371,11.8554,125.4233,5.0,30.11768,48.8439,2.3533363,307.0968,NaN,,44.303226,,0 / 25,6058,2022-01-10 17:04:38:587
-16.017855,-1.51675,-8.146365,-8.613162,4.592434,-0.945196,-10.170113,-4.548262,-11.60784,-0.911174,-2.872667,7.219351,5.0,-2.925,14.1,27.075,294.8371,11.8554,125.4233,5.0,30.11768,48.8439,2.3533363,307.0968,NaN,,44.303226,,0 / 25,6064,2022-01-10 17:04:38:593
-16.017855,-1.51675,-8.146365,-8.613162,4.592434,-0.945196,-10.170113,-4.548262,-11.60784,-0.911174,-2.872667,7.219351,5.0,-2.925,14.1,27.075,294.8371,11.8554,125.4233,5.0,30.11768,48.8439,2.3533363,307.0968,NaN,,44.303226,,0 / 25,6067,2022-01-10 17:04:38:596
-16.017855,-1.51675,-8.146365,-8.613162,4.592434,-0.945196,-10.170113,-4.548262,-11.60784,-0.911174,-2.872667,7.219351,5.0,-2.925,14.1,27.075,294.8371,11.8554,125.4233,5.0,30.11768,48.8439,2.3533363,307.0968,NaN,,44.303226,,0 / 25,6072,2022-01-10 17:04:38:601
-16.017855,-1.51675,-8.146365,-8.613162,4.592434,-0.945196,-10.170113,-4.548262,-11.60784,-0.911174,-2.872667,7.219351,5.0,-2.925,14.1,27.075,294.8371,11.8554,125.4233,5.0,30.11768,48.8439,2.3533363,307.0968,NaN,,44.303226,,0 / 25,6078,2022-01-10 17:04:38:607
-16.017855,-1.51675,-8.146365,-8.613162,4.592434,-0.945196,-10.170113,-4.548262,-11.60784,-0.911174,-2.872667,7.219351,5.0,-2.925,14.1,27.075,294.8371,11.8554,125.4233,5.0,30.11768,48.8439,2.3533363,307.0968,NaN,,44.303226,,0 / 25,6082,2022-01-10 17:04:38:611
-16.017855,-1.51675,-8.146365,-8.613162,4.592434,-0.945196,-10.170113,-4.548262,-11.60784,-0.911174,-2.872667,7.219351,14.0,-2.925,14.1,27.075,294.8371,11.8554,125.4233,5.0,30.11768,48.8439,2.3533363,307.0968,NaN,,44.303226,,0 / 25,6087,2022-01-10 17:04:38:616
-16.017855,-1.51675,-8.146365,-8.613162,4.592434,-0.945196,-10.170113,-4.548262,-11.60784,-0.911174,-2.872667,7.219351,14.0,-2.925,14.1,27.075,294.8371,11.8554,125.4233,5.0,30.11768,48.8439,2.3533363,307.0968,NaN,,44.303226,,0 / 25,6093,2022-01-10 17:04:38:622
-16.017855,-1.51675,-8.146365,-8.613162,4.592434,-0.945196,-10.170113,-4.548262,-11.60784,-0.911174,-2.872667,7.219351,14.0,-2.925,14.1,27.075,294.8371,11.8554,125.4233,5.0,30.11768,48.8439,2.3533363,307.0968,NaN,,44.303226,,0 / 25,6098,2022-01-10 17:04:38:627
-16.017855,-1.51675,-8.146365,-8.613162,4.592434,-0.945196,-10.170113,-4.548262,-11.60784,-0.911174,-2.872667,7.219351,14.0,-2.925,14.1,27.075,294.8371,11.8554,125.4233,5.0,30.11768,48.8439,2.3533363,307.0968,NaN,,44.303226,,0 / 25,6103,2022-01-10 17:04:38:632
-16.017855,-1.51675,-8.146365,-8.613162,4.592434,-0.945196,-10.170113,-4.548262,-11.60784,-0.911174,-2.872667,7.219351,14.0,-2.925,14.1,27.075,294.8371,11.8554,125.4233,5.0,30.11768,48.8439,2.3533363,307.0968,NaN,,44.303226,,0 / 25,6108,2022-01-10 17:04:38:637
-16.017855,-1.51675,-8.146365,-8.613162,4.592434,-0.945196,-10.170113,-4.548262,-11.60784,-0.911174,-2.872667,7.219351,14.0,-2.925,14.1,27.075,294.8371,11.8554,125.4233,5.0,30.11768,48.8439,2.3533363,307.0968,NaN,,44.303226,,0 / 25,6112,2022-01-10 17:04:38:641
-7.564011,2.339882,-1.558625,-8.613162,4.592434,-0.945196,-10.170113,-4.548262,-11.60784,-0.911174,-2.872667,7.219351,14.0,-2.925,14.1,27.075,294.8371,11.8554,125.4233,5.0,30.11768,48.8439,2.3533363,307.0968,NaN,,44.303226,,0 / 25,6118,2022-01-10 17:04:38:647
-7.564011,2.339882,-1.558625,-8.613162,4.592434,-0.945196,-10.170113,-4.548262,-11.60784,-0.911174,-2.872667,7.219351,14.0,-2.925,14.1,27.075,294.8371,11.8554,125.4233,5.0,30.11768,48.8439,2.3533363,307.0968,NaN,,44.303226,,0 / 25,6122,2022-01-10 17:04:38:651
-7.564011,2.339882,-1.558625,-8.613162,4.592434,-0.945196,-10.170113,-4.548262,-11.60784,-0.911174,-2.872667,7.219351,14.0,-2.925,14.1,27.075,294.8371,11.8554,125.4233,5.0,30.11768,48.8439,2.3533363,307.0968,NaN,,44.303226,,0 / 25,6127,2022-01-10 17:04:38:656
-7.564011,2.339882,-1.558625,-8.613162,4.592434,-0.945196,-10.170113,-4.548262,-11.60784,-0.911174,-2.872667,7.219351,14.0,-2.925,14.1,27.075,294.8371,11.8554,125.4233,5.0,30.11768,48.8439,2.3533363,307.0968,NaN,,44.303226,,0 / 25,6132,2022-01-10 17:04:38:661
-7.564011,2.339882,-1.558625,-8.613162,4.592434,-0.945196,-10.170113,-4.548262,-11.60784,-0.911174,-2.872667,7.219351,14.0,-2.925,14.1,27.075,294.8371,11.8554,125.4233,5.0,30.61661,48.8439,2.3533363,307.0968,NaN,,44.303226,,0 / 25,6138,2022-01-10 17:04:38:667
-7.564011,2.339882,-1.558625,-8.613162,4.592434,-0.945196,-10.170113,-4.548262,-11.60784,-0.911174,-2.872667,7.219351,14.0,-2.925,14.1,27.075,294.8371,11.8554,125.4233,5.0,30.61661,48.8439,2.3533363,307.0968,NaN,,44.303226,,0 / 25,6144,2022-01-10 17:04:38:673
-7.564011,2.339882,-1.558625,-8.613162,4.592434,-0.945196,-10.170113,-4.548262,-11.60784,-0.911174,-2.872667,7.219351,14.0,11.925,5.85,17.85,294.8371,11.8554,125.4233,5.0,30.61661,48.8439,2.3533363,307.0968,NaN,,44.303226,,0 / 25,6147,2022-01-10 17:04:38:676
-7.564011,2.339882,-1.558625,-8.613162,4.592434,-0.945196,-10.170113,-4.548262,-11.60784,-0.911174,-2.872667,7.219351,14.0,11.925,5.85,17.85,294.8371,11.8554,125.4233,5.0,30.61661,48.8439,2.3533363,307.0968,NaN,,44.303226,,0 / 25,6152,2022-01-10 17:04:38:681
-7.564011,2.339882,-1.558625,-8.613162,4.592434,-0.945196,-10.170113,-4.548262,-11.60784,-0.911174,-2.872667,7.219351,14.0,11.925,5.85,17.85,294.8371,11.8554,125.4233,5.0,30.61661,48.8439,2.3533363,307.0968,NaN,,44.303226,,0 / 25,6157,2022-01-10 17:04:38:686
-7.564011,2.339882,-1.558625,-8.613162,4.592434,-0.945196,-10.170113,-4.548262,-11.60784,-1.49825,0.714905,8.052363,14.0,11.925,5.85,17.85,294.8371,11.8554,125.4233,5.0,30.61661,48.8439,2.3533363,307.0968,NaN,,44.303226,,0 / 25,6163,2022-01-10 17:04:38:692
-7.564011,2.339882,-1.558625,-8.613162,4.592434,-0.945196,-10.170113,-4.548262,-11.60784,-1.49825,0.714905,8.052363,14.0,11.925,5.85,17.85,294.8371,11.8554,125.4233,5.0,30.61661,48.8439,2.3533363,307.0968,NaN,,44.303226,,0 / 25,6169,2022-01-10 17:04:38:698
-7.564011,2.339882,-1.558625,-8.613162,4.592434,-0.945196,-10.170113,-4.548262,-11.60784,-1.49825,0.714905,8.052363,14.0,11.925,5.85,17.85,294.8371,11.8554,125.4233,5.0,30.61661,48.8439,2.3533363,307.0968,NaN,,44.303226,,0 / 25,6172,2022-01-10 17:04:38:701
-7.564011,2.339882,-1.558625,-8.613162,4.592434,-0.945196,-10.170113,-4.548262,-11.60784,-1.49825,0.714905,8.052363,14.0,11.925,5.85,17.85,294.8371,11.8554,125.4233,5.0,30.61661,48.8439,2.3533363,307.0968,NaN,,44.303226,,0 / 25,6178,2022-01-10 17:04:38:707
-7.564011,2.339882,-1.558625,-8.613162,4.592434,-0.945196,-10.170113,-4.548262,-11.60784,-1.49825,0.714905,8.052363,14.0,11.925,5.85,17.85,294.8371,11.8554,125.4233,5.0,30.61661,48.8439,2.3533363,307.0968,NaN,,44.303226,,0 / 25,6183,2022-01-10 17:04:38:712
-7.564011,2.339882,-1.558625,-1.242905,9.717023,0.452807,-7.486675,-7.771684,-1.741631,-1.49825,0.714905,8.052363,14.0,11.925,5.85,17.85,294.8371,11.8554,125.4233,5.0,30.61661,48.8439,2.3533363,307.0968,NaN,,44.303226,,0 / 25,6187,2022-01-10 17:04:38:716
-7.564011,2.339882,-1.558625,-1.242905,9.717023,0.452807,-7.486675,-7.771684,-1.741631,-1.49825,0.714905,8.052363,14.0,11.925,5.85,17.85,294.8371,11.8554,125.4233,5.0,30.61661,48.8439,2.3533363,307.0968,NaN,,44.303226,,0 / 25,6192,2022-01-10 17:04:38:721
-7.564011,2.339882,-1.558625,-1.242905,9.717023,0.452807,-7.486675,-7.771684,-1.741631,-1.49825,0.714905,8.052363,14.0,11.925,5.85,17.85,294.8371,11.8554,125.4233,5.0,30.61661,48.8439,2.3533363,307.0968,NaN,,44.303226,,0 / 25,6197,2022-01-10 17:04:38:726
-7.564011,2.339882,-1.558625,-1.242905,9.717023,0.452807,-7.486675,-7.771684,-1.741631,-1.49825,0.714905,8.052363,14.0,11.925,5.85,17.85,294.8371,11.8554,125.4233,5.0,30.61661,48.8439,2.3533363,307.0968,NaN,,44.303226,,0 / 25,6203,2022-01-10 17:04:38:732
-7.564011,2.339882,-1.558625,-1.242905,9.717023,0.452807,-7.486675,-7.771684,-1.741631,-1.49825,0.714905,8.052363,14.0,11.925,5.85,17.85,294.8371,11.8554,125.4233,5.0,30.61661,48.8439,2.3533363,307.0968,NaN,,44.303226,,0 / 25,6207,2022-01-10 17:04:38:736
-7.564011,2.339882,-1.558625,-1.242905,9.717023,0.452807,-7.486675,-7.771684,-1.741631,-1.49825,0.714905,8.052363,14.0,11.925,5.85,17.85,294.8371,11.8554,125.4233,5.0,30.61661,48.8439,2.3533363,307.0968,NaN,,44.303226,,0 / 25,6214,2022-01-10 17:04:38:743
-7.564011,2.339882,-1.558625,-1.242905,9.717023,0.452807,-7.486675,-7.771684,-1.741631,-1.49825,0.714905,8.052363,14.0,11.925,5.85,17.85,294.8371,11.8554,125.4233,5.0,30.61661,48.8439,2.3533363,307.0968,NaN,,44.303226,,0 / 25,6218,2022-01-10 17:04:38:747
-7.564011,2.339882,-1.558625,-1.242905,9.717023,0.452807,-7.486675,-7.771684,-1.741631,-1.49825,0.714905,8.052363,14.0,11.925,5.85,17.85,294.8371,11.8554,125.4233,5.0,30.61661,48.8439,2.3533363,307.0968,NaN,,44.303226,,0 / 25,6222,2022-01-10 17:04:38:751
4.982156,2.88724,-2.630609,-1.242905,9.717023,0.452807,-7.486675,-7.771684,-1.741631,-1.49825,0.714905,8.052363,14.0,11.925,5.85,17.85,294.8371,11.8554,125.4233,5.0,30.61661,48.8439,2.3533363,307.0968,NaN,,44.303226,,0 / 25,6228,2022-01-10 17:04:38:757
4.982156,2.88724,-2.630609,-1.242905,9.717023,0.452807,-7.486675,-7.771684,-1.741631,-1.49825,0.714905,8.052363,14.0,11.925,5.85,17.85,294.8371,11.8554,125.4233,5.0,30.61661,48.8439,2.3533363,307.0968,NaN,,44.303226,,0 / 25,6233,2022-01-10 17:04:38:762
4.982156,2.88724,-2.630609,-1.242905,9.717023,0.452807,-7.486675,-7.771684,-1.741631,-1.49825,0.714905,8.052363,14.0,11.925,5.85,17.85,294.8371,11.8554,125.4233,5.0,30.61661,48.8439,2.3533363,307.0968,NaN,,44.303226,,0 / 25,6238,2022-01-10 17:04:38:767
4.982156,2.88724,-2.630609,-1.242905,9.717023,0.452807,-7.486675,-7.771684,-1.741631,-1.49825,0.714905,8.052363,14.0,11.925,5.85,17.85,294.8371,11.8554,125.4233,5.0,30.61661,48.8439,2.3533363,307.0968,NaN,,44.303226,,0 / 25,6242,2022-01-10 17:04:38:771
4.982156,2.88724,-2.630609,-1.242905,9.717023,0.452807,-7.486675,-7.771684,-1.741631,-1.49825,0.714905,8.052363,14.0,11.925,5.85,17.85,294.8371,11.8554,125.4233,5.0,30.61661,48.8439,2.3533363,307.0968,NaN,,44.303226,,0 / 25,6247,2022-01-10 17:04:38:776
4.982156,2.88724,-2.630609,-1.242905,9.717023,0.452807,-7.486675,-7.771684,-1.741631,-1.49825,0.714905,8.052363,14.0,11.925,5.85,17.85,294.8371,11.8554,125.4233,5.0,30.61661,48.8439,2.3533363,307.0968,NaN,,44.303226,,0 / 25,6253,2022-01-10 17:04:38:782
4.982156,2.88724,-2.630609,-1.242905,9.717023,0.452807,-7.486675,-7.771684,-1.741631,-1.49825,0.714905,8.052363,14.0,11.925,5.85,17.85,294.8371,11.8554,125.4233,5.0,30.61661,48.8439,2.3533363,307.0968,NaN,,44.303226,,0 / 25,6258,2022-01-10 17:04:38:787
4.982156,2.88724,-2.630609,-1.242905,9.717023,0.452807,-7.486675,-7.771684,-1.741631,-1.49825,0.714905,8.052363,14.0,11.925,5.85,17.85,294.8371,11.8554,125.4233,5.0,30.61661,48.8439,2.3533363,307.0968,NaN,,44.303226,,0 / 25,6263,2022-01-10 17:04:38:792
4.982156,2.88724,-2.630609,-1.242905,9.717023,0.452807,-7.486675,-7.771684,-1.741631,-1.49825,0.714905,8.052363,17.0,11.925,5.85,17.85,294.8371,11.8554,125.4233,5.0,30.61661,48.8439,2.3533363,307.0968,NaN,,44.303226,,0 / 25,6268,2022-01-10 17:04:38:797
4.982156,2.88724,-2.630609,-1.242905,9.717023,0.452807,-7.486675,-7.771684,-1.741631,-1.49825,0.714905,8.052363,17.0,11.925,5.85,17.85,294.8371,11.8554,125.4233,5.0,30.61661,48.8439,2.3533363,307.0968,NaN,,44.303226,,0 / 25,6272,2022-01-10 17:04:38:801
4.982156,2.88724,-2.630609,-1.242905,9.717023,0.452807,-7.486675,-7.771684,-1.741631,-1.49825,0.714905,8.052363,17.0,11.925,5.85,17.85,294.8371,11.8554,125.4233,5.0,30.61661,48.8439,2.3533363,307.0968,NaN,,44.303226,,0 / 25,6277,2022-01-10 17:04:38:806
4.982156,2.88724,-2.630609,-1.242905,9.717023,0.452807,-7.486675,-7.771684,-1.741631,-1.49825,0.714905,8.052363,17.0,11.925,5.85,17.85,294.8371,11.8554,125.4233,5.0,30.61661,48.8439,2.3533363,307.0968,NaN,,44.303226,,0 / 25,6283,2022-01-10 17:04:38:812
4.982156,2.88724,-2.630609,-1.242905,9.717023,0.452807,-7.486675,-7.771684,-1.741631,-1.49825,0.714905,8.052363,17.0,11.925,5.85,17.85,294.8371,11.8554,125.4233,5.0,30.61661,48.8439,2.3533363,307.0968,NaN,,44.303226,,0 / 25,6287,2022-01-10 17:04:38:816
4.982156,2.88724,-2.630609,-1.242905,9.717023,0.452807,-7.486675,-7.771684,-1.741631,-1.49825,0.714905,8.052363,17.0,21.375,-7.8,7.275,319.4655,-82.2477,69.9827,5.0,30.61661,48.8439,2.3533363,307.0968,NaN,,44.303226,,0 / 25,6293,2022-01-10 17:04:38:822
4.982156,2.88724,-2.630609,-1.242905,9.717023,0.452807,-7.486675,-7.771684,-1.741631,-1.49825,0.714905,8.052363,17.0,21.375,-7.8,7.275,319.4655,-82.2477,69.9827,5.0,30.61661,48.8439,2.3533363,307.0968,NaN,,44.303226,,0 / 25,6297,2022-01-10 17:04:38:826
4.982156,2.88724,-2.630609,1.845889,8.796224,3.922948,6.181897,-4.706116,-3.563901,-0.930614,6.794722,0.424362,17.0,21.375,-7.8,7.275,319.4655,-82.2477,69.9827,5.0,30.61661,48.8439,2.3533363,307.0968,NaN,,44.303226,,0 / 25,6303,2022-01-10 17:04:38:832
4.982156,2.88724,-2.630609,1.845889,8.796224,3.922948,6.181897,-4.706116,-3.563901,-0.930614,6.794722,0.424362,17.0,21.375,-7.8,7.275,319.4655,-82.2477,69.9827,5.0,30.61661,48.8439,2.3533363,307.0968,NaN,,44.303226,,0 / 25,6308,2022-01-10 17:04:38:837
4.982156,2.88724,-2.630609,1.845889,8.796224,3.922948,6.181897,-4.706116,-3.563901,-0.930614,6.794722,0.424362,17.0,21.375,-7.8,7.275,319.4655,-82.2477,69.9827,5.0,30.61661,48.8439,2.3533363,307.0968,NaN,,44.303226,,0 / 25,6312,2022-01-10 17:04:38:841
4.982156,2.88724,-2.630609,1.845889,8.796224,3.922948,6.181897,-4.706116,-3.563901,-0.930614,6.794722,0.424362,17.0,21.375,-7.8,7.275,319.4655,-82.2477,69.9827,5.0,30.61661,48.8439,2.3533363,307.0968,NaN,,44.303226,,0 / 25,6318,2022-01-10 17:04:38:847
7.478169,5.002495,9.710972,1.845889,8.796224,3.922948,6.181897,-4.706116,-3.563901,-0.930614,6.794722,0.424362,17.0,21.375,-7.8,7.275,319.4655,-82.2477,69.9827,5.0,30.61661,48.8439,2.3533363,307.0968,NaN,,44.303226,,0 / 25,6323,2022-01-10 17:04:38:852
7.478169,5.002495,9.710972,1.845889,8.796224,3.922948,6.181897,-4.706116,-3.563901,-0.930614,6.794722,0.424362,17.0,21.375,-7.8,7.275,319.4655,-82.2477,69.9827,5.0,30.61661,48.8439,2.3533363,307.0968,NaN,,44.303226,,0 / 25,6329,2022-01-10 17:04:38:858
7.478169,5.002495,9.710972,1.845889,8.796224,3.922948,6.181897,-4.706116,-3.563901,-0.930614,6.794722,0.424362,17.0,21.375,-7.8,7.275,319.4655,-82.2477,69.9827,5.0,30.61661,48.8439,2.3533363,307.0968,NaN,,44.303226,,0 / 25,6333,2022-01-10 17:04:38:862
7.478169,5.002495,9.710972,1.845889,8.796224,3.922948,6.181897,-4.706116,-3.563901,-0.930614,6.794722,0.424362,17.0,21.375,-7.8,7.275,319.4655,-82.2477,69.9827,5.0,30.61661,48.8439,2.3533363,307.0968,NaN,,44.303226,,0 / 25,6338,2022-01-10 17:04:38:867
7.478169,5.002495,9.710972,1.845889,8.796224,3.922948,6.181897,-4.706116,-3.563901,-0.930614,6.794722,0.424362,17.0,21.375,-7.8,7.275,319.4655,-82.2477,69.9827,5.0,30.61661,48.8439,2.3533363,307.0968,NaN,,44.303226,,0 / 25,6343,2022-01-10 17:04:38:872
7.478169,5.002495,9.710972,1.845889,8.796224,3.922948,6.181897,-4.706116,-3.563901,-0.930614,6.794722,0.424362,17.0,21.375,-7.8,7.275,319.4655,-82.2477,69.9827,5.0,30.61661,48.8439,2.3533363,307.0968,NaN,,44.303226,,0 / 25,6348,2022-01-10 17:04:38:877
7.478169,5.002495,9.710972,1.845889,8.796224,3.922948,6.181897,-4.706116,-3.563901,-0.930614,6.794722,0.424362,17.0,21.375,-7.8,7.275,319.4655,-82.2477,69.9827,5.0,30.61661,48.8439,2.3533363,307.0968,NaN,,44.303226,,0 / 25,6353,2022-01-10 17:04:38:882
7.478169,5.002495,9.710972,1.845889,8.796224,3.922948,6.181897,-4.706116,-3.563901,-0.930614,6.794722,0.424362,17.0,21.375,-7.8,7.275,319.4655,-82.2477,69.9827,5.0,30.61661,48.8439,2.3533363,307.0968,NaN,,44.303226,,0 / 25,6358,2022-01-10 17:04:38:887
7.478169,5.002495,9.710972,1.845889,8.796224,3.922948,6.181897,-4.706116,-3.563901,-0.930614,6.794722,0.424362,17.0,21.375,-7.8,7.275,319.4655,-82.2477,69.9827,5.0,30.61661,48.8439,2.3533363,307.0968,NaN,,44.303226,,0 / 25,6362,2022-01-10 17:04:38:891
7.478169,5.002495,9.710972,1.845889,8.796224,3.922948,6.181897,-4.706116,-3.563901,-0.930614,6.794722,0.424362,17.0,21.375,-7.8,7.275,319.4655,-82.2477,69.9827,5.0,30.61661,48.8439,2.3533363,307.0968,NaN,,44.303226,,0 / 25,6369,2022-01-10 17:04:38:898
7.478169,5.002495,9.710972,1.845889,8.796224,3.922948,6.181897,-4.706116,-3.563901,-0.930614,6.794722,0.424362,17.0,21.375,-7.8,7.275,319.4655,-82.2477,69.9827,5.0,30.61661,48.8439,2.3533363,307.0968,NaN,,44.303226,,0 / 25,6373,2022-01-10 17:04:38:902
7.478169,5.002495,9.710972,1.845889,8.796224,3.922948,6.181897,-4.706116,-3.563901,-0.930614,6.794722,0.424362,17.0,21.375,-7.8,7.275,319.4655,-82.2477,69.9827,5.0,30.61661,48.8439,2.3533363,307.0968,NaN,,44.303226,,0 / 25,6378,2022-01-10 17:04:38:907
7.478169,5.002495,9.710972,1.845889,8.796224,3.922948,6.181897,-4.706116,-3.563901,-0.930614,6.794722,0.424362,17.0,21.375,-7.8,7.275,319.4655,-82.2477,69.9827,5.0,30.61661,48.8439,2.3533363,307.0968,NaN,,44.303226,,0 / 25,6384,2022-01-10 17:04:38:913
7.478169,5.002495,9.710972,1.845889,8.796224,3.922948,6.181897,-4.706116,-3.563901,-0.930614,6.794722,0.424362,17.0,21.375,-7.8,7.275,319.4655,-82.2477,69.9827,5.0,30.61661,48.8439,2.3533363,307.0968,NaN,,44.303226,,0 / 25,6388,2022-01-10 17:04:38:917
7.478169,5.002495,9.710972,1.845889,8.796224,3.922948,6.181897,-4.706116,-3.563901,-0.930614,6.794722,0.424362,17.0,21.375,-7.8,7.275,319.4655,-82.2477,69.9827,5.0,30.61661,48.8439,2.3533363,307.0968,NaN,,44.303226,,0 / 25,6393,2022-01-10 17:04:38:922
7.478169,5.002495,9.710972,1.845889,8.796224,3.922948,6.181897,-4.706116,-3.563901,-0.930614,6.794722,0.424362,17.0,21.375,-7.8,7.275,319.4655,-82.2477,69.9827,5.0,30.61661,48.8439,2.3533363,307.0968,NaN,,44.303226,,0 / 25,6398,2022-01-10 17:04:38:927
7.478169,5.002495,9.710972,1.845889,8.796224,3.922948,6.181897,-4.706116,-3.563901,-0.930614,6.794722,0.424362,17.0,21.375,-7.8,7.275,319.4655,-82.2477,69.9827,5.0,30.61661,48.8439,2.3533363,307.0968,NaN,,44.303226,,0 / 25,6404,2022-01-10 17:04:38:933
7.478169,5.002495,9.710972,1.845889,8.796224,3.922948,6.181897,-4.706116,-3.563901,-0.930614,6.794722,0.424362,17.0,21.375,-7.8,7.275,319.4655,-82.2477,69.9827,5.0,30.61661,48.8439,2.3533363,307.0968,NaN,,44.303226,,0 / 25,6408,2022-01-10 17:04:38:937
7.478169,5.002495,9.710972,1.845889,8.796224,3.922948,6.181897,-4.706116,-3.563901,-0.930614,6.794722,0.424362,17.0,21.375,-7.8,7.275,319.4655,-82.2477,69.9827,5.0,30.61661,48.8439,2.3533363,307.0968,NaN,,44.303226,,0 / 25,6413,2022-01-10 17:04:38:942
7.478169,5.002495,9.710972,1.845889,8.796224,3.922948,6.181897,-4.706116,-3.563901,-0.930614,6.794722,0.424362,17.0,21.375,-7.8,7.275,319.4655,-82.2477,69.9827,5.0,30.61661,48.8439,2.3533363,307.0968,NaN,,44.303226,,0 / 25,6419,2022-01-10 17:04:38:948
7.478169,5.002495,9.710972,1.845889,8.796224,3.922948,6.181897,-4.706116,-3.563901,-0.930614,6.794722,0.424362,17.0,21.375,-7.8,7.275,319.4655,-82.2477,69.9827,5.0,30.61661,48.8439,2.3533363,307.0968,NaN,,44.303226,,0 / 25,6422,2022-01-10 17:04:38:951
7.478169,5.002495,9.710972,1.845889,8.796224,3.922948,6.181897,-4.706116,-3.563901,-0.930614,6.794722,0.424362,17.0,21.375,-7.8,7.275,319.4655,-82.2477,69.9827,5.0,30.61661,48.8439,2.3533363,307.0968,NaN,,44.303226,,0 / 25,6428,2022-01-10 17:04:38:957
-4.185346,4.397709,1.098007,-3.7917,8.769088,-2.212806,6.18338,-3.075336,8.932293,6.873416,6.467163,-3.545495,17.0,21.375,-7.8,7.275,319.4655,-82.2477,69.9827,5.0,30.61661,48.8439,2.3533363,307.0968,NaN,,44.303226,,0 / 25,6433,2022-01-10 17:04:38:962
-4.185346,4.397709,1.098007,-3.7917,8.769088,-2.212806,6.18338,-3.075336,8.932293,6.873416,6.467163,-3.545495,17.0,21.375,-7.8,7.275,319.4655,-82.2477,69.9827,5.0,30.61661,48.8439,2.3533363,307.0968,NaN,,44.303226,,0 / 25,6438,2022-01-10 17:04:38:967
-4.185346,4.397709,1.098007,-3.7917,8.769088,-2.212806,6.18338,-3.075336,8.932293,6.873416,6.467163,-3.545495,17.0,21.375,-7.8,7.275,319.4655,-82.2477,69.9827,5.0,30.61661,48.8439,2.3533363,307.0968,NaN,,44.303226,,0 / 25,6443,2022-01-10 17:04:38:972
-4.185346,4.397709,1.098007,-3.7917,8.769088,-2.212806,6.18338,-3.075336,8.932293,6.873416,6.467163,-3.545495,17.0,25.725,-23.475,0.825,50.1033,-63.4056,120.2675,5.0,30.61661,48.8439,2.3533363,307.0968,NaN,,44.303226,,0 / 25,6448,2022-01-10 17:04:38:977
-4.185346,4.397709,1.098007,-3.7917,8.769088,-2.212806,6.18338,-3.075336,8.932293,6.873416,6.467163,-3.545495,17.0,25.725,-23.475,0.825,50.1033,-63.4056,120.2675,5.0,28.22229,48.8439,2.3533363,307.0968,NaN,,44.303226,,0 / 25,6455,2022-01-10 17:04:38:984
-4.185346,4.397709,1.098007,-3.7917,8.769088,-2.212806,6.18338,-3.075336,8.932293,6.873416,6.467163,-3.545495,17.0,25.725,-23.475,0.825,50.1033,-63.4056,120.2675,5.0,28.22229,48.8439,2.3533363,307.0968,NaN,,44.303226,,0 / 25,6458,2022-01-10 17:04:38:987
-4.185346,4.397709,1.098007,-3.7917,8.769088,-2.212806,6.18338,-3.075336,8.932293,6.873416,6.467163,-3.545495,17.0,25.725,-23.475,0.825,50.1033,-63.4056,120.2675,5.0,28.22229,48.8439,2.3533363,307.0968,NaN,,44.303226,,0 / 25,6463,2022-01-10 17:04:38:992
-4.185346,4.397709,1.098007,-3.7917,8.769088,-2.212806,6.18338,-3.075336,8.932293,6.873416,6.467163,-3.545495,17.0,25.725,-23.475,0.825,50.1033,-63.4056,120.2675,5.0,28.22229,48.8439,2.3533363,307.0968,NaN,,44.303226,,0 / 25,6468,2022-01-10 17:04:38:997
-4.185346,4.397709,1.098007,-3.7917,8.769088,-2.212806,6.18338,-3.075336,8.932293,6.873416,6.467163,-3.545495,17.0,25.725,-23.475,0.825,50.1033,-63.4056,120.2675,5.0,28.22229,48.8439,2.3533363,307.0968,NaN,,44.303226,,0 / 25,6473,2022-01-10 17:04:39:002
-4.185346,4.397709,1.098007,-3.7917,8.769088,-2.212806,6.18338,-3.075336,8.932293,6.873416,6.467163,-3.545495,17.0,25.725,-23.475,0.825,50.1033,-63.4056,120.2675,5.0,28.22229,48.8439,2.3533363,307.0968,NaN,,44.303226,,0 / 25,6477,2022-01-10 17:04:39:006
-4.185346,4.397709,1.098007,-3.7917,8.769088,-2.212806,6.18338,-3.075336,8.932293,6.873416,6.467163,-3.545495,17.0,25.725,-23.475,0.825,50.1033,-63.4056,120.2675,5.0,28.22229,48.8439,2.3533363,307.0968,NaN,,44.303226,,0 / 25,6483,2022-01-10 17:04:39:012
-4.185346,4.397709,1.098007,-3.7917,8.769088,-2.212806,6.18338,-3.075336,8.932293,6.873416,6.467163,-3.545495,11.0,25.725,-23.475,0.825,50.1033,-63.4056,120.2675,5.0,28.22229,48.8439,2.3533363,307.0968,NaN,,44.303226,,0 / 25,6487,2022-01-10 17:04:39:016
-4.185346,4.397709,1.098007,-3.7917,8.769088,-2.212806,6.18338,-3.075336,8.932293,6.873416,6.467163,-3.545495,11.0,25.725,-23.475,0.825,50.1033,-63.4056,120.2675,5.0,28.22229,48.8439,2.3533363,307.0968,NaN,,44.303226,,0 / 25,6492,2022-01-10 17:04:39:021
-4.185346,4.397709,1.098007,-3.7917,8.769088,-2.212806,6.18338,-3.075336,8.932293,6.873416,6.467163,-3.545495,11.0,25.725,-23.475,0.825,50.1033,-63.4056,120.2675,5.0,28.22229,48.8439,2.3533363,307.0968,NaN,,44.303226,,0 / 25,6497,2022-01-10 17:04:39:026
-4.185346,4.397709,1.098007,-3.7917,8.769088,-2.212806,6.18338,-3.075336,8.932293,6.873416,6.467163,-3.545495,11.0,25.725,-23.475,0.825,50.1033,-63.4056,120.2675,5.0,28.22229,48.8439,2.3533363,307.0968,NaN,,44.303226,,0 / 25,6502,2022-01-10 17:04:39:031
-4.185346,4.397709,1.098007,-3.7917,8.769088,-2.212806,6.18338,-3.075336,8.932293,6.873416,6.467163,-3.545495,11.0,25.725,-23.475,0.825,50.1033,-63.4056,120.2675,5.0,28.22229,48.8439,2.3533363,307.0968,NaN,,44.303226,,0 / 25,6507,2022-01-10 17:04:39:036
-4.185346,4.397709,1.098007,-3.7917,8.769088,-2.212806,6.18338,-3.075336,8.932293,6.873416,6.467163,-3.545495,11.0,25.725,-23.475,0.825,50.1033,-63.4056,120.2675,5.0,28.22229,48.8439,2.3533363,307.0968,NaN,,44.303226,,0 / 25,6513,2022-01-10 17:04:39:042
-4.185346,4.397709,1.098007,-3.7917,8.769088,-2.212806,6.18338,-3.075336,8.932293,6.873416,6.467163,-3.545495,11.0,25.725,-23.475,0.825,50.1033,-63.4056,120.2675,5.0,28.22229,48.8439,2.3533363,307.0968,NaN,,44.303226,,0 / 25,6518,2022-01-10 17:04:39:047
-4.185346,4.397709,1.098007,-3.7917,8.769088,-2.212806,6.18338,-3.075336,8.932293,6.873416,6.467163,-3.545495,11.0,25.725,-23.475,0.825,50.1033,-63.4056,120.2675,5.0,28.22229,48.8439,2.3533363,307.0968,NaN,,44.303226,,0 / 25,6522,2022-01-10 17:04:39:051
-4.185346,4.397709,1.098007,-3.7917,8.769088,-2.212806,6.18338,-3.075336,8.932293,6.873416,6.467163,-3.545495,11.0,25.725,-23.475,0.825,50.1033,-63.4056,120.2675,5.0,28.22229,48.8439,2.3533363,307.0968,NaN,,44.303226,,0 / 25,6527,2022-01-10 17:04:39:056
-4.185346,4.397709,1.098007,-3.7917,8.769088,-2.212806,6.18338,-3.075336,8.932293,6.873416,6.467163,-3.545495,11.0,25.725,-23.475,0.825,50.1033,-63.4056,120.2675,5.0,28.22229,48.8439,2.3533363,307.0968,NaN,,44.303226,,0 / 25,6533,2022-01-10 17:04:39:062
-4.185346,4.397709,1.098007,-4.017699,1.574601,-8.806196,6.18338,-3.075336,8.932293,6.873416,6.467163,-3.545495,11.0,25.725,-23.475,0.825,50.1033,-63.4056,120.2675,5.0,28.22229,48.8439,2.3533363,307.0968,NaN,,44.303226,,0 / 25,6538,2022-01-10 17:04:39:067
-4.363611,-3.545864,-10.036395,-4.017699,1.574601,-8.806196,0.392311,-1.5838,2.90887,6.873416,6.467163,-3.545495,11.0,25.725,-23.475,0.825,50.1033,-63.4056,120.2675,5.0,28.22229,48.8439,2.3533363,307.0968,NaN,,44.303226,,0 / 25,6542,2022-01-10 17:04:39:071
-4.363611,-3.545864,-10.036395,-4.017699,1.574601,-8.806196,0.392311,-1.5838,2.90887,6.873416,6.467163,-3.545495,11.0,25.725,-23.475,0.825,50.1033,-63.4056,120.2675,5.0,28.22229,48.8439,2.3533363,307.0968,NaN,,44.303226,,0 / 25,6550,2022-01-10 17:04:39:079
-4.363611,-3.545864,-10.036395,-4.017699,1.574601,-8.806196,0.392311,-1.5838,2.90887,6.873416,6.467163,-3.545495,11.0,25.725,-23.475,0.825,50.1033,-63.4056,120.2675,5.0,28.22229,48.8439,2.3533363,307.0968,NaN,,44.303226,,0 / 25,6552,2022-01-10 17:04:39:081
-4.363611,-3.545864,-10.036395,-4.017699,1.574601,-8.806196,0.392311,-1.5838,2.90887,6.095796,-0.017843,-2.410356,11.0,25.725,-23.475,0.825,50.1033,-63.4056,120.2675,5.0,28.22229,48.8439,2.3533363,307.0968,NaN,,44.303226,,0 / 25,6558,2022-01-10 17:04:39:087
-4.363611,-3.545864,-10.036395,-4.017699,1.574601,-8.806196,0.392311,-1.5838,2.90887,6.095796,-0.017843,-2.410356,11.0,25.725,-23.475,0.825,50.1033,-63.4056,120.2675,5.0,28.22229,48.8439,2.3533363,307.0968,NaN,,44.303226,,0 / 25,6563,2022-01-10 17:04:39:092
-4.363611,-3.545864,-10.036395,-4.017699,1.574601,-8.806196,0.392311,-1.5838,2.90887,6.095796,-0.017843,-2.410356,11.0,25.725,-23.475,0.825,50.1033,-63.4056,120.2675,5.0,28.22229,48.8439,2.3533363,307.0968,NaN,,44.303226,,0 / 25,6567,2022-01-10 17:04:39:096
-4.363611,-3.545864,-10.036395,-4.017699,1.574601,-8.806196,0.392311,-1.5838,2.90887,6.095796,-0.017843,-2.410356,11.0,25.725,-23.475,0.825,50.1033,-63.4056,120.2675,5.0,28.22229,48.8439,2.3533363,307.0968,NaN,,44.303226,,0 / 25,6572,2022-01-10 17:04:39:101
-4.363611,-3.545864,-10.036395,-4.017699,1.574601,-8.806196,0.392311,-1.5838,2.90887,6.095796,-0.017843,-2.410356,11.0,25.725,-23.475,0.825,50.1033,-63.4056,120.2675,5.0,28.22229,48.8439,2.3533363,307.0968,NaN,,44.303226,,0 / 25,6578,2022-01-10 17:04:39:107
-4.363611,-3.545864,-10.036395,-4.017699,1.574601,-8.806196,0.392311,-1.5838,2.90887,6.095796,-0.017843,-2.410356,11.0,25.725,-23.475,0.825,50.1033,-63.4056,120.2675,5.0,28.22229,48.8439,2.3533363,307.0968,NaN,,44.303226,,0 / 25,6583,2022-01-10 17:04:39:112
-4.363611,-3.545864,-10.036395,-4.017699,1.574601,-8.806196,0.392311,-1.5838,2.90887,6.095796,-0.017843,-2.410356,11.0,25.725,-23.475,0.825,50.1033,-63.4056,120.2675,5.0,28.22229,48.8439,2.3533363,307.0968,NaN,,44.303226,,0 / 25,6587,2022-01-10 17:04:39:116
-4.363611,-3.545864,-10.036395,-4.017699,1.574601,-8.806196,0.392311,-1.5838,2.90887,6.095796,-0.017843,-2.410356,11.0,25.725,-23.475,0.825,50.1033,-63.4056,120.2675,5.0,28.22229,48.8439,2.3533363,307.0968,NaN,,44.303226,,0 / 25,6593,2022-01-10 17:04:39:122
-4.363611,-3.545864,-10.036395,-4.017699,1.574601,-8.806196,0.392311,-1.5838,2.90887,6.095796,-0.017843,-2.410356,11.0,25.725,-23.475,0.825,50.1033,-63.4056,120.2675,5.0,28.22229,48.8439,2.3533363,307.0968,NaN,,44.303226,,0 / 25,6598,2022-01-10 17:04:39:127
-4.363611,-3.545864,-10.036395,-4.017699,1.574601,-8.806196,0.392311,-1.5838,2.90887,6.095796,-0.017843,-2.410356,11.0,25.725,-23.475,0.825,50.1033,-63.4056,120.2675,5.0,28.22229,48.8439,2.3533363,307.0968,NaN,,44.303226,,0 / 25,6603,2022-01-10 17:04:39:132
-4.363611,-3.545864,-10.036395,-4.017699,1.574601,-8.806196,0.392311,-1.5838,2.90887,6.095796,-0.017843,-2.410356,11.0,25.725,-23.475,0.825,50.1033,-63.4056,120.2675,5.0,28.22229,48.8439,2.3533363,307.0968,NaN,,44.303226,,0 / 25,6608,2022-01-10 17:04:39:137
-4.363611,-3.545864,-10.036395,-4.017699,1.574601,-8.806196,0.392311,-1.5838,2.90887,6.095796,-0.017843,-2.410356,11.0,25.725,-23.475,0.825,50.1033,-63.4056,120.2675,5.0,28.22229,48.8439,2.3533363,307.0968,NaN,,44.303226,,0 / 25,6612,2022-01-10 17:04:39:141
-4.363611,-3.545864,-10.036395,-4.017699,1.574601,-8.806196,0.392311,-1.5838,2.90887,6.095796,-0.017843,-2.410356,11.0,25.725,-23.475,0.825,50.1033,-63.4056,120.2675,5.0,28.22229,48.8439,2.3533363,307.0968,NaN,,44.303226,,0 / 25,6617,2022-01-10 17:04:39:146
-4.363611,-3.545864,-10.036395,-4.017699,1.574601,-8.806196,0.392311,-1.5838,2.90887,6.095796,-0.017843,-2.410356,11.0,25.725,-23.475,0.825,50.1033,-63.4056,120.2675,5.0,28.22229,48.8439,2.3533363,307.0968,NaN,,44.303226,,0 / 25,6622,2022-01-10 17:04:39:151
-4.363611,-3.545864,-10.036395,-4.017699,1.574601,-8.806196,0.392311,-1.5838,2.90887,6.095796,-0.017843,-2.410356,11.0,25.725,-23.475,0.825,50.1033,-63.4056,120.2675,5.0,28.22229,48.8439,2.3533363,307.0968,NaN,,44.303226,,0 / 25,6627,2022-01-10 17:04:39:156
-9.739087,-9.030213,-8.52473,-4.017699,1.574601,-8.806196,0.392311,-1.5838,2.90887,6.095796,-0.017843,-2.410356,11.0,25.725,-23.475,0.825,50.1033,-63.4056,120.2675,5.0,28.22229,48.8439,2.3533363,307.0968,NaN,,44.303226,,0 / 25,6633,2022-01-10 17:04:39:162
-9.739087,-9.030213,-8.52473,-4.017699,1.574601,-8.806196,0.392311,-1.5838,2.90887,6.095796,-0.017843,-2.410356,11.0,25.725,-23.475,0.825,50.1033,-63.4056,120.2675,5.0,28.22229,48.8439,2.3533363,307.0968,NaN,,44.303226,,0 / 25,6638,2022-01-10 17:04:39:167
-9.739087,-9.030213,-8.52473,-4.017699,1.574601,-8.806196,0.392311,-1.5838,2.90887,6.095796,-0.017843,-2.410356,11.0,25.725,-23.475,0.825,50.1033,-63.4056,120.2675,5.0,28.22229,48.8439,2.3533363,307.0968,NaN,,44.303226,,0 / 25,6642,2022-01-10 17:04:39:171
-9.739087,-9.030213,-8.52473,-4.017699,1.574601,-8.806196,0.392311,-1.5838,2.90887,6.095796,-0.017843,-2.410356,11.0,16.425,-21.225,12.75,152.7182,-9.2397,155.4759,5.0,28.22229,48.8439,2.3533363,307.0968,NaN,,44.303226,,0 / 25,6647,2022-01-10 17:04:39:176
-9.739087,-9.030213,-8.52473,-4.017699,1.574601,-8.806196,0.392311,-1.5838,2.90887,6.095796,-0.017843,-2.410356,11.0,16.425,-21.225,12.75,152.7182,-9.2397,155.4759,5.0,28.22229,48.8439,2.3533363,307.0968,NaN,,44.303226,,0 / 25,6652,2022-01-10 17:04:39:181
-9.739087,-9.030213,-8.52473,-4.017699,1.574601,-8.806196,0.392311,-1.5838,2.90887,6.095796,-0.017843,-2.410356,11.0,16.425,-21.225,12.75,152.7182,-9.2397,155.4759,5.0,28.22229,48.8439,2.3533363,307.0968,NaN,,44.303226,,0 / 25,6658,2022-01-10 17:04:39:187
-9.739087,-9.030213,-8.52473,-4.017699,1.574601,-8.806196,0.392311,-1.5838,2.90887,6.095796,-0.017843,-2.410356,11.0,16.425,-21.225,12.75,152.7182,-9.2397,155.4759,5.0,28.22229,48.8439,2.3533363,307.0968,NaN,,44.303226,,0 / 25,6663,2022-01-10 17:04:39:192
-9.739087,-9.030213,-8.52473,-5.423484,-4.358353,-6.910929,-4.260799,-1.189402,-0.936739,6.095796,-0.017843,-2.410356,3.0,16.425,-21.225,12.75,152.7182,-9.2397,155.4759,5.0,28.22229,48.8439,2.3533363,307.0968,NaN,,44.303226,,0 / 25,6668,2022-01-10 17:04:39:197
-9.739087,-9.030213,-8.52473,-5.423484,-4.358353,-6.910929,-4.260799,-1.189402,-0.936739,6.095796,-0.017843,-2.410356,3.0,16.425,-21.225,12.75,152.7182,-9.2397,155.4759,5.0,28.22229,48.8439,2.3533363,307.0968,NaN,,44.303226,,0 / 25,6672,2022-01-10 17:04:39:201
-9.739087,-9.030213,-8.52473,-5.423484,-4.358353,-6.910929,-4.260799,-1.189402,-0.936739,6.095796,-0.017843,-2.410356,3.0,16.425,-21.225,12.75,152.7182,-9.2397,155.4759,5.0,28.22229,48.8439,2.3533363,307.0968,NaN,,44.303226,,0 / 25,6677,2022-01-10 17:04:39:206
-9.739087,-9.030213,-8.52473,-5.423484,-4.358353,-6.910929,-4.260799,-1.189402,-0.936739,6.095796,-0.017843,-2.410356,3.0,16.425,-21.225,12.75,152.7182,-9.2397,155.4759,5.0,28.22229,48.8439,2.3533363,307.0968,NaN,,44.303226,,0 / 25,6683,2022-01-10 17:04:39:212
-9.739087,-9.030213,-8.52473,-5.423484,-4.358353,-6.910929,-4.260799,-1.189402,-0.936739,6.095796,-0.017843,-2.410356,3.0,16.425,-21.225,12.75,152.7182,-9.2397,155.4759,5.0,28.22229,48.8439,2.3533363,307.0968,NaN,,44.303226,,0 / 25,6688,2022-01-10 17:04:39:217
-9.739087,-9.030213,-8.52473,-5.423484,-4.358353,-6.910929,-4.260799,-1.189402,-0.936739,6.095796,-0.017843,-2.410356,3.0,16.425,-21.225,12.75,152.7182,-9.2397,155.4759,5.0,28.22229,48.8439,2.3533363,307.0968,NaN,,44.303226,,0 / 25,6693,2022-01-10 17:04:39:222
-9.739087,-9.030213,-8.52473,-5.423484,-4.358353,-6.910929,-4.260799,-1.189402,-0.936739,6.095796,-0.017843,-2.410356,3.0,16.425,-21.225,12.75,152.7182,-9.2397,155.4759,5.0,28.22229,48.8439,2.3533363,307.0968,NaN,,44.303226,,0 / 25,6697,2022-01-10 17:04:39:226
-9.739087,-9.030213,-8.52473,-5.423484,-4.358353,-6.910929,-4.260799,-1.189402,-0.936739,3.877448,-5.030696,2.487053,3.0,16.425,-21.225,12.75,152.7182,-9.2397,155.4759,5.0,28.22229,48.8439,2.3533363,307.0968,NaN,,44.303226,,0 / 25,6703,2022-01-10 17:04:39:232
-9.739087,-9.030213,-8.52473,-5.423484,-4.358353,-6.910929,-4.260799,-1.189402,-0.936739,3.877448,-5.030696,2.487053,3.0,16.425,-21.225,12.75,152.7182,-9.2397,155.4759,5.0,28.22229,48.8439,2.3533363,307.0968,NaN,,44.303226,,0 / 25,6708,2022-01-10 17:04:39:237
-9.739087,-9.030213,-8.52473,-5.423484,-4.358353,-6.910929,-4.260799,-1.189402,-0.936739,3.877448,-5.030696,2.487053,3.0,16.425,-21.225,12.75,152.7182,-9.2397,155.4759,5.0,28.22229,48.8439,2.3533363,307.0968,NaN,,44.303226,,0 / 25,6712,2022-01-10 17:04:39:241
-9.739087,-9.030213,-8.52473,-5.423484,-4.358353,-6.910929,-4.260799,-1.189402,-0.936739,3.877448,-5.030696,2.487053,3.0,16.425,-21.225,12.75,152.7182,-9.2397,155.4759,5.0,28.22229,48.8439,2.3533363,307.0968,NaN,,44.303226,,0 / 25,6718,2022-01-10 17:04:39:247
-9.739087,-9.030213,-8.52473,-5.423484,-4.358353,-6.910929,-4.260799,-1.189402,-0.936739,3.877448,-5.030696,2.487053,3.0,16.425,-21.225,12.75,152.7182,-9.2397,155.4759,5.0,28.22229,48.8439,2.3533363,307.0968,NaN,,44.303226,,0 / 25,6722,2022-01-10 17:04:39:251
-9.739087,-9.030213,-8.52473,-5.423484,-4.358353,-6.910929,-4.260799,-1.189402,-0.936739,3.877448,-5.030696,2.487053,3.0,16.425,-21.225,12.75,152.7182,-9.2397,155.4759,5.0,28.22229,48.8439,2.3533363,307.0968,NaN,,44.303226,,0 / 25,6727,2022-01-10 17:04:39:256
-14.390137,-5.174778,-10.825429,-5.423484,-4.358353,-6.910929,-4.260799,-1.189402,-0.936739,3.877448,-5.030696,2.487053,3.0,16.425,-21.225,12.75,152.7182,-9.2397,155.4759,5.0,28.22229,48.8439,2.3533363,307.0968,NaN,,44.303226,,0 / 25,6733,2022-01-10 17:04:39:262
-14.390137,-5.174778,-10.825429,-5.423484,-4.358353,-6.910929,-4.260799,-1.189402,-0.936739,3.877448,-5.030696,2.487053,3.0,16.425,-21.225,12.75,152.7182,-9.2397,155.4759,5.0,28.22229,48.8439,2.3533363,307.0968,NaN,,44.303226,,0 / 25,6737,2022-01-10 17:04:39:266
-14.390137,-5.174778,-10.825429,-5.423484,-4.358353,-6.910929,-4.260799,-1.189402,-0.936739,3.877448,-5.030696,2.487053,3.0,16.425,-21.225,12.75,152.7182,-9.2397,155.4759,5.0,28.22229,48.8439,2.3533363,307.0968,NaN,,44.303226,,0 / 25,6743,2022-01-10 17:04:39:272
-14.390137,-5.174778,-10.825429,-5.423484,-4.358353,-6.910929,-4.260799,-1.189402,-0.936739,3.877448,-5.030696,2.487053,3.0,16.425,-21.225,12.75,152.7182,-9.2397,155.4759,5.0,28.22229,48.8439,2.3533363,307.0968,NaN,,44.303226,,0 / 25,6748,2022-01-10 17:04:39:277
-14.390137,-5.174778,-10.825429,-5.423484,-4.358353,-6.910929,-4.260799,-1.189402,-0.936739,3.877448,-5.030696,2.487053,3.0,16.425,-21.225,12.75,152.7182,-9.2397,155.4759,5.0,28.22229,48.8439,2.3533363,307.0968,NaN,,44.303226,,0 / 25,6753,2022-01-10 17:04:39:282
-14.390137,-5.174778,-10.825429,-5.423484,-4.358353,-6.910929,-4.260799,-1.189402,-0.936739,3.877448,-5.030696,2.487053,3.0,16.425,-21.225,12.75,152.7182,-9.2397,155.4759,5.0,28.22229,48.8439,2.3533363,307.0968,NaN,,44.303226,,0 / 25,6758,2022-01-10 17:04:39:287
-14.390137,-5.174778,-10.825429,-5.423484,-4.358353,-6.910929,-4.260799,-1.189402,-0.936739,3.877448,-5.030696,2.487053,3.0,16.425,-21.225,12.75,152.7182,-9.2397,155.4759,5.0,28.22229,48.8439,2.3533363,307.0968,NaN,,44.303226,,0 / 25,6763,2022-01-10 17:04:39:292
-14.390137,-5.174778,-10.825429,-5.423484,-4.358353,-6.910929,-4.260799,-1.189402,-0.936739,3.877448,-5.030696,2.487053,3.0,16.425,-21.225,12.75,152.7182,-9.2397,155.4759,5.0,28.22229,48.8439,2.3533363,307.0968,NaN,,44.303226,,0 / 25,6767,2022-01-10 17:04:39:296
-14.390137,-5.174778,-10.825429,-5.423484,-4.358353,-6.910929,-4.260799,-1.189402,-0.936739,3.877448,-5.030696,2.487053,3.0,16.425,-21.225,12.75,152.7182,-9.2397,155.4759,5.0,28.22229,48.8439,2.3533363,307.0968,NaN,,44.303226,,0 / 25,6773,2022-01-10 17:04:39:302
-14.390137,-5.174778,-10.825429,-5.423484,-4.358353,-6.910929,-4.260799,-1.189402,-0.936739,3.877448,-5.030696,2.487053,3.0,16.425,-21.225,12.75,152.7182,-9.2397,155.4759,5.0,28.22229,48.8439,2.3533363,307.0968,NaN,,44.303226,,0 / 25,6778,2022-01-10 17:04:39:307
-14.390137,-5.174778,-10.825429,-9.239203,-1.783884,-2.761386,-5.909091,-3.549014,-8.094084,3.877448,-5.030696,2.487053,3.0,16.425,-21.225,12.75,152.7182,-9.2397,155.4759,5.0,29.81188,48.8439,2.3533363,307.0968,NaN,,44.303226,,0 / 25,6783,2022-01-10 17:04:39:312
-14.390137,-5.174778,-10.825429,-9.239203,-1.783884,-2.761386,-5.909091,-3.549014,-8.094084,3.877448,-5.030696,2.487053,3.0,16.425,-21.225,12.75,152.7182,-9.2397,155.4759,5.0,29.81188,48.8439,2.3533363,307.0968,NaN,,44.303226,,0 / 25,6788,2022-01-10 17:04:39:317
-14.390137,-5.174778,-10.825429,-9.239203,-1.783884,-2.761386,-5.909091,-3.549014,-8.094084,3.877448,-5.030696,2.487053,3.0,16.425,-21.225,12.75,152.7182,-9.2397,155.4759,5.0,29.81188,48.8439,2.3533363,307.0968,NaN,,44.303226,,0 / 25,6793,2022-01-10 17:04:39:322
-14.390137,-5.174778,-10.825429,-9.239203,-1.783884,-2.761386,-5.909091,-3.549014,-8.094084,3.877448,-5.030696,2.487053,3.0,16.425,-21.225,12.75,152.7182,-9.2397,155.4759,5.0,29.81188,48.8439,2.3533363,307.0968,NaN,,44.303226,,0 / 25,6798,2022-01-10 17:04:39:327
-14.390137,-5.174778,-10.825429,-9.239203,-1.783884,-2.761386,-5.909091,-3.549014,-8.094084,3.877448,-5.030696,2.487053,3.0,16.425,-21.225,12.75,152.7182,-9.2397,155.4759,5.0,29.81188,48.8439,2.3533363,307.0968,NaN,,44.303226,,0 / 25,6803,2022-01-10 17:04:39:332
-14.390137,-5.174778,-10.825429,-9.239203,-1.783884,-2.761386,-5.909091,-3.549014,-8.094084,3.877448,-5.030696,2.487053,3.0,16.425,-21.225,12.75,152.7182,-9.2397,155.4759,5.0,29.81188,48.8439,2.3533363,307.0968,NaN,,44.303226,,0 / 25,6808,2022-01-10 17:04:39:337
-13.590036,-4.059723,-9.799207,-9.239203,-1.783884,-2.761386,-5.909091,-3.549014,-8.094084,3.877448,-5.030696,2.487053,3.0,16.425,-21.225,12.75,152.7182,-9.2397,155.4759,5.0,29.81188,48.8439,2.3533363,307.0968,NaN,,44.303226,,0 / 25,6813,2022-01-10 17:04:39:342
-13.590036,-4.059723,-9.799207,-9.239203,-1.783884,-2.761386,-5.909091,-3.549014,-8.094084,3.877448,-5.030696,2.487053,3.0,16.425,-21.225,12.75,152.7182,-9.2397,155.4759,5.0,29.81188,48.8439,2.3533363,307.0968,NaN,,44.303226,,0 / 25,6817,2022-01-10 17:04:39:346
-13.590036,-4.059723,-9.799207,-9.239203,-1.783884,-2.761386,-5.909091,-3.549014,-8.094084,3.877448,-5.030696,2.487053,3.0,16.425,-21.225,12.75,152.7182,-9.2397,155.4759,5.0,29.81188,48.8439,2.3533363,307.0968,NaN,,44.303226,,0 / 25,6822,2022-01-10 17:04:39:351
-13.590036,-4.059723,-9.799207,-9.239203,-1.783884,-2.761386,-5.909091,-3.549014,-8.094084,3.877448,-5.030696,2.487053,3.0,16.425,-21.225,12.75,152.7182,-9.2397,155.4759,5.0,29.81188,48.8439,2.3533363,307.0968,NaN,,44.303226,,0 / 25,6827,2022-01-10 17:04:39:356
-13.590036,-4.059723,-9.799207,-9.239203,-1.783884,-2.761386,-5.909091,-3.549014,-8.094084,3.877448,-5.030696,2.487053,3.0,16.425,-21.225,12.75,152.7182,-9.2397,155.4759,5.0,29.81188,48.8439,2.3533363,307.0968,NaN,,44.303226,,0 / 25,6833,2022-01-10 17:04:39:362
-13.590036,-4.059723,-9.799207,-9.239203,-1.783884,-2.761386,-5.909091,-3.549014,-8.094084,-1.287467,0.021704,7.297912,14.0,16.425,-21.225,12.75,152.7182,-9.2397,155.4759,5.0,29.81188,48.8439,2.3533363,307.0968,NaN,,44.303226,,0 / 25,6847,2022-01-10 17:04:39:376
-13.590036,-4.059723,-9.799207,-9.239203,-1.783884,-2.761386,-5.909091,-3.549014,-8.094084,-1.287467,0.021704,7.297912,14.0,16.425,-21.225,12.75,152.7182,-9.2397,155.4759,5.0,29.81188,48.8439,2.3533363,307.0968,NaN,,44.303226,,0 / 25,6851,2022-01-10 17:04:39:380
-13.590036,-4.059723,-9.799207,-9.239203,-1.783884,-2.761386,-5.909091,-3.549014,-8.094084,-1.287467,0.021704,7.297912,14.0,16.425,-21.225,12.75,152.7182,-9.2397,155.4759,5.0,29.81188,48.8439,2.3533363,307.0968,NaN,,44.303226,,0 / 25,6852,2022-01-10 17:04:39:381
-13.590036,-4.059723,-9.799207,-9.239203,-1.783884,-2.761386,-5.909091,-3.549014,-8.094084,-1.287467,0.021704,7.297912,14.0,16.425,-21.225,12.75,152.7182,-9.2397,155.4759,5.0,29.81188,48.8439,2.3533363,307.0968,NaN,,44.303226,,0 / 25,6852,2022-01-10 17:04:39:381
-13.590036,-4.059723,-9.799207,-9.239203,-1.783884,-2.761386,-5.909091,-3.549014,-8.094084,-1.287467,0.021704,7.297912,14.0,22.875,1.425,21.3,253.0722,10.4808,106.6402,5.0,29.81188,48.8439,2.3533363,307.0968,NaN,,44.303226,,0 / 25,6858,2022-01-10 17:04:39:387
-13.590036,-4.059723,-9.799207,-9.239203,-1.783884,-2.761386,-5.909091,-3.549014,-8.094084,-1.287467,0.021704,7.297912,14.0,22.875,1.425,21.3,253.0722,10.4808,106.6402,5.0,29.81188,48.8439,2.3533363,307.0968,NaN,,44.303226,,0 / 25,6862,2022-01-10 17:04:39:391
-13.590036,-4.059723,-9.799207,-9.239203,-1.783884,-2.761386,-5.909091,-3.549014,-8.094084,-1.287467,0.021704,7.297912,14.0,22.875,1.425,21.3,253.0722,10.4808,106.6402,5.0,29.81188,48.8439,2.3533363,307.0968,NaN,,44.303226,,0 / 25,6872,2022-01-10 17:04:39:401
-13.590036,-4.059723,-9.799207,-9.239203,-1.783884,-2.761386,-5.909091,-3.549014,-8.094084,-1.287467,0.021704,7.297912,14.0,22.875,1.425,21.3,253.0722,10.4808,106.6402,5.0,29.81188,48.8439,2.3533363,307.0968,NaN,,44.303226,,0 / 25,6873,2022-01-10 17:04:39:402
-13.590036,-4.059723,-9.799207,-9.239203,-1.783884,-2.761386,-5.909091,-3.549014,-8.094084,-1.287467,0.021704,7.297912,14.0,22.875,1.425,21.3,253.0722,10.4808,106.6402,5.0,29.81188,48.8439,2.3533363,307.0968,NaN,,44.303226,,0 / 25,6878,2022-01-10 17:04:39:407
-13.590036,-4.059723,-9.799207,-9.239203,-1.783884,-2.761386,-5.909091,-3.549014,-8.094084,-1.287467,0.021704,7.297912,14.0,22.875,1.425,21.3,253.0722,10.4808,106.6402,5.0,29.81188,48.8439,2.3533363,307.0968,NaN,,44.303226,,0 / 25,6882,2022-01-10 17:04:39:411
-13.590036,-4.059723,-9.799207,-9.239203,-1.783884,-2.761386,-5.909091,-3.549014,-8.094084,-1.287467,0.021704,7.297912,14.0,22.875,1.425,21.3,253.0722,10.4808,106.6402,5.0,29.81188,48.8439,2.3533363,307.0968,NaN,,44.303226,,0 / 25,6888,2022-01-10 17:04:39:417
-13.590036,-4.059723,-9.799207,-9.239203,-1.783884,-2.761386,-5.909091,-3.549014,-8.094084,-1.287467,0.021704,7.297912,14.0,22.875,1.425,21.3,253.0722,10.4808,106.6402,5.0,29.81188,48.8439,2.3533363,307.0968,NaN,,44.303226,,0 / 25,6893,2022-01-10 17:04:39:422
-9.332008,0.905085,-2.64018,-9.239203,-1.783884,-2.761386,-5.909091,-3.549014,-8.094084,-1.287467,0.021704,7.297912,14.0,22.875,1.425,21.3,253.0722,10.4808,106.6402,5.0,29.81188,48.8439,2.3533363,307.0968,NaN,,44.303226,,0 / 25,6898,2022-01-10 17:04:39:427
-9.332008,0.905085,-2.64018,-9.239203,-1.783884,-2.761386,-5.909091,-3.549014,-8.094084,-1.287467,0.021704,7.297912,14.0,22.875,1.425,21.3,253.0722,10.4808,106.6402,5.0,29.81188,48.8439,2.3533363,307.0968,NaN,,44.303226,,0 / 25,6903,2022-01-10 17:04:39:432
-9.332008,0.905085,-2.64018,-9.239203,-1.783884,-2.761386,-5.909091,-3.549014,-8.094084,-1.287467,0.021704,7.297912,14.0,22.875,1.425,21.3,253.0722,10.4808,106.6402,5.0,29.81188,48.8439,2.3533363,307.0968,NaN,,44.303226,,0 / 25,6908,2022-01-10 17:04:39:437
-9.332008,0.905085,-2.64018,-7.006309,6.249032,-2.834011,-5.909091,-3.549014,-8.094084,-1.287467,0.021704,7.297912,14.0,22.875,1.425,21.3,253.0722,10.4808,106.6402,5.0,29.81188,48.8439,2.3533363,307.0968,NaN,,44.303226,,0 / 25,6913,2022-01-10 17:04:39:442
-9.332008,0.905085,-2.64018,-7.006309,6.249032,-2.834011,-4.155409,-9.549733,-4.874624,-1.287467,0.021704,7.297912,14.0,22.875,1.425,21.3,253.0722,10.4808,106.6402,5.0,29.81188,48.8439,2.3533363,307.0968,NaN,,44.303226,,0 / 25,6917,2022-01-10 17:04:39:446
-9.332008,0.905085,-2.64018,-7.006309,6.249032,-2.834011,-4.155409,-9.549733,-4.874624,-1.287467,0.021704,7.297912,14.0,22.875,1.425,21.3,253.0722,10.4808,106.6402,5.0,29.81188,48.8439,2.3533363,307.0968,NaN,,44.303226,,0 / 25,6924,2022-01-10 17:04:39:453
-9.332008,0.905085,-2.64018,-7.006309,6.249032,-2.834011,-4.155409,-9.549733,-4.874624,-1.287467,0.021704,7.297912,14.0,22.875,1.425,21.3,253.0722,10.4808,106.6402,5.0,29.81188,48.8439,2.3533363,307.0968,NaN,,44.303226,,0 / 25,6928,2022-01-10 17:04:39:457
-9.332008,0.905085,-2.64018,-7.006309,6.249032,-2.834011,-4.155409,-9.549733,-4.874624,-1.287467,0.021704,7.297912,14.0,22.875,1.425,21.3,253.0722,10.4808,106.6402,5.0,29.81188,48.8439,2.3533363,307.0968,NaN,,44.303226,,0 / 25,6932,2022-01-10 17:04:39:461
-9.332008,0.905085,-2.64018,-7.006309,6.249032,-2.834011,-4.155409,-9.549733,-4.874624,-1.287467,0.021704,7.297912,14.0,22.875,1.425,21.3,253.0722,10.4808,106.6402,5.0,29.81188,48.8439,2.3533363,307.0968,NaN,,44.303226,,0 / 25,6938,2022-01-10 17:04:39:467
-9.332008,0.905085,-2.64018,-7.006309,6.249032,-2.834011,-4.155409,-9.549733,-4.874624,-1.287467,0.021704,7.297912,14.0,22.875,1.425,21.3,253.0722,10.4808,106.6402,5.0,29.81188,48.8439,2.3533363,307.0968,NaN,,44.303226,,0 / 25,6943,2022-01-10 17:04:39:472
-9.332008,0.905085,-2.64018,-7.006309,6.249032,-2.834011,-4.155409,-9.549733,-4.874624,-1.287467,0.021704,7.297912,14.0,22.875,1.425,21.3,253.0722,10.4808,106.6402,5.0,29.81188,48.8439,2.3533363,307.0968,NaN,,44.303226,,0 / 25,6948,2022-01-10 17:04:39:477
-9.332008,0.905085,-2.64018,-7.006309,6.249032,-2.834011,-4.155409,-9.549733,-4.874624,-1.287467,0.021704,7.297912,14.0,22.875,1.425,21.3,253.0722,10.4808,106.6402,5.0,29.81188,48.8439,2.3533363,307.0968,NaN,,44.303226,,0 / 25,6954,2022-01-10 17:04:39:483
-9.332008,0.905085,-2.64018,-7.006309,6.249032,-2.834011,-4.155409,-9.549733,-4.874624,-1.287467,0.021704,7.297912,14.0,22.875,1.425,21.3,253.0722,10.4808,106.6402,5.0,29.81188,48.8439,2.3533363,307.0968,NaN,,44.303226,,0 / 25,6958,2022-01-10 17:04:39:487
-9.332008,0.905085,-2.64018,-7.006309,6.249032,-2.834011,-4.155409,-9.549733,-4.874624,-1.287467,0.021704,7.297912,14.0,22.875,1.425,21.3,253.0722,10.4808,106.6402,5.0,29.81188,48.8439,2.3533363,307.0968,NaN,,44.303226,,0 / 25,6963,2022-01-10 17:04:39:492
-9.332008,0.905085,-2.64018,-7.006309,6.249032,-2.834011,-4.155409,-9.549733,-4.874624,-1.287467,0.021704,7.297912,14.0,22.875,1.425,21.3,253.0722,10.4808,106.6402,5.0,29.81188,48.8439,2.3533363,307.0968,NaN,,44.303226,,0 / 25,6968,2022-01-10 17:04:39:497
-9.332008,0.905085,-2.64018,-7.006309,6.249032,-2.834011,-4.155409,-9.549733,-4.874624,-1.287467,0.021704,7.297912,14.0,22.875,1.425,21.3,253.0722,10.4808,106.6402,5.0,29.81188,48.8439,2.3533363,307.0968,NaN,,44.303226,,0 / 25,6972,2022-01-10 17:04:39:501
-9.332008,0.905085,-2.64018,-7.006309,6.249032,-2.834011,-4.155409,-9.549733,-4.874624,-3.783441,2.668675,5.339614,14.0,22.875,1.425,21.3,253.0722,10.4808,106.6402,5.0,29.81188,48.8439,2.3533363,307.0968,NaN,,44.303226,,0 / 25,6978,2022-01-10 17:04:39:507
-9.332008,0.905085,-2.64018,-7.006309,6.249032,-2.834011,-4.155409,-9.549733,-4.874624,-3.783441,2.668675,5.339614,14.0,22.875,1.425,21.3,253.0722,10.4808,106.6402,5.0,29.81188,48.8439,2.3533363,307.0968,NaN,,44.303226,,0 / 25,6983,2022-01-10 17:04:39:512
-9.332008,0.905085,-2.64018,-7.006309,6.249032,-2.834011,-4.155409,-9.549733,-4.874624,-3.783441,2.668675,5.339614,14.0,22.875,1.425,21.3,253.0722,10.4808,106.6402,5.0,29.81188,48.8439,2.3533363,307.0968,NaN,,44.303226,,0 / 25,6987,2022-01-10 17:04:39:516
-9.332008,0.905085,-2.64018,-7.006309,6.249032,-2.834011,-4.155409,-9.549733,-4.874624,-3.783441,2.668675,5.339614,14.0,22.875,1.425,21.3,253.0722,10.4808,106.6402,5.0,29.81188,48.8439,2.3533363,307.0968,NaN,,44.303226,,0 / 25,6993,2022-01-10 17:04:39:522
-9.332008,0.905085,-2.64018,-7.006309,6.249032,-2.834011,-4.155409,-9.549733,-4.874624,-3.783441,2.668675,5.339614,14.0,26.025,5.325,19.65,339.8755,-39.5851,112.0231,5.0,29.81188,48.8439,2.3533363,307.0968,NaN,,44.303226,,0 / 25,6998,2022-01-10 17:04:39:527
-9.332008,0.905085,-2.64018,-7.006309,6.249032,-2.834011,-4.155409,-9.549733,-4.874624,-3.783441,2.668675,5.339614,14.0,26.025,5.325,19.65,339.8755,-39.5851,112.0231,5.0,29.81188,48.8439,2.3533363,307.0968,NaN,,44.303226,,0 / 25,7003,2022-01-10 17:04:39:532
-9.332008,0.905085,-2.64018,-7.006309,6.249032,-2.834011,-4.155409,-9.549733,-4.874624,-3.783441,2.668675,5.339614,14.0,26.025,5.325,19.65,339.8755,-39.5851,112.0231,5.0,29.81188,48.8439,2.3533363,307.0968,NaN,,44.303226,,0 / 25,7009,2022-01-10 17:04:39:538
-9.332008,0.905085,-2.64018,-7.006309,6.249032,-2.834011,-4.155409,-9.549733,-4.874624,-3.783441,2.668675,5.339614,14.0,26.025,5.325,19.65,339.8755,-39.5851,112.0231,5.0,29.81188,48.8439,2.3533363,307.0968,NaN,,44.303226,,0 / 25,7013,2022-01-10 17:04:39:542
-9.332008,0.905085,-2.64018,-7.006309,6.249032,-2.834011,-4.155409,-9.549733,-4.874624,-3.783441,2.668675,5.339614,14.0,26.025,5.325,19.65,339.8755,-39.5851,112.0231,5.0,29.81188,48.8439,2.3533363,307.0968,NaN,,44.303226,,0 / 25,7018,2022-01-10 17:04:39:547
-0.189631,4.811967,-2.181357,-7.006309,6.249032,-2.834011,-4.155409,-9.549733,-4.874624,-3.783441,2.668675,5.339614,13.0,26.025,5.325,19.65,339.8755,-39.5851,112.0231,5.0,29.81188,48.8439,2.3533363,307.0968,NaN,,44.303226,,0 / 25,7023,2022-01-10 17:04:39:552
-0.189631,4.811967,-2.181357,-7.006309,6.249032,-2.834011,-4.155409,-9.549733,-4.874624,-3.783441,2.668675,5.339614,13.0,26.025,5.325,19.65,339.8755,-39.5851,112.0231,5.0,29.81188,48.8439,2.3533363,307.0968,NaN,,44.303226,,0 / 25,7029,2022-01-10 17:04:39:558
-0.189631,4.811967,-2.181357,-1.511799,9.688994,-0.090788,-2.180678,-5.574859,-2.718334,-3.783441,2.668675,5.339614,13.0,26.025,5.325,19.65,339.8755,-39.5851,112.0231,5.0,29.81188,48.8439,2.3533363,307.0968,NaN,,44.303226,,0 / 25,7032,2022-01-10 17:04:39:561
-0.189631,4.811967,-2.181357,-1.511799,9.688994,-0.090788,-2.180678,-5.574859,-2.718334,-3.783441,2.668675,5.339614,13.0,26.025,5.325,19.65,339.8755,-39.5851,112.0231,5.0,29.81188,48.8439,2.3533363,307.0968,NaN,,44.303226,,0 / 25,7037,2022-01-10 17:04:39:566
-0.189631,4.811967,-2.181357,-1.511799,9.688994,-0.090788,-2.180678,-5.574859,-2.718334,-3.783441,2.668675,5.339614,13.0,26.025,5.325,19.65,339.8755,-39.5851,112.0231,5.0,29.81188,48.8439,2.3533363,307.0968,NaN,,44.303226,,0 / 25,7043,2022-01-10 17:04:39:572
-0.189631,4.811967,-2.181357,-1.511799,9.688994,-0.090788,-2.180678,-5.574859,-2.718334,-3.783441,2.668675,5.339614,13.0,26.025,5.325,19.65,339.8755,-39.5851,112.0231,5.0,29.81188,48.8439,2.3533363,307.0968,NaN,,44.303226,,0 / 25,7047,2022-01-10 17:04:39:576
-0.189631,4.811967,-2.181357,-1.511799,9.688994,-0.090788,-2.180678,-5.574859,-2.718334,-3.783441,2.668675,5.339614,13.0,26.025,5.325,19.65,339.8755,-39.5851,112.0231,5.0,29.81188,48.8439,2.3533363,307.0968,NaN,,44.303226,,0 / 25,7053,2022-01-10 17:04:39:582
-0.189631,4.811967,-2.181357,-1.511799,9.688994,-0.090788,-2.180678,-5.574859,-2.718334,-3.783441,2.668675,5.339614,13.0,26.025,5.325,19.65,339.8755,-39.5851,112.0231,5.0,29.81188,48.8439,2.3533363,307.0968,NaN,,44.303226,,0 / 25,7057,2022-01-10 17:04:39:586
-0.189631,4.811967,-2.181357,-1.511799,9.688994,-0.090788,-2.180678,-5.574859,-2.718334,-3.783441,2.668675,5.339614,13.0,26.025,5.325,19.65,339.8755,-39.5851,112.0231,5.0,29.81188,48.8439,2.3533363,307.0968,NaN,,44.303226,,0 / 25,7063,2022-01-10 17:04:39:592
-0.189631,4.811967,-2.181357,-1.511799,9.688994,-0.090788,-2.180678,-5.574859,-2.718334,-3.783441,2.668675,5.339614,13.0,26.025,5.325,19.65,339.8755,-39.5851,112.0231,5.0,29.81188,48.8439,2.3533363,307.0968,NaN,,44.303226,,0 / 25,7068,2022-01-10 17:04:39:597
-0.189631,4.811967,-2.181357,-1.511799,9.688994,-0.090788,-2.180678,-5.574859,-2.718334,-3.783441,2.668675,5.339614,13.0,26.025,5.325,19.65,339.8755,-39.5851,112.0231,5.0,29.81188,48.8439,2.3533363,307.0968,NaN,,44.303226,,0 / 25,7072,2022-01-10 17:04:39:601
-0.189631,4.811967,-2.181357,-1.511799,9.688994,-0.090788,-2.180678,-5.574859,-2.718334,-3.783441,2.668675,5.339614,13.0,26.025,5.325,19.65,339.8755,-39.5851,112.0231,5.0,29.81188,48.8439,2.3533363,307.0968,NaN,,44.303226,,0 / 25,7077,2022-01-10 17:04:39:606
-0.189631,4.811967,-2.181357,-1.511799,9.688994,-0.090788,-2.180678,-5.574859,-2.718334,-3.783441,2.668675,5.339614,13.0,26.025,5.325,19.65,339.8755,-39.5851,112.0231,5.0,29.81188,48.8439,2.3533363,307.0968,NaN,,44.303226,,0 / 25,7083,2022-01-10 17:04:39:612
-0.189631,4.811967,-2.181357,-1.511799,9.688994,-0.090788,-2.180678,-5.574859,-2.718334,-3.783441,2.668675,5.339614,13.0,26.025,5.325,19.65,339.8755,-39.5851,112.0231,5.0,29.81188,48.8439,2.3533363,307.0968,NaN,,44.303226,,0 / 25,7088,2022-01-10 17:04:39:617
-0.189631,4.811967,-2.181357,-1.511799,9.688994,-0.090788,-2.180678,-5.574859,-2.718334,-3.783441,2.668675,5.339614,13.0,26.025,5.325,19.65,339.8755,-39.5851,112.0231,5.0,29.81188,48.8439,2.3533363,307.0968,NaN,,44.303226,,0 / 25,7092,2022-01-10 17:04:39:621
-0.189631,4.811967,-2.181357,-1.511799,9.688994,-0.090788,-2.180678,-5.574859,-2.718334,-3.336709,3.640301,1.936993,13.0,26.025,5.325,19.65,339.8755,-39.5851,112.0231,5.0,29.81188,48.8439,2.3533363,307.0968,NaN,,44.303226,,0 / 25,7097,2022-01-10 17:04:39:626
-0.189631,4.811967,-2.181357,-1.511799,9.688994,-0.090788,-2.180678,-5.574859,-2.718334,-3.336709,3.640301,1.936993,13.0,26.025,5.325,19.65,339.8755,-39.5851,112.0231,5.0,29.81188,48.8439,2.3533363,307.0968,NaN,,44.303226,,0 / 25,7102,2022-01-10 17:04:39:631
-0.189631,4.811967,-2.181357,-1.511799,9.688994,-0.090788,-2.180678,-5.574859,-2.718334,-3.336709,3.640301,1.936993,13.0,26.025,5.325,19.65,339.8755,-39.5851,112.0231,5.0,29.81188,48.8439,2.3533363,307.0968,NaN,,44.303226,,0 / 25,7107,2022-01-10 17:04:39:636
-0.189631,4.811967,-2.181357,-1.511799,9.688994,-0.090788,-2.180678,-5.574859,-2.718334,-3.336709,3.640301,1.936993,13.0,26.025,5.325,19.65,339.8755,-39.5851,112.0231,5.0,29.81188,48.8439,2.3533363,307.0968,NaN,,44.303226,,0 / 25,7112,2022-01-10 17:04:39:641
-0.189631,4.811967,-2.181357,-1.511799,9.688994,-0.090788,-2.180678,-5.574859,-2.718334,-3.336709,3.640301,1.936993,13.0,26.025,5.325,19.65,339.8755,-39.5851,112.0231,5.0,29.81188,48.8439,2.3533363,307.0968,NaN,,44.303226,,0 / 25,7118,2022-01-10 17:04:39:647
-0.189631,4.811967,-2.181357,-1.511799,9.688994,-0.090788,-2.180678,-5.574859,-2.718334,-3.336709,3.640301,1.936993,13.0,26.025,5.325,19.65,339.8755,-39.5851,112.0231,5.0,28.48309,48.8439,2.3533363,307.0968,NaN,,44.303226,,0 / 25,7123,2022-01-10 17:04:39:652
-0.189631,4.811967,-2.181357,-1.511799,9.688994,-0.090788,-2.180678,-5.574859,-2.718334,-3.336709,3.640301,1.936993,13.0,26.025,5.325,19.65,339.8755,-39.5851,112.0231,5.0,28.48309,48.8439,2.3533363,307.0968,NaN,,44.303226,,0 / 25,7128,2022-01-10 17:04:39:657
1.188934,6.902097,9.670294,-1.511799,9.688994,-0.090788,-2.180678,-5.574859,-2.718334,-3.336709,3.640301,1.936993,13.0,26.475,-4.275,9.675,341.7976,-81.1158,93.4367,5.0,28.48309,48.8439,2.3533363,307.0968,NaN,,44.303226,,0 / 25,7132,2022-01-10 17:04:39:661
1.188934,6.902097,9.670294,-1.511799,9.688994,-0.090788,-2.180678,-5.574859,-2.718334,-3.336709,3.640301,1.936993,13.0,26.475,-4.275,9.675,341.7976,-81.1158,93.4367,5.0,28.48309,48.8439,2.3533363,307.0968,NaN,,44.303226,,0 / 25,7138,2022-01-10 17:04:39:667
1.188934,6.902097,9.670294,-1.511799,9.688994,-0.090788,-2.180678,-5.574859,-2.718334,-3.336709,3.640301,1.936993,13.0,26.475,-4.275,9.675,341.7976,-81.1158,93.4367,5.0,28.48309,48.8439,2.3533363,307.0968,NaN,,44.303226,,0 / 25,7142,2022-01-10 17:04:39:671
1.188934,6.902097,9.670294,-1.511799,9.688994,-0.090788,-2.180678,-5.574859,-2.718334,-3.336709,3.640301,1.936993,13.0,26.475,-4.275,9.675,341.7976,-81.1158,93.4367,5.0,28.48309,48.8439,2.3533363,307.0968,NaN,,44.303226,,0 / 25,7148,2022-01-10 17:04:39:677
1.188934,6.902097,9.670294,-1.511799,9.688994,-0.090788,-2.180678,-5.574859,-2.718334,-3.336709,3.640301,1.936993,13.0,26.475,-4.275,9.675,341.7976,-81.1158,93.4367,5.0,28.48309,48.8439,2.3533363,307.0968,NaN,,44.303226,,0 / 25,7152,2022-01-10 17:04:39:681
1.188934,6.902097,9.670294,-0.273132,9.332826,2.999023,0.21254,-1.974668,1.553584,-3.336709,3.640301,1.936993,13.0,26.475,-4.275,9.675,341.7976,-81.1158,93.4367,5.0,28.48309,48.8439,2.3533363,307.0968,NaN,,44.303226,,0 / 25,7157,2022-01-10 17:04:39:686
1.188934,6.902097,9.670294,-0.273132,9.332826,2.999023,0.21254,-1.974668,1.553584,-3.336709,3.640301,1.936993,13.0,26.475,-4.275,9.675,341.7976,-81.1158,93.4367,5.0,28.48309,48.8439,2.3533363,307.0968,NaN,,44.303226,,0 / 25,7162,2022-01-10 17:04:39:691
1.188934,6.902097,9.670294,-0.273132,9.332826,2.999023,0.21254,-1.974668,1.553584,-3.336709,3.640301,1.936993,13.0,26.475,-4.275,9.675,341.7976,-81.1158,93.4367,5.0,28.48309,48.8439,2.3533363,307.0968,NaN,,44.303226,,0 / 25,7168,2022-01-10 17:04:39:697
1.188934,6.902097,9.670294,-0.273132,9.332826,2.999023,0.21254,-1.974668,1.553584,-3.336709,3.640301,1.936993,13.0,26.475,-4.275,9.675,341.7976,-81.1158,93.4367,5.0,28.48309,48.8439,2.3533363,307.0968,NaN,,44.303226,,0 / 25,7173,2022-01-10 17:04:39:702
1.188934,6.902097,9.670294,-0.273132,9.332826,2.999023,0.21254,-1.974668,1.553584,-3.336709,3.640301,1.936993,13.0,26.475,-4.275,9.675,341.7976,-81.1158,93.4367,5.0,28.48309,48.8439,2.3533363,307.0968,NaN,,44.303226,,0 / 25,7177,2022-01-10 17:04:39:706
1.188934,6.902097,9.670294,-0.273132,9.332826,2.999023,0.21254,-1.974668,1.553584,-3.336709,3.640301,1.936993,13.0,26.475,-4.275,9.675,341.7976,-81.1158,93.4367,5.0,28.48309,48.8439,2.3533363,307.0968,NaN,,44.303226,,0 / 25,7183,2022-01-10 17:04:39:712
1.188934,6.902097,9.670294,-0.273132,9.332826,2.999023,0.21254,-1.974668,1.553584,-3.336709,3.640301,1.936993,13.0,26.475,-4.275,9.675,341.7976,-81.1158,93.4367,5.0,28.48309,48.8439,2.3533363,307.0968,NaN,,44.303226,,0 / 25,7188,2022-01-10 17:04:39:717
1.188934,6.902097,9.670294,-0.273132,9.332826,2.999023,0.21254,-1.974668,1.553584,-3.336709,3.640301,1.936993,13.0,26.475,-4.275,9.675,341.7976,-81.1158,93.4367,5.0,28.48309,48.8439,2.3533363,307.0968,NaN,,44.303226,,0 / 25,7193,2022-01-10 17:04:39:722
1.188934,6.902097,9.670294,-0.273132,9.332826,2.999023,0.21254,-1.974668,1.553584,-3.336709,3.640301,1.936993,13.0,26.475,-4.275,9.675,341.7976,-81.1158,93.4367,5.0,28.48309,48.8439,2.3533363,307.0968,NaN,,44.303226,,0 / 25,7197,2022-01-10 17:04:39:726
1.188934,6.902097,9.670294,-0.273132,9.332826,2.999023,0.21254,-1.974668,1.553584,-3.336709,3.640301,1.936993,13.0,26.475,-4.275,9.675,341.7976,-81.1158,93.4367,5.0,28.48309,48.8439,2.3533363,307.0968,NaN,,44.303226,,0 / 25,7203,2022-01-10 17:04:39:732
1.188934,6.902097,9.670294,-0.273132,9.332826,2.999023,0.21254,-1.974668,1.553584,-3.336709,3.640301,1.936993,13.0,26.475,-4.275,9.675,341.7976,-81.1158,93.4367,5.0,28.48309,48.8439,2.3533363,307.0968,NaN,,44.303226,,0 / 25,7208,2022-01-10 17:04:39:737
1.188934,6.902097,9.670294,-0.273132,9.332826,2.999023,0.21254,-1.974668,1.553584,-3.336709,3.640301,1.936993,13.0,26.475,-4.275,9.675,341.7976,-81.1158,93.4367,5.0,28.48309,48.8439,2.3533363,307.0968,NaN,,44.303226,,0 / 25,7212,2022-01-10 17:04:39:741
1.188934,6.902097,9.670294,-0.273132,9.332826,2.999023,0.21254,-1.974668,1.553584,-3.336709,3.640301,1.936993,13.0,26.475,-4.275,9.675,341.7976,-81.1158,93.4367,5.0,28.48309,48.8439,2.3533363,307.0968,NaN,,44.303226,,0 / 25,7218,2022-01-10 17:04:39:747
3.639483,7.217052,10.493126,-0.273132,9.332826,2.999023,0.21254,-1.974668,1.553584,-3.336709,3.640301,1.936993,13.0,26.475,-4.275,9.675,341.7976,-81.1158,93.4367,5.0,28.48309,48.8439,2.3533363,307.0968,NaN,,44.303226,,0 / 25,7223,2022-01-10 17:04:39:752
3.639483,7.217052,10.493126,-0.273132,9.332826,2.999023,0.21254,-1.974668,1.553584,-3.336709,3.640301,1.936993,13.0,26.475,-4.275,9.675,341.7976,-81.1158,93.4367,5.0,28.48309,48.8439,2.3533363,307.0968,NaN,,44.303226,,0 / 25,7228,2022-01-10 17:04:39:757
3.639483,7.217052,10.493126,-0.273132,9.332826,2.999023,0.21254,-1.974668,1.553584,7.6284,9.000687,-0.659912,13.0,26.475,-4.275,9.675,341.7976,-81.1158,93.4367,5.0,28.48309,48.8439,2.3533363,307.0968,NaN,,44.303226,,0 / 25,7233,2022-01-10 17:04:39:762
3.639483,7.217052,10.493126,-0.273132,9.332826,2.999023,0.21254,-1.974668,1.553584,7.6284,9.000687,-0.659912,13.0,26.475,-4.275,9.675,341.7976,-81.1158,93.4367,5.0,28.48309,48.8439,2.3533363,307.0968,NaN,,44.303226,,0 / 25,7237,2022-01-10 17:04:39:766
3.639483,7.217052,10.493126,-0.273132,9.332826,2.999023,0.21254,-1.974668,1.553584,7.6284,9.000687,-0.659912,13.0,26.475,-4.275,9.675,341.7976,-81.1158,93.4367,5.0,28.48309,48.8439,2.3533363,307.0968,NaN,,44.303226,,0 / 25,7243,2022-01-10 17:04:39:772
3.639483,7.217052,10.493126,-0.273132,9.332826,2.999023,0.21254,-1.974668,1.553584,7.6284,9.000687,-0.659912,13.0,26.475,-4.275,9.675,341.7976,-81.1158,93.4367,5.0,28.48309,48.8439,2.3533363,307.0968,NaN,,44.303226,,0 / 25,7249,2022-01-10 17:04:39:778
3.639483,7.217052,10.493126,-0.273132,9.332826,2.999023,0.21254,-1.974668,1.553584,7.6284,9.000687,-0.659912,35.0,26.475,-4.275,9.675,341.7976,-81.1158,93.4367,5.0,28.48309,48.8439,2.3533363,307.0968,NaN,,44.303226,,0 / 25,7253,2022-01-10 17:04:39:782
3.639483,7.217052,10.493126,-0.273132,9.332826,2.999023,0.21254,-1.974668,1.553584,7.6284,9.000687,-0.659912,35.0,25.2,-21.075,5.775,248.5862,-72.1166,5.2038,5.0,28.48309,48.8439,2.3533363,307.0968,NaN,,44.303226,,0 / 25,7257,2022-01-10 17:04:39:786
3.639483,7.217052,10.493126,-0.273132,9.332826,2.999023,0.21254,-1.974668,1.553584,7.6284,9.000687,-0.659912,35.0,25.2,-21.075,5.775,248.5862,-72.1166,5.2038,5.0,28.48309,48.8439,2.3533363,307.0968,NaN,,44.303226,,0 / 25,7264,2022-01-10 17:04:39:793
3.639483,7.217052,10.493126,-0.273132,9.332826,2.999023,0.21254,-1.974668,1.553584,7.6284,9.000687,-0.659912,35.0,25.2,-21.075,5.775,248.5862,-72.1166,5.2038,5.0,28.48309,48.8439,2.3533363,307.0968,NaN,,44.303226,,0 / 25,7267,2022-01-10 17:04:39:796
3.639483,7.217052,10.493126,-0.560827,8.464561,-4.920068,2.501536,-0.299886,13.547668,7.6284,9.000687,-0.659912,35.0,25.2,-21.075,5.775,248.5862,-72.1166,5.2038,5.0,28.48309,48.8439,2.3533363,307.0968,NaN,,44.303226,,0 / 25,7273,2022-01-10 17:04:39:802
3.639483,7.217052,10.493126,-0.560827,8.464561,-4.920068,2.501536,-0.299886,13.547668,7.6284,9.000687,-0.659912,35.0,25.2,-21.075,5.775,248.5862,-72.1166,5.2038,5.0,28.48309,48.8439,2.3533363,307.0968,NaN,,44.303226,,0 / 25,7278,2022-01-10 17:04:39:807
3.639483,7.217052,10.493126,-0.560827,8.464561,-4.920068,2.501536,-0.299886,13.547668,7.6284,9.000687,-0.659912,35.0,25.2,-21.075,5.775,248.5862,-72.1166,5.2038,5.0,28.48309,48.8439,2.3533363,307.0968,NaN,,44.303226,,0 / 25,7282,2022-01-10 17:04:39:811
3.639483,7.217052,10.493126,-0.560827,8.464561,-4.920068,2.501536,-0.299886,13.547668,7.6284,9.000687,-0.659912,35.0,25.2,-21.075,5.775,248.5862,-72.1166,5.2038,5.0,28.48309,48.8439,2.3533363,307.0968,NaN,,44.303226,,0 / 25,7288,2022-01-10 17:04:39:817
3.639483,7.217052,10.493126,-0.560827,8.464561,-4.920068,2.501536,-0.299886,13.547668,7.6284,9.000687,-0.659912,35.0,25.2,-21.075,5.775,248.5862,-72.1166,5.2038,5.0,28.48309,48.8439,2.3533363,307.0968,NaN,,44.303226,,0 / 25,7293,2022-01-10 17:04:39:822
3.639483,7.217052,10.493126,-0.560827,8.464561,-4.920068,2.501536,-0.299886,13.547668,7.6284,9.000687,-0.659912,35.0,25.2,-21.075,5.775,248.5862,-72.1166,5.2038,5.0,28.48309,48.8439,2.3533363,307.0968,NaN,,44.303226,,0 / 25,7297,2022-01-10 17:04:39:826
3.639483,7.217052,10.493126,-0.560827,8.464561,-4.920068,2.501536,-0.299886,13.547668,7.6284,9.000687,-0.659912,35.0,25.2,-21.075,5.775,248.5862,-72.1166,5.2038,5.0,28.48309,48.8439,2.3533363,307.0968,NaN,,44.303226,,0 / 25,7303,2022-01-10 17:04:39:832
3.639483,7.217052,10.493126,-0.560827,8.464561,-4.920068,2.501536,-0.299886,13.547668,7.6284,9.000687,-0.659912,35.0,25.2,-21.075,5.775,248.5862,-72.1166,5.2038,5.0,28.48309,48.8439,2.3533363,307.0968,NaN,,44.303226,,0 / 25,7308,2022-01-10 17:04:39:837
3.639483,7.217052,10.493126,-0.560827,8.464561,-4.920068,2.501536,-0.299886,13.547668,7.6284,9.000687,-0.659912,35.0,25.2,-21.075,5.775,248.5862,-72.1166,5.2038,5.0,28.48309,48.8439,2.3533363,307.0968,NaN,,44.303226,,0 / 25,7313,2022-01-10 17:04:39:842
3.639483,7.217052,10.493126,-0.560827,8.464561,-4.920068,2.501536,-0.299886,13.547668,7.6284,9.000687,-0.659912,35.0,25.2,-21.075,5.775,248.5862,-72.1166,5.2038,5.0,28.48309,48.8439,2.3533363,307.0968,NaN,,44.303226,,0 / 25,7318,2022-01-10 17:04:39:847
3.639483,7.217052,10.493126,-0.560827,8.464561,-4.920068,2.501536,-0.299886,13.547668,7.6284,9.000687,-0.659912,35.0,25.2,-21.075,5.775,248.5862,-72.1166,5.2038,5.0,28.48309,48.8439,2.3533363,307.0968,NaN,,44.303226,,0 / 25,7323,2022-01-10 17:04:39:852
3.639483,7.217052,10.493126,-0.560827,8.464561,-4.920068,2.501536,-0.299886,13.547668,7.6284,9.000687,-0.659912,35.0,25.2,-21.075,5.775,248.5862,-72.1166,5.2038,5.0,28.48309,48.8439,2.3533363,307.0968,NaN,,44.303226,,0 / 25,7327,2022-01-10 17:04:39:856
-1.100998,1.007977,-8.549854,-0.560827,8.464561,-4.920068,2.501536,-0.299886,13.547668,7.6284,9.000687,-0.659912,35.0,25.2,-21.075,5.775,248.5862,-72.1166,5.2038,5.0,28.48309,48.8439,2.3533363,307.0968,NaN,,44.303226,,0 / 25,7333,2022-01-10 17:04:39:862
-1.100998,1.007977,-8.549854,-0.560827,8.464561,-4.920068,2.501536,-0.299886,13.547668,7.6284,9.000687,-0.659912,35.0,25.2,-21.075,5.775,248.5862,-72.1166,5.2038,5.0,28.48309,48.8439,2.3533363,307.0968,NaN,,44.303226,,0 / 25,7338,2022-01-10 17:04:39:867
-1.100998,1.007977,-8.549854,-0.560827,8.464561,-4.920068,2.501536,-0.299886,13.547668,7.6284,9.000687,-0.659912,35.0,25.2,-21.075,5.775,248.5862,-72.1166,5.2038,5.0,28.48309,48.8439,2.3533363,307.0968,NaN,,44.303226,,0 / 25,7342,2022-01-10 17:04:39:871
-1.100998,1.007977,-8.549854,-0.560827,8.464561,-4.920068,2.501536,-0.299886,13.547668,7.6284,9.000687,-0.659912,35.0,25.2,-21.075,5.775,248.5862,-72.1166,5.2038,5.0,28.48309,48.8439,2.3533363,307.0968,NaN,,44.303226,,0 / 25,7347,2022-01-10 17:04:39:876
-1.100998,1.007977,-8.549854,-0.560827,8.464561,-4.920068,2.501536,-0.299886,13.547668,7.6284,9.000687,-0.659912,35.0,25.2,-21.075,5.775,248.5862,-72.1166,5.2038,5.0,28.48309,48.8439,2.3533363,307.0968,NaN,,44.303226,,0 / 25,7352,2022-01-10 17:04:39:881
-1.100998,1.007977,-8.549854,-0.560827,8.464561,-4.920068,2.501536,-0.299886,13.547668,7.6284,9.000687,-0.659912,35.0,25.2,-21.075,5.775,248.5862,-72.1166,5.2038,5.0,28.48309,48.8439,2.3533363,307.0968,NaN,,44.303226,,0 / 25,7358,2022-01-10 17:04:39:887
-1.100998,1.007977,-8.549854,-0.560827,8.464561,-4.920068,2.501536,-0.299886,13.547668,6.896851,-0.663507,-1.711829,35.0,25.2,-21.075,5.775,248.5862,-72.1166,5.2038,5.0,28.48309,48.8439,2.3533363,307.0968,NaN,,44.303226,,0 / 25,7362,2022-01-10 17:04:39:891
-1.100998,1.007977,-8.549854,-0.560827,8.464561,-4.920068,2.501536,-0.299886,13.547668,6.896851,-0.663507,-1.711829,35.0,25.2,-21.075,5.775,248.5862,-72.1166,5.2038,5.0,28.48309,48.8439,2.3533363,307.0968,NaN,,44.303226,,0 / 25,7367,2022-01-10 17:04:39:896
-1.100998,1.007977,-8.549854,-0.560827,8.464561,-4.920068,2.501536,-0.299886,13.547668,6.896851,-0.663507,-1.711829,35.0,25.2,-21.075,5.775,248.5862,-72.1166,5.2038,5.0,28.48309,48.8439,2.3533363,307.0968,NaN,,44.303226,,0 / 25,7372,2022-01-10 17:04:39:901
-1.100998,1.007977,-8.549854,-0.560827,8.464561,-4.920068,2.501536,-0.299886,13.547668,6.896851,-0.663507,-1.711829,35.0,25.2,-21.075,5.775,248.5862,-72.1166,5.2038,5.0,28.48309,48.8439,2.3533363,307.0968,NaN,,44.303226,,0 / 25,7378,2022-01-10 17:04:39:907
-1.100998,1.007977,-8.549854,-0.560827,8.464561,-4.920068,2.501536,-0.299886,13.547668,6.896851,-0.663507,-1.711829,35.0,25.2,-21.075,5.775,248.5862,-72.1166,5.2038,5.0,28.48309,48.8439,2.3533363,307.0968,NaN,,44.303226,,0 / 25,7382,2022-01-10 17:04:39:911
-1.100998,1.007977,-8.549854,-0.560827,8.464561,-4.920068,2.501536,-0.299886,13.547668,6.896851,-0.663507,-1.711829,35.0,25.2,-21.075,5.775,248.5862,-72.1166,5.2038,5.0,28.48309,48.8439,2.3533363,307.0968,NaN,,44.303226,,0 / 25,7388,2022-01-10 17:04:39:917
-1.100998,1.007977,-8.549854,-0.560827,8.464561,-4.920068,2.501536,-0.299886,13.547668,6.896851,-0.663507,-1.711829,35.0,25.2,-21.075,5.775,248.5862,-72.1166,5.2038,5.0,28.48309,48.8439,2.3533363,307.0968,NaN,,44.303226,,0 / 25,7392,2022-01-10 17:04:39:921
-1.100998,1.007977,-8.549854,-0.560827,8.464561,-4.920068,2.501536,-0.299886,13.547668,6.896851,-0.663507,-1.711829,35.0,16.875,-28.2,17.175,82.0042,-59.6716,173.4971,5.0,28.48309,48.8439,2.3533363,307.0968,NaN,,44.303226,,0 / 25,7398,2022-01-10 17:04:39:927
-1.100998,1.007977,-8.549854,-0.560827,8.464561,-4.920068,2.501536,-0.299886,13.547668,6.896851,-0.663507,-1.711829,35.0,16.875,-28.2,17.175,82.0042,-59.6716,173.4971,5.0,28.48309,48.8439,2.3533363,307.0968,NaN,,44.303226,,0 / 25,7403,2022-01-10 17:04:39:932
-1.100998,1.007977,-8.549854,-1.783417,1.481278,-9.528673,0.787605,-0.203426,1.543218,6.896851,-0.663507,-1.711829,35.0,16.875,-28.2,17.175,82.0042,-59.6716,173.4971,5.0,28.48309,48.8439,2.3533363,307.0968,NaN,,44.303226,,0 / 25,7408,2022-01-10 17:04:39:937
-1.100998,1.007977,-8.549854,-1.783417,1.481278,-9.528673,0.787605,-0.203426,1.543218,6.896851,-0.663507,-1.711829,35.0,16.875,-28.2,17.175,82.0042,-59.6716,173.4971,5.0,28.48309,48.8439,2.3533363,307.0968,NaN,,44.303226,,0 / 25,7412,2022-01-10 17:04:39:941
-1.100998,1.007977,-8.549854,-1.783417,1.481278,-9.528673,0.787605,-0.203426,1.543218,6.896851,-0.663507,-1.711829,35.0,16.875,-28.2,17.175,82.0042,-59.6716,173.4971,5.0,28.48309,48.8439,2.3533363,307.0968,NaN,,44.303226,,0 / 25,7417,2022-01-10 17:04:39:946
-9.559626,-6.831209,-12.132209,-1.783417,1.481278,-9.528673,0.787605,-0.203426,1.543218,6.896851,-0.663507,-1.711829,3.0,16.875,-28.2,17.175,82.0042,-59.6716,173.4971,5.0,28.48309,48.8439,2.3533363,307.0968,NaN,,44.303226,,0 / 25,7423,2022-01-10 17:04:39:952
-9.559626,-6.831209,-12.132209,-1.783417,1.481278,-9.528673,0.787605,-0.203426,1.543218,6.896851,-0.663507,-1.711829,3.0,16.875,-28.2,17.175,82.0042,-59.6716,173.4971,5.0,28.48309,48.8439,2.3533363,307.0968,NaN,,44.303226,,0 / 25,7427,2022-01-10 17:04:39:956
-9.559626,-6.831209,-12.132209,-1.783417,1.481278,-9.528673,0.787605,-0.203426,1.543218,6.896851,-0.663507,-1.711829,3.0,16.875,-28.2,17.175,82.0042,-59.6716,173.4971,5.0,28.48309,48.8439,2.3533363,307.0968,NaN,,44.303226,,0 / 25,7433,2022-01-10 17:04:39:962
-9.559626,-6.831209,-12.132209,-1.783417,1.481278,-9.528673,0.787605,-0.203426,1.543218,6.896851,-0.663507,-1.711829,3.0,16.875,-28.2,17.175,82.0042,-59.6716,173.4971,5.0,28.48309,48.8439,2.3533363,307.0968,NaN,,44.303226,,0 / 25,7438,2022-01-10 17:04:39:967
-9.559626,-6.831209,-12.132209,-1.783417,1.481278,-9.528673,0.787605,-0.203426,1.543218,6.896851,-0.663507,-1.711829,3.0,16.875,-28.2,17.175,82.0042,-59.6716,173.4971,5.0,29.9236,48.8439,2.3533363,307.0968,NaN,,44.303226,,0 / 25,7442,2022-01-10 17:04:39:971
-9.559626,-6.831209,-12.132209,-1.783417,1.481278,-9.528673,0.787605,-0.203426,1.543218,6.896851,-0.663507,-1.711829,3.0,16.875,-28.2,17.175,82.0042,-59.6716,173.4971,5.0,29.9236,48.8439,2.3533363,307.0968,NaN,,44.303226,,0 / 25,7447,2022-01-10 17:04:39:976
-9.559626,-6.831209,-12.132209,-1.783417,1.481278,-9.528673,0.787605,-0.203426,1.543218,6.896851,-0.663507,-1.711829,3.0,16.875,-28.2,17.175,82.0042,-59.6716,173.4971,5.0,29.9236,48.8439,2.3533363,307.0968,NaN,,44.303226,,0 / 25,7453,2022-01-10 17:04:39:982
-9.559626,-6.831209,-12.132209,-1.783417,1.481278,-9.528673,0.787605,-0.203426,1.543218,6.896851,-0.663507,-1.711829,3.0,16.875,-28.2,17.175,82.0042,-59.6716,173.4971,5.0,29.9236,48.8439,2.3533363,307.0968,NaN,,44.303226,,0 / 25,7457,2022-01-10 17:04:39:986
-9.559626,-6.831209,-12.132209,-1.783417,1.481278,-9.528673,0.787605,-0.203426,1.543218,6.896851,-0.663507,-1.711829,3.0,16.875,-28.2,17.175,82.0042,-59.6716,173.4971,5.0,29.9236,48.8439,2.3533363,307.0968,NaN,,44.303226,,0 / 25,7463,2022-01-10 17:04:39:992
-9.559626,-6.831209,-12.132209,-1.783417,1.481278,-9.528673,0.787605,-0.203426,1.543218,6.896851,-0.663507,-1.711829,3.0,16.875,-28.2,17.175,82.0042,-59.6716,173.4971,5.0,29.9236,48.8439,2.3533363,307.0968,NaN,,44.303226,,0 / 25,7467,2022-01-10 17:04:39:996
-9.559626,-6.831209,-12.132209,-1.783417,1.481278,-9.528673,0.787605,-0.203426,1.543218,6.896851,-0.663507,-1.711829,3.0,16.875,-28.2,17.175,82.0042,-59.6716,173.4971,5.0,29.9236,48.8439,2.3533363,307.0968,NaN,,44.303226,,0 / 25,7472,2022-01-10 17:04:40:001
-9.559626,-6.831209,-12.132209,-1.783417,1.481278,-9.528673,0.787605,-0.203426,1.543218,6.896851,-0.663507,-1.711829,3.0,16.875,-28.2,17.175,82.0042,-59.6716,173.4971,5.0,29.9236,48.8439,2.3533363,307.0968,NaN,,44.303226,,0 / 25,7478,2022-01-10 17:04:40:007
-9.559626,-6.831209,-12.132209,-1.783417,1.481278,-9.528673,0.787605,-0.203426,1.543218,6.896851,-0.663507,-1.711829,3.0,16.875,-28.2,17.175,82.0042,-59.6716,173.4971,5.0,29.9236,48.8439,2.3533363,307.0968,NaN,,44.303226,,0 / 25,7483,2022-01-10 17:04:40:012
-9.559626,-6.831209,-12.132209,-1.783417,1.481278,-9.528673,0.787605,-0.203426,1.543218,6.896851,-0.663507,-1.711829,3.0,16.875,-28.2,17.175,82.0042,-59.6716,173.4971,5.0,29.9236,48.8439,2.3533363,307.0968,NaN,,44.303226,,0 / 25,7487,2022-01-10 17:04:40:016
-9.559626,-6.831209,-12.132209,-1.783417,1.481278,-9.528673,0.787605,-0.203426,1.543218,6.896851,-0.663507,-1.711829,3.0,16.875,-28.2,17.175,82.0042,-59.6716,173.4971,5.0,29.9236,48.8439,2.3533363,307.0968,NaN,,44.303226,,0 / 25,7493,2022-01-10 17:04:40:022
-9.559626,-6.831209,-12.132209,-1.783417,1.481278,-9.528673,0.787605,-0.203426,1.543218,3.835505,-5.327763,1.876941,3.0,16.875,-28.2,17.175,82.0042,-59.6716,173.4971,5.0,29.9236,48.8439,2.3533363,307.0968,NaN,,44.303226,,0 / 25,7501,2022-01-10 17:04:40:030
-9.559626,-6.831209,-12.132209,-1.783417,1.481278,-9.528673,0.787605,-0.203426,1.543218,3.835505,-5.327763,1.876941,3.0,16.875,-28.2,17.175,82.0042,-59.6716,173.4971,5.0,29.9236,48.8439,2.3533363,307.0968,NaN,,44.303226,,0 / 25,7503,2022-01-10 17:04:40:032
-9.559626,-6.831209,-12.132209,-1.783417,1.481278,-9.528673,0.787605,-0.203426,1.543218,3.835505,-5.327763,1.876941,3.0,16.875,-28.2,17.175,82.0042,-59.6716,173.4971,5.0,29.9236,48.8439,2.3533363,307.0968,NaN,,44.303226,,0 / 25,7509,2022-01-10 17:04:40:038
-13.2018,-4.738686,-9.449257,-6.188256,-4.072937,-6.425501,-4.277997,-2.174128,-7.053379,3.835505,-5.327763,1.876941,3.0,16.875,-28.2,17.175,82.0042,-59.6716,173.4971,5.0,29.9236,48.8439,2.3533363,307.0968,NaN,,44.303226,,0 / 25,7512,2022-01-10 17:04:40:041
-13.2018,-4.738686,-9.449257,-6.188256,-4.072937,-6.425501,-4.277997,-2.174128,-7.053379,3.835505,-5.327763,1.876941,3.0,16.875,-28.2,17.175,82.0042,-59.6716,173.4971,5.0,29.9236,48.8439,2.3533363,307.0968,NaN,,44.303226,,0 / 25,7517,2022-01-10 17:04:40:046
-13.2018,-4.738686,-9.449257,-6.188256,-4.072937,-6.425501,-4.277997,-2.174128,-7.053379,3.835505,-5.327763,1.876941,3.0,16.875,-28.2,17.175,82.0042,-59.6716,173.4971,5.0,29.9236,48.8439,2.3533363,307.0968,NaN,,44.303226,,0 / 25,7523,2022-01-10 17:04:40:052
-13.2018,-4.738686,-9.449257,-6.188256,-4.072937,-6.425501,-4.277997,-2.174128,-7.053379,3.835505,-5.327763,1.876941,3.0,16.875,-28.2,17.175,82.0042,-59.6716,173.4971,5.0,29.9236,48.8439,2.3533363,307.0968,NaN,,44.303226,,0 / 25,7527,2022-01-10 17:04:40:056
-13.2018,-4.738686,-9.449257,-6.188256,-4.072937,-6.425501,-4.277997,-2.174128,-7.053379,3.835505,-5.327763,1.876941,3.0,16.875,-28.2,17.175,82.0042,-59.6716,173.4971,5.0,29.9236,48.8439,2.3533363,307.0968,NaN,,44.303226,,0 / 25,7532,2022-01-10 17:04:40:061
-13.2018,-4.738686,-9.449257,-6.188256,-4.072937,-6.425501,-4.277997,-2.174128,-7.053379,3.835505,-5.327763,1.876941,3.0,11.85,-15.45,23.1,196.9544,24.5397,136.0775,5.0,29.9236,48.8439,2.3533363,307.0968,NaN,,44.303226,,0 / 25,7537,2022-01-10 17:04:40:066
-13.2018,-4.738686,-9.449257,-6.188256,-4.072937,-6.425501,-4.277997,-2.174128,-7.053379,3.835505,-5.327763,1.876941,3.0,11.85,-15.45,23.1,196.9544,24.5397,136.0775,5.0,29.9236,48.8439,2.3533363,307.0968,NaN,,44.303226,,0 / 25,7543,2022-01-10 17:04:40:072
-13.2018,-4.738686,-9.449257,-6.188256,-4.072937,-6.425501,-4.277997,-2.174128,-7.053379,3.835505,-5.327763,1.876941,3.0,11.85,-15.45,23.1,196.9544,24.5397,136.0775,5.0,29.9236,48.8439,2.3533363,307.0968,NaN,,44.303226,,0 / 25,7547,2022-01-10 17:04:40:076
-13.2018,-4.738686,-9.449257,-6.188256,-4.072937,-6.425501,-4.277997,-2.174128,-7.053379,3.835505,-5.327763,1.876941,3.0,11.85,-15.45,23.1,196.9544,24.5397,136.0775,5.0,29.9236,48.8439,2.3533363,307.0968,NaN,,44.303226,,0 / 25,7552,2022-01-10 17:04:40:081
-13.2018,-4.738686,-9.449257,-6.188256,-4.072937,-6.425501,-4.277997,-2.174128,-7.053379,3.835505,-5.327763,1.876941,3.0,11.85,-15.45,23.1,196.9544,24.5397,136.0775,5.0,29.9236,48.8439,2.3533363,307.0968,NaN,,44.303226,,0 / 25,7557,2022-01-10 17:04:40:086
-13.2018,-4.738686,-9.449257,-6.188256,-4.072937,-6.425501,-4.277997,-2.174128,-7.053379,3.835505,-5.327763,1.876941,3.0,11.85,-15.45,23.1,196.9544,24.5397,136.0775,5.0,29.9236,48.8439,2.3533363,307.0968,NaN,,44.303226,,0 / 25,7563,2022-01-10 17:04:40:092
-13.2018,-4.738686,-9.449257,-6.188256,-4.072937,-6.425501,-4.277997,-2.174128,-7.053379,3.835505,-5.327763,1.876941,3.0,11.85,-15.45,23.1,196.9544,24.5397,136.0775,5.0,29.9236,48.8439,2.3533363,307.0968,NaN,,44.303226,,0 / 25,7567,2022-01-10 17:04:40:096
-13.2018,-4.738686,-9.449257,-6.188256,-4.072937,-6.425501,-4.277997,-2.174128,-7.053379,3.835505,-5.327763,1.876941,3.0,11.85,-15.45,23.1,196.9544,24.5397,136.0775,5.0,29.9236,48.8439,2.3533363,307.0968,NaN,,44.303226,,0 / 25,7573,2022-01-10 17:04:40:102
-13.2018,-4.738686,-9.449257,-6.188256,-4.072937,-6.425501,-4.277997,-2.174128,-7.053379,3.835505,-5.327763,1.876941,3.0,11.85,-15.45,23.1,196.9544,24.5397,136.0775,5.0,29.9236,48.8439,2.3533363,307.0968,NaN,,44.303226,,0 / 25,7577,2022-01-10 17:04:40:106
-13.2018,-4.738686,-9.449257,-6.188256,-4.072937,-6.425501,-4.277997,-2.174128,-7.053379,3.835505,-5.327763,1.876941,3.0,11.85,-15.45,23.1,196.9544,24.5397,136.0775,5.0,29.9236,48.8439,2.3533363,307.0968,NaN,,44.303226,,0 / 25,7582,2022-01-10 17:04:40:111
-13.2018,-4.738686,-9.449257,-6.188256,-4.072937,-6.425501,-4.277997,-2.174128,-7.053379,3.835505,-5.327763,1.876941,3.0,11.85,-15.45,23.1,196.9544,24.5397,136.0775,5.0,29.9236,48.8439,2.3533363,307.0968,NaN,,44.303226,,0 / 25,7588,2022-01-10 17:04:40:117
-13.2018,-4.738686,-9.449257,-6.188256,-4.072937,-6.425501,-4.277997,-2.174128,-7.053379,3.835505,-5.327763,1.876941,3.0,11.85,-15.45,23.1,196.9544,24.5397,136.0775,5.0,29.9236,48.8439,2.3533363,307.0968,NaN,,44.303226,,0 / 25,7593,2022-01-10 17:04:40:122
-13.2018,-4.738686,-9.449257,-6.188256,-4.072937,-6.425501,-4.277997,-2.174128,-7.053379,3.835505,-5.327763,1.876941,3.0,11.85,-15.45,23.1,196.9544,24.5397,136.0775,5.0,29.9236,48.8439,2.3533363,307.0968,NaN,,44.303226,,0 / 25,7597,2022-01-10 17:04:40:126
-13.640285,-3.183052,-7.430013,-6.188256,-4.072937,-6.425501,-4.277997,-2.174128,-7.053379,3.835505,-5.327763,1.876941,6.0,11.85,-15.45,23.1,196.9544,24.5397,136.0775,5.0,29.9236,48.8439,2.3533363,307.0968,NaN,,44.303226,,0 / 25,7602,2022-01-10 17:04:40:131
-13.640285,-3.183052,-7.430013,-6.188256,-4.072937,-6.425501,-4.277997,-2.174128,-7.053379,3.835505,-5.327763,1.876941,6.0,11.85,-15.45,23.1,196.9544,24.5397,136.0775,5.0,29.9236,48.8439,2.3533363,307.0968,NaN,,44.303226,,0 / 25,7607,2022-01-10 17:04:40:136
-13.640285,-3.183052,-7.430013,-6.188256,-4.072937,-6.425501,-4.277997,-2.174128,-7.053379,3.835505,-5.327763,1.876941,6.0,11.85,-15.45,23.1,196.9544,24.5397,136.0775,5.0,29.9236,48.8439,2.3533363,307.0968,NaN,,44.303226,,0 / 25,7613,2022-01-10 17:04:40:142
-13.640285,-3.183052,-7.430013,-6.188256,-4.072937,-6.425501,-4.277997,-2.174128,-7.053379,3.835505,-5.327763,1.876941,6.0,11.85,-15.45,23.1,196.9544,24.5397,136.0775,5.0,29.9236,48.8439,2.3533363,307.0968,NaN,,44.303226,,0 / 25,7617,2022-01-10 17:04:40:146
-13.640285,-3.183052,-7.430013,-6.188256,-4.072937,-6.425501,-4.277997,-2.174128,-7.053379,3.835505,-5.327763,1.876941,6.0,11.85,-15.45,23.1,196.9544,24.5397,136.0775,5.0,29.9236,48.8439,2.3533363,307.0968,NaN,,44.303226,,0 / 25,7622,2022-01-10 17:04:40:151
-13.640285,-3.183052,-7.430013,-6.188256,-4.072937,-6.425501,-4.277997,-2.174128,-7.053379,-0.360981,-2.846169,5.482621,6.0,11.85,-15.45,23.1,196.9544,24.5397,136.0775,5.0,29.9236,48.8439,2.3533363,307.0968,NaN,,44.303226,,0 / 25,7628,2022-01-10 17:04:40:157
-13.640285,-3.183052,-7.430013,-6.188256,-4.072937,-6.425501,-4.277997,-2.174128,-7.053379,-0.360981,-2.846169,5.482621,6.0,11.85,-15.45,23.1,196.9544,24.5397,136.0775,5.0,29.9236,48.8439,2.3533363,307.0968,NaN,,44.303226,,0 / 25,7633,2022-01-10 17:04:40:162
-13.640285,-3.183052,-7.430013,-6.188256,-4.072937,-6.425501,-4.277997,-2.174128,-7.053379,-0.360981,-2.846169,5.482621,6.0,11.85,-15.45,23.1,196.9544,24.5397,136.0775,5.0,29.9236,48.8439,2.3533363,307.0968,NaN,,44.303226,,0 / 25,7638,2022-01-10 17:04:40:167
-13.640285,-3.183052,-7.430013,-6.188256,-4.072937,-6.425501,-4.277997,-2.174128,-7.053379,-0.360981,-2.846169,5.482621,6.0,11.85,-15.45,23.1,196.9544,24.5397,136.0775,5.0,29.9236,48.8439,2.3533363,307.0968,NaN,,44.303226,,0 / 25,7642,2022-01-10 17:04:40:171
-13.640285,-3.183052,-7.430013,-9.537018,-4.5E-5,-2.283786,-5.556975,-4.632139,-9.633088,-0.360981,-2.846169,5.482621,6.0,11.85,-15.45,23.1,196.9544,24.5397,136.0775,5.0,29.9236,48.8439,2.3533363,307.0968,NaN,,44.303226,,0 / 25,7648,2022-01-10 17:04:40:177
-13.640285,-3.183052,-7.430013,-9.537018,-4.5E-5,-2.283786,-5.556975,-4.632139,-9.633088,-0.360981,-2.846169,5.482621,6.0,11.85,-15.45,23.1,196.9544,24.5397,136.0775,5.0,29.9236,48.8439,2.3533363,307.0968,NaN,,44.303226,,0 / 25,7653,2022-01-10 17:04:40:182
-13.640285,-3.183052,-7.430013,-9.537018,-4.5E-5,-2.283786,-5.556975,-4.632139,-9.633088,-0.360981,-2.846169,5.482621,6.0,16.875,-0.375,24.15,269.9997,3.0E-4,103.4668,5.0,29.9236,48.8439,2.3533363,307.0968,NaN,,44.303226,,0 / 25,7657,2022-01-10 17:04:40:186
-13.640285,-3.183052,-7.430013,-9.537018,-4.5E-5,-2.283786,-5.556975,-4.632139,-9.633088,-0.360981,-2.846169,5.482621,6.0,16.875,-0.375,24.15,269.9997,3.0E-4,103.4668,5.0,29.9236,48.8439,2.3533363,307.0968,NaN,,44.303226,,0 / 25,7663,2022-01-10 17:04:40:192
-13.640285,-3.183052,-7.430013,-9.537018,-4.5E-5,-2.283786,-5.556975,-4.632139,-9.633088,-0.360981,-2.846169,5.482621,6.0,16.875,-0.375,24.15,269.9997,3.0E-4,103.4668,5.0,29.9236,48.8439,2.3533363,307.0968,NaN,,44.303226,,0 / 25,7670,2022-01-10 17:04:40:199
-13.640285,-3.183052,-7.430013,-9.537018,-4.5E-5,-2.283786,-5.556975,-4.632139,-9.633088,-0.360981,-2.846169,5.482621,6.0,16.875,-0.375,24.15,269.9997,3.0E-4,103.4668,5.0,29.9236,48.8439,2.3533363,307.0968,NaN,,44.303226,,0 / 25,7672,2022-01-10 17:04:40:201
-13.640285,-3.183052,-7.430013,-9.537018,-4.5E-5,-2.283786,-5.556975,-4.632139,-9.633088,-0.360981,-2.846169,5.482621,6.0,16.875,-0.375,24.15,269.9997,3.0E-4,103.4668,5.0,29.9236,48.8439,2.3533363,307.0968,NaN,,44.303226,,0 / 25,7678,2022-01-10 17:04:40:207
-13.640285,-3.183052,-7.430013,-9.537018,-4.5E-5,-2.283786,-5.556975,-4.632139,-9.633088,-0.360981,-2.846169,5.482621,6.0,16.875,-0.375,24.15,269.9997,3.0E-4,103.4668,5.0,29.9236,48.8439,2.3533363,307.0968,NaN,,44.303226,,0 / 25,7682,2022-01-10 17:04:40:211
-13.640285,-3.183052,-7.430013,-9.537018,-4.5E-5,-2.283786,-5.556975,-4.632139,-9.633088,-0.360981,-2.846169,5.482621,6.0,16.875,-0.375,24.15,269.9997,3.0E-4,103.4668,5.0,29.9236,48.8439,2.3533363,307.0968,NaN,,44.303226,,0 / 25,7688,2022-01-10 17:04:40:217
-14.096417,-0.209073,-5.236991,-9.537018,-4.5E-5,-2.283786,-5.556975,-4.632139,-9.633088,-0.360981,-2.846169,5.482621,6.0,16.875,-0.375,24.15,269.9997,3.0E-4,103.4668,5.0,29.9236,48.8439,2.3533363,307.0968,NaN,,44.303226,,0 / 25,7692,2022-01-10 17:04:40:221
-14.096417,-0.209073,-5.236991,-9.537018,-4.5E-5,-2.283786,-5.556975,-4.632139,-9.633088,-0.360981,-2.846169,5.482621,6.0,16.875,-0.375,24.15,269.9997,3.0E-4,103.4668,5.0,29.9236,48.8439,2.3533363,307.0968,NaN,,44.303226,,0 / 25,7699,2022-01-10 17:04:40:228
-14.096417,-0.209073,-5.236991,-9.537018,-4.5E-5,-2.283786,-5.556975,-4.632139,-9.633088,-0.360981,-2.846169,5.482621,6.0,16.875,-0.375,24.15,269.9997,3.0E-4,103.4668,5.0,29.9236,48.8439,2.3533363,307.0968,NaN,,44.303226,,0 / 25,7702,2022-01-10 17:04:40:231
-14.096417,-0.209073,-5.236991,-9.537018,-4.5E-5,-2.283786,-5.556975,-4.632139,-9.633088,-0.360981,-2.846169,5.482621,6.0,16.875,-0.375,24.15,269.9997,3.0E-4,103.4668,5.0,29.9236,48.8439,2.3533363,307.0968,NaN,,44.303226,,0 / 25,7708,2022-01-10 17:04:40:237
-14.096417,-0.209073,-5.236991,-9.537018,-4.5E-5,-2.283786,-5.556975,-4.632139,-9.633088,-0.360981,-2.846169,5.482621,6.0,16.875,-0.375,24.15,269.9997,3.0E-4,103.4668,5.0,29.9236,48.8439,2.3533363,307.0968,NaN,,44.303226,,0 / 25,7712,2022-01-10 17:04:40:241
-14.096417,-0.209073,-5.236991,-9.537018,-4.5E-5,-2.283786,-5.556975,-4.632139,-9.633088,-0.360981,-2.846169,5.482621,6.0,16.875,-0.375,24.15,269.9997,3.0E-4,103.4668,5.0,29.9236,48.8439,2.3533363,307.0968,NaN,,44.303226,,0 / 25,7717,2022-01-10 17:04:40:246
-14.096417,-0.209073,-5.236991,-9.537018,-4.5E-5,-2.283786,-5.556975,-4.632139,-9.633088,-0.360981,-2.846169,5.482621,6.0,16.875,-0.375,24.15,269.9997,3.0E-4,103.4668,5.0,29.9236,48.8439,2.3533363,307.0968,NaN,,44.303226,,0 / 25,7722,2022-01-10 17:04:40:251
-14.096417,-0.209073,-5.236991,-9.537018,-4.5E-5,-2.283786,-5.556975,-4.632139,-9.633088,-0.360981,-2.846169,5.482621,6.0,16.875,-0.375,24.15,269.9997,3.0E-4,103.4668,5.0,29.9236,48.8439,2.3533363,307.0968,NaN,,44.303226,,0 / 25,7728,2022-01-10 17:04:40:257
-14.096417,-0.209073,-5.236991,-9.537018,-4.5E-5,-2.283786,-5.556975,-4.632139,-9.633088,-0.360981,-2.846169,5.482621,6.0,16.875,-0.375,24.15,269.9997,3.0E-4,103.4668,5.0,29.9236,48.8439,2.3533363,307.0968,NaN,,44.303226,,0 / 25,7732,2022-01-10 17:04:40:261
-14.096417,-0.209073,-5.236991,-9.537018,-4.5E-5,-2.283786,-5.556975,-4.632139,-9.633088,-0.360981,-2.846169,5.482621,6.0,16.875,-0.375,24.15,269.9997,3.0E-4,103.4668,5.0,29.9236,48.8439,2.3533363,307.0968,NaN,,44.303226,,0 / 25,7738,2022-01-10 17:04:40:267
-14.096417,-0.209073,-5.236991,-9.537018,-4.5E-5,-2.283786,-5.556975,-4.632139,-9.633088,-0.360981,-2.846169,5.482621,6.0,16.875,-0.375,24.15,269.9997,3.0E-4,103.4668,5.0,29.9236,48.8439,2.3533363,307.0968,NaN,,44.303226,,0 / 25,7743,2022-01-10 17:04:40:272
-14.096417,-0.209073,-5.236991,-9.537018,-4.5E-5,-2.283786,-5.556975,-4.632139,-9.633088,-0.360981,-2.846169,5.482621,6.0,16.875,-0.375,24.15,269.9997,3.0E-4,103.4668,5.0,29.9236,48.8439,2.3533363,307.0968,NaN,,44.303226,,0 / 25,7748,2022-01-10 17:04:40:277
-14.096417,-0.209073,-5.236991,-9.537018,-4.5E-5,-2.283786,-5.556975,-4.632139,-9.633088,-0.360981,-2.846169,5.482621,6.0,16.875,-0.375,24.15,269.9997,3.0E-4,103.4668,5.0,29.9236,48.8439,2.3533363,307.0968,NaN,,44.303226,,0 / 25,7752,2022-01-10 17:04:40:281
-14.096417,-0.209073,-5.236991,-6.514492,6.878435,-2.533559,-7.164054,-5.470144,-3.53033,-2.609421,2.762416,6.787266,6.0,16.875,-0.375,24.15,269.9997,3.0E-4,103.4668,5.0,29.9236,48.8439,2.3533363,307.0968,NaN,,44.303226,,0 / 25,7757,2022-01-10 17:04:40:286
-14.096417,-0.209073,-5.236991,-6.514492,6.878435,-2.533559,-7.164054,-5.470144,-3.53033,-2.609421,2.762416,6.787266,6.0,16.875,-0.375,24.15,269.9997,3.0E-4,103.4668,5.0,29.9236,48.8439,2.3533363,307.0968,NaN,,44.303226,,0 / 25,7762,2022-01-10 17:04:40:291
-14.096417,-0.209073,-5.236991,-6.514492,6.878435,-2.533559,-7.164054,-5.470144,-3.53033,-2.609421,2.762416,6.787266,6.0,16.875,-0.375,24.15,269.9997,3.0E-4,103.4668,5.0,28.54013,48.8439,2.3533363,307.0968,NaN,,44.303226,,0 / 25,7767,2022-01-10 17:04:40:296
-14.096417,-0.209073,-5.236991,-6.514492,6.878435,-2.533559,-7.164054,-5.470144,-3.53033,-2.609421,2.762416,6.787266,6.0,16.875,-0.375,24.15,269.9997,3.0E-4,103.4668,5.0,28.54013,48.8439,2.3533363,307.0968,NaN,,44.303226,,0 / 25,7772,2022-01-10 17:04:40:301
-14.096417,-0.209073,-5.236991,-6.514492,6.878435,-2.533559,-7.164054,-5.470144,-3.53033,-2.609421,2.762416,6.787266,14.0,16.875,-0.375,24.15,269.9997,3.0E-4,103.4668,5.0,28.54013,48.8439,2.3533363,307.0968,NaN,,44.303226,,0 / 25,7777,2022-01-10 17:04:40:306
-14.096417,-0.209073,-5.236991,-6.514492,6.878435,-2.533559,-7.164054,-5.470144,-3.53033,-2.609421,2.762416,6.787266,14.0,16.875,-0.375,24.15,269.9997,3.0E-4,103.4668,5.0,28.54013,48.8439,2.3533363,307.0968,NaN,,44.303226,,0 / 25,7783,2022-01-10 17:04:40:312
-14.096417,-0.209073,-5.236991,-6.514492,6.878435,-2.533559,-7.164054,-5.470144,-3.53033,-2.609421,2.762416,6.787266,14.0,16.875,-0.375,24.15,269.9997,3.0E-4,103.4668,5.0,28.54013,48.8439,2.3533363,307.0968,NaN,,44.303226,,0 / 25,7788,2022-01-10 17:04:40:317
-6.698108,1.252344,-4.563711,-6.514492,6.878435,-2.533559,-7.164054,-5.470144,-3.53033,-2.609421,2.762416,6.787266,14.0,24.375,5.85,22.425,335.2092,-44.5398,111.2516,5.0,28.54013,48.8439,2.3533363,307.0968,NaN,,44.303226,,0 / 25,7792,2022-01-10 17:04:40:321
-6.698108,1.252344,-4.563711,-6.514492,6.878435,-2.533559,-7.164054,-5.470144,-3.53033,-2.609421,2.762416,6.787266,14.0,24.375,5.85,22.425,335.2092,-44.5398,111.2516,5.0,28.54013,48.8439,2.3533363,307.0968,NaN,,44.303226,,0 / 25,7798,2022-01-10 17:04:40:327
-6.698108,1.252344,-4.563711,-6.514492,6.878435,-2.533559,-7.164054,-5.470144,-3.53033,-2.609421,2.762416,6.787266,14.0,24.375,5.85,22.425,335.2092,-44.5398,111.2516,5.0,28.54013,48.8439,2.3533363,307.0968,NaN,,44.303226,,0 / 25,7802,2022-01-10 17:04:40:331
-6.698108,1.252344,-4.563711,-6.514492,6.878435,-2.533559,-7.164054,-5.470144,-3.53033,-2.609421,2.762416,6.787266,14.0,24.375,5.85,22.425,335.2092,-44.5398,111.2516,5.0,28.54013,48.8439,2.3533363,307.0968,NaN,,44.303226,,0 / 25,7808,2022-01-10 17:04:40:337
-6.698108,1.252344,-4.563711,-6.514492,6.878435,-2.533559,-7.164054,-5.470144,-3.53033,-2.609421,2.762416,6.787266,14.0,24.375,5.85,22.425,335.2092,-44.5398,111.2516,5.0,28.54013,48.8439,2.3533363,307.0968,NaN,,44.303226,,0 / 25,7813,2022-01-10 17:04:40:342
-6.698108,1.252344,-4.563711,-6.514492,6.878435,-2.533559,-7.164054,-5.470144,-3.53033,-2.609421,2.762416,6.787266,14.0,24.375,5.85,22.425,335.2092,-44.5398,111.2516,5.0,28.54013,48.8439,2.3533363,307.0968,NaN,,44.303226,,0 / 25,7818,2022-01-10 17:04:40:347
-6.698108,1.252344,-4.563711,-6.514492,6.878435,-2.533559,-7.164054,-5.470144,-3.53033,-2.609421,2.762416,6.787266,14.0,24.375,5.85,22.425,335.2092,-44.5398,111.2516,5.0,28.54013,48.8439,2.3533363,307.0968,NaN,,44.303226,,0 / 25,7823,2022-01-10 17:04:40:352
-6.698108,1.252344,-4.563711,-6.514492,6.878435,-2.533559,-7.164054,-5.470144,-3.53033,-2.609421,2.762416,6.787266,14.0,24.375,5.85,22.425,335.2092,-44.5398,111.2516,5.0,28.54013,48.8439,2.3533363,307.0968,NaN,,44.303226,,0 / 25,7827,2022-01-10 17:04:40:356
-6.698108,1.252344,-4.563711,-6.514492,6.878435,-2.533559,-7.164054,-5.470144,-3.53033,-2.609421,2.762416,6.787266,14.0,24.375,5.85,22.425,335.2092,-44.5398,111.2516,5.0,28.54013,48.8439,2.3533363,307.0968,NaN,,44.303226,,0 / 25,7833,2022-01-10 17:04:40:362
-6.698108,1.252344,-4.563711,-6.514492,6.878435,-2.533559,-7.164054,-5.470144,-3.53033,-2.609421,2.762416,6.787266,14.0,24.375,5.85,22.425,335.2092,-44.5398,111.2516,5.0,28.54013,48.8439,2.3533363,307.0968,NaN,,44.303226,,0 / 25,7838,2022-01-10 17:04:40:367
-6.698108,1.252344,-4.563711,-6.514492,6.878435,-2.533559,-7.164054,-5.470144,-3.53033,-2.609421,2.762416,6.787266,14.0,24.375,5.85,22.425,335.2092,-44.5398,111.2516,5.0,28.54013,48.8439,2.3533363,307.0968,NaN,,44.303226,,0 / 25,7843,2022-01-10 17:04:40:372
-6.698108,1.252344,-4.563711,-6.514492,6.878435,-2.533559,-7.164054,-5.470144,-3.53033,-2.609421,2.762416,6.787266,14.0,24.375,5.85,22.425,335.2092,-44.5398,111.2516,5.0,28.54013,48.8439,2.3533363,307.0968,NaN,,44.303226,,0 / 25,7848,2022-01-10 17:04:40:377
-6.698108,1.252344,-4.563711,-6.514492,6.878435,-2.533559,-7.164054,-5.470144,-3.53033,-2.609421,2.762416,6.787266,14.0,24.375,5.85,22.425,335.2092,-44.5398,111.2516,5.0,28.54013,48.8439,2.3533363,307.0968,NaN,,44.303226,,0 / 25,7852,2022-01-10 17:04:40:381
-6.698108,1.252344,-4.563711,-6.514492,6.878435,-2.533559,-7.164054,-5.470144,-3.53033,-2.609421,2.762416,6.787266,14.0,24.375,5.85,22.425,335.2092,-44.5398,111.2516,5.0,28.54013,48.8439,2.3533363,307.0968,NaN,,44.303226,,0 / 25,7857,2022-01-10 17:04:40:386
-6.698108,1.252344,-4.563711,-6.514492,6.878435,-2.533559,-7.164054,-5.470144,-3.53033,-2.609421,2.762416,6.787266,14.0,24.375,5.85,22.425,335.2092,-44.5398,111.2516,5.0,28.54013,48.8439,2.3533363,307.0968,NaN,,44.303226,,0 / 25,7863,2022-01-10 17:04:40:392
-6.698108,1.252344,-4.563711,-6.514492,6.878435,-2.533559,-7.164054,-5.470144,-3.53033,-2.609421,2.762416,6.787266,14.0,24.375,5.85,22.425,335.2092,-44.5398,111.2516,5.0,28.54013,48.8439,2.3533363,307.0968,NaN,,44.303226,,0 / 25,7867,2022-01-10 17:04:40:396
-6.698108,1.252344,-4.563711,-6.514492,6.878435,-2.533559,-7.164054,-5.470144,-3.53033,-2.609421,2.762416,6.787266,14.0,24.375,5.85,22.425,335.2092,-44.5398,111.2516,5.0,28.54013,48.8439,2.3533363,307.0968,NaN,,44.303226,,0 / 25,7873,2022-01-10 17:04:40:402
-6.698108,1.252344,-4.563711,-6.514492,6.878435,-2.533559,-7.164054,-5.470144,-3.53033,-2.609421,2.762416,6.787266,14.0,24.375,5.85,22.425,335.2092,-44.5398,111.2516,5.0,28.54013,48.8439,2.3533363,307.0968,NaN,,44.303226,,0 / 25,7878,2022-01-10 17:04:40:407
-6.698108,1.252344,-4.563711,-6.514492,6.878435,-2.533559,-7.164054,-5.470144,-3.53033,-2.609421,2.762416,6.787266,14.0,24.375,5.85,22.425,335.2092,-44.5398,111.2516,5.0,28.54013,48.8439,2.3533363,307.0968,NaN,,44.303226,,0 / 25,7883,2022-01-10 17:04:40:412
-6.698108,1.252344,-4.563711,-6.514492,6.878435,-2.533559,-7.164054,-5.470144,-3.53033,-2.609421,2.762416,6.787266,14.0,24.375,5.85,22.425,335.2092,-44.5398,111.2516,5.0,28.54013,48.8439,2.3533363,307.0968,NaN,,44.303226,,0 / 25,7888,2022-01-10 17:04:40:417
2.452643,1.65703,0.134895,0.008864,9.702851,1.423014,-4.894008,-7.031499,-5.299237,-2.609421,2.762416,6.787266,14.0,24.375,5.85,22.425,335.2092,-44.5398,111.2516,5.0,28.54013,48.8439,2.3533363,307.0968,NaN,,44.303226,,0 / 25,7893,2022-01-10 17:04:40:422
2.452643,1.65703,0.134895,0.008864,9.702851,1.423014,-4.894008,-7.031499,-5.299237,-2.609421,2.762416,6.787266,14.0,24.375,5.85,22.425,335.2092,-44.5398,111.2516,5.0,28.54013,48.8439,2.3533363,307.0968,NaN,,44.303226,,0 / 25,7898,2022-01-10 17:04:40:427
2.452643,1.65703,0.134895,0.008864,9.702851,1.423014,-4.894008,-7.031499,-5.299237,-2.609421,2.762416,6.787266,14.0,24.375,5.85,22.425,335.2092,-44.5398,111.2516,5.0,28.54013,48.8439,2.3533363,307.0968,NaN,,44.303226,,0 / 25,7902,2022-01-10 17:04:40:431
2.452643,1.65703,0.134895,0.008864,9.702851,1.423014,-4.894008,-7.031499,-5.299237,-2.609421,2.762416,6.787266,14.0,24.375,5.85,22.425,335.2092,-44.5398,111.2516,5.0,28.54013,48.8439,2.3533363,307.0968,NaN,,44.303226,,0 / 25,7907,2022-01-10 17:04:40:436
2.452643,1.65703,0.134895,0.008864,9.702851,1.423014,-4.894008,-7.031499,-5.299237,-5.185421,1.796915,4.345485,14.0,24.375,5.85,22.425,335.2092,-44.5398,111.2516,5.0,28.54013,48.8439,2.3533363,307.0968,NaN,,44.303226,,0 / 25,7913,2022-01-10 17:04:40:442
2.452643,1.65703,0.134895,0.008864,9.702851,1.423014,-4.894008,-7.031499,-5.299237,-5.185421,1.796915,4.345485,14.0,24.375,5.85,22.425,335.2092,-44.5398,111.2516,5.0,28.54013,48.8439,2.3533363,307.0968,NaN,,44.303226,,0 / 25,7917,2022-01-10 17:04:40:446
2.452643,1.65703,0.134895,0.008864,9.702851,1.423014,-4.894008,-7.031499,-5.299237,-5.185421,1.796915,4.345485,14.0,24.375,5.85,22.425,335.2092,-44.5398,111.2516,5.0,28.54013,48.8439,2.3533363,307.0968,NaN,,44.303226,,0 / 25,7922,2022-01-10 17:04:40:451
2.452643,1.65703,0.134895,0.008864,9.702851,1.423014,-4.894008,-7.031499,-5.299237,-5.185421,1.796915,4.345485,14.0,24.375,5.85,22.425,335.2092,-44.5398,111.2516,5.0,28.54013,48.8439,2.3533363,307.0968,NaN,,44.303226,,0 / 25,7927,2022-01-10 17:04:40:456
2.452643,1.65703,0.134895,0.008864,9.702851,1.423014,-4.894008,-7.031499,-5.299237,-5.185421,1.796915,4.345485,14.0,24.375,5.85,22.425,335.2092,-44.5398,111.2516,5.0,28.54013,48.8439,2.3533363,307.0968,NaN,,44.303226,,0 / 25,7933,2022-01-10 17:04:40:462
2.452643,1.65703,0.134895,0.008864,9.702851,1.423014,-4.894008,-7.031499,-5.299237,-5.185421,1.796915,4.345485,14.0,28.05,-2.25,10.275,249.6595,-81.6564,-0.3569,5.0,28.54013,48.8439,2.3533363,307.0968,NaN,,44.303226,,0 / 25,7937,2022-01-10 17:04:40:466
2.452643,1.65703,0.134895,0.008864,9.702851,1.423014,-4.894008,-7.031499,-5.299237,-5.185421,1.796915,4.345485,14.0,28.05,-2.25,10.275,249.6595,-81.6564,-0.3569,5.0,28.54013,48.8439,2.3533363,307.0968,NaN,,44.303226,,0 / 25,7943,2022-01-10 17:04:40:472
2.452643,1.65703,0.134895,0.008864,9.702851,1.423014,-4.894008,-7.031499,-5.299237,-5.185421,1.796915,4.345485,14.0,28.05,-2.25,10.275,249.6595,-81.6564,-0.3569,5.0,28.54013,48.8439,2.3533363,307.0968,NaN,,44.303226,,0 / 25,7947,2022-01-10 17:04:40:476
2.452643,1.65703,0.134895,0.008864,9.702851,1.423014,-4.894008,-7.031499,-5.299237,-5.185421,1.796915,4.345485,27.0,28.05,-2.25,10.275,249.6595,-81.6564,-0.3569,5.0,28.54013,48.8439,2.3533363,307.0968,NaN,,44.303226,,0 / 25,7952,2022-01-10 17:04:40:481
2.452643,1.65703,0.134895,0.008864,9.702851,1.423014,-4.894008,-7.031499,-5.299237,-5.185421,1.796915,4.345485,27.0,28.05,-2.25,10.275,249.6595,-81.6564,-0.3569,5.0,28.54013,48.8439,2.3533363,307.0968,NaN,,44.303226,,0 / 25,7958,2022-01-10 17:04:40:487
2.452643,1.65703,0.134895,0.008864,9.702851,1.423014,-4.894008,-7.031499,-5.299237,-5.185421,1.796915,4.345485,27.0,28.05,-2.25,10.275,249.6595,-81.6564,-0.3569,5.0,28.54013,48.8439,2.3533363,307.0968,NaN,,44.303226,,0 / 25,7963,2022-01-10 17:04:40:492
2.452643,1.65703,0.134895,0.008864,9.702851,1.423014,-4.894008,-7.031499,-5.299237,-5.185421,1.796915,4.345485,27.0,28.05,-2.25,10.275,249.6595,-81.6564,-0.3569,5.0,28.54013,48.8439,2.3533363,307.0968,NaN,,44.303226,,0 / 25,7968,2022-01-10 17:04:40:497
2.452643,1.65703,0.134895,0.008864,9.702851,1.423014,-4.894008,-7.031499,-5.299237,-5.185421,1.796915,4.345485,27.0,28.05,-2.25,10.275,249.6595,-81.6564,-0.3569,5.0,28.54013,48.8439,2.3533363,307.0968,NaN,,44.303226,,0 / 25,7973,2022-01-10 17:04:40:502
2.452643,1.65703,0.134895,0.008864,9.702851,1.423014,-4.894008,-7.031499,-5.299237,-5.185421,1.796915,4.345485,27.0,28.05,-2.25,10.275,249.6595,-81.6564,-0.3569,5.0,28.54013,48.8439,2.3533363,307.0968,NaN,,44.303226,,0 / 25,7977,2022-01-10 17:04:40:506
2.452643,1.65703,0.134895,0.008864,9.702851,1.423014,-4.894008,-7.031499,-5.299237,-5.185421,1.796915,4.345485,27.0,28.05,-2.25,10.275,249.6595,-81.6564,-0.3569,5.0,28.54013,48.8439,2.3533363,307.0968,NaN,,44.303226,,0 / 25,7982,2022-01-10 17:04:40:511
2.452643,1.65703,0.134895,0.008864,9.702851,1.423014,-4.894008,-7.031499,-5.299237,-5.185421,1.796915,4.345485,27.0,28.05,-2.25,10.275,249.6595,-81.6564,-0.3569,5.0,28.54013,48.8439,2.3533363,307.0968,NaN,,44.303226,,0 / 25,7987,2022-01-10 17:04:40:516
2.452643,1.65703,0.134895,0.008864,9.702851,1.423014,-4.894008,-7.031499,-5.299237,-5.185421,1.796915,4.345485,27.0,28.05,-2.25,10.275,249.6595,-81.6564,-0.3569,5.0,28.54013,48.8439,2.3533363,307.0968,NaN,,44.303226,,0 / 25,7993,2022-01-10 17:04:40:522
5.031209,4.607081,13.50539,0.008864,9.702851,1.423014,-4.894008,-7.031499,-5.299237,-5.185421,1.796915,4.345485,27.0,28.05,-2.25,10.275,249.6595,-81.6564,-0.3569,5.0,28.54013,48.8439,2.3533363,307.0968,NaN,,44.303226,,0 / 25,7998,2022-01-10 17:04:40:527
5.031209,4.607081,13.50539,0.008864,9.702851,1.423014,-4.894008,-7.031499,-5.299237,-5.185421,1.796915,4.345485,27.0,28.05,-2.25,10.275,249.6595,-81.6564,-0.3569,5.0,28.54013,48.8439,2.3533363,307.0968,NaN,,44.303226,,0 / 25,8002,2022-01-10 17:04:40:531
5.031209,4.607081,13.50539,0.308469,8.741371,4.434374,3.308684,-4.378441,3.7985,-5.185421,1.796915,4.345485,27.0,28.05,-2.25,10.275,249.6595,-81.6564,-0.3569,5.0,28.54013,48.8439,2.3533363,307.0968,NaN,,44.303226,,0 / 25,8009,2022-01-10 17:04:40:538
5.031209,4.607081,13.50539,0.308469,8.741371,4.434374,3.308684,-4.378441,3.7985,-5.185421,1.796915,4.345485,27.0,28.05,-2.25,10.275,249.6595,-81.6564,-0.3569,5.0,28.54013,48.8439,2.3533363,307.0968,NaN,,44.303226,,0 / 25,8012,2022-01-10 17:04:40:541
5.031209,4.607081,13.50539,0.308469,8.741371,4.434374,3.308684,-4.378441,3.7985,-5.185421,1.796915,4.345485,27.0,28.05,-2.25,10.275,249.6595,-81.6564,-0.3569,5.0,28.54013,48.8439,2.3533363,307.0968,NaN,,44.303226,,0 / 25,8018,2022-01-10 17:04:40:547
5.031209,4.607081,13.50539,0.308469,8.741371,4.434374,3.308684,-4.378441,3.7985,-5.185421,1.796915,4.345485,27.0,28.05,-2.25,10.275,249.6595,-81.6564,-0.3569,5.0,28.54013,48.8439,2.3533363,307.0968,NaN,,44.303226,,0 / 25,8022,2022-01-10 17:04:40:551
5.031209,4.607081,13.50539,0.308469,8.741371,4.434374,3.308684,-4.378441,3.7985,-5.185421,1.796915,4.345485,27.0,28.05,-2.25,10.275,249.6595,-81.6564,-0.3569,5.0,28.54013,48.8439,2.3533363,307.0968,NaN,,44.303226,,0 / 25,8028,2022-01-10 17:04:40:557
5.031209,4.607081,13.50539,0.308469,8.741371,4.434374,3.308684,-4.378441,3.7985,-5.185421,1.796915,4.345485,27.0,28.05,-2.25,10.275,249.6595,-81.6564,-0.3569,5.0,28.54013,48.8439,2.3533363,307.0968,NaN,,44.303226,,0 / 25,8033,2022-01-10 17:04:40:562
5.031209,4.607081,13.50539,0.308469,8.741371,4.434374,3.308684,-4.378441,3.7985,-5.185421,1.796915,4.345485,27.0,28.05,-2.25,10.275,249.6595,-81.6564,-0.3569,5.0,28.54013,48.8439,2.3533363,307.0968,NaN,,44.303226,,0 / 25,8038,2022-01-10 17:04:40:567
5.031209,4.607081,13.50539,0.308469,8.741371,4.434374,3.308684,-4.378441,3.7985,4.104609,7.179538,-0.843265,27.0,28.05,-2.25,10.275,249.6595,-81.6564,-0.3569,5.0,28.54013,48.8439,2.3533363,307.0968,NaN,,44.303226,,0 / 25,8043,2022-01-10 17:04:40:572
5.031209,4.607081,13.50539,0.308469,8.741371,4.434374,3.308684,-4.378441,3.7985,4.104609,7.179538,-0.843265,27.0,28.05,-2.25,10.275,249.6595,-81.6564,-0.3569,5.0,28.54013,48.8439,2.3533363,307.0968,NaN,,44.303226,,0 / 25,8048,2022-01-10 17:04:40:577
5.031209,4.607081,13.50539,0.308469,8.741371,4.434374,3.308684,-4.378441,3.7985,4.104609,7.179538,-0.843265,27.0,27.675,-19.575,0.0,248.8657,-63.0461,-3.9793,5.0,28.54013,48.8439,2.3533363,307.0968,NaN,,44.303226,,0 / 25,8052,2022-01-10 17:04:40:581
5.031209,4.607081,13.50539,0.308469,8.741371,4.434374,3.308684,-4.378441,3.7985,4.104609,7.179538,-0.843265,27.0,27.675,-19.575,0.0,248.8657,-63.0461,-3.9793,5.0,28.54013,48.8439,2.3533363,307.0968,NaN,,44.303226,,0 / 25,8058,2022-01-10 17:04:40:587
5.031209,4.607081,13.50539,0.308469,8.741371,4.434374,3.308684,-4.378441,3.7985,4.104609,7.179538,-0.843265,27.0,27.675,-19.575,0.0,248.8657,-63.0461,-3.9793,5.0,28.54013,48.8439,2.3533363,307.0968,NaN,,44.303226,,0 / 25,8064,2022-01-10 17:04:40:593
5.031209,4.607081,13.50539,0.308469,8.741371,4.434374,3.308684,-4.378441,3.7985,4.104609,7.179538,-0.843265,27.0,27.675,-19.575,0.0,248.8657,-63.0461,-3.9793,5.0,28.54013,48.8439,2.3533363,307.0968,NaN,,44.303226,,0 / 25,8068,2022-01-10 17:04:40:597
5.031209,4.607081,13.50539,0.308469,8.741371,4.434374,3.308684,-4.378441,3.7985,4.104609,7.179538,-0.843265,27.0,27.675,-19.575,0.0,248.8657,-63.0461,-3.9793,5.0,28.54013,48.8439,2.3533363,307.0968,NaN,,44.303226,,0 / 25,8072,2022-01-10 17:04:40:601
5.031209,4.607081,13.50539,0.308469,8.741371,4.434374,3.308684,-4.378441,3.7985,4.104609,7.179538,-0.843265,27.0,27.675,-19.575,0.0,248.8657,-63.0461,-3.9793,5.0,28.54013,48.8439,2.3533363,307.0968,NaN,,44.303226,,0 / 25,8077,2022-01-10 17:04:40:606
5.031209,4.607081,13.50539,0.308469,8.741371,4.434374,3.308684,-4.378441,3.7985,4.104609,7.179538,-0.843265,27.0,27.675,-19.575,0.0,248.8657,-63.0461,-3.9793,5.0,28.54013,48.8439,2.3533363,307.0968,NaN,,44.303226,,0 / 25,8083,2022-01-10 17:04:40:612
5.031209,4.607081,13.50539,0.308469,8.741371,4.434374,3.308684,-4.378441,3.7985,4.104609,7.179538,-0.843265,27.0,27.675,-19.575,0.0,248.8657,-63.0461,-3.9793,5.0,31.80196,48.8439,2.3533363,307.0968,NaN,,44.303226,,0 / 25,8088,2022-01-10 17:04:40:617
5.031209,4.607081,13.50539,0.308469,8.741371,4.434374,3.308684,-4.378441,3.7985,4.104609,7.179538,-0.843265,27.0,27.675,-19.575,0.0,248.8657,-63.0461,-3.9793,5.0,31.80196,48.8439,2.3533363,307.0968,NaN,,44.303226,,0 / 25,8092,2022-01-10 17:04:40:621
-3.21386,2.831008,1.441676,0.308469,8.741371,4.434374,3.308684,-4.378441,3.7985,4.104609,7.179538,-0.843265,27.0,27.675,-19.575,0.0,248.8657,-63.0461,-3.9793,5.0,31.80196,48.8439,2.3533363,307.0968,NaN,,44.303226,,0 / 25,8098,2022-01-10 17:04:40:627
-3.21386,2.831008,1.441676,0.308469,8.741371,4.434374,3.308684,-4.378441,3.7985,4.104609,7.179538,-0.843265,27.0,27.675,-19.575,0.0,248.8657,-63.0461,-3.9793,5.0,31.80196,48.8439,2.3533363,307.0968,NaN,,44.303226,,0 / 25,8103,2022-01-10 17:04:40:632
-3.21386,2.831008,1.441676,0.308469,8.741371,4.434374,3.308684,-4.378441,3.7985,4.104609,7.179538,-0.843265,27.0,27.675,-19.575,0.0,248.8657,-63.0461,-3.9793,5.0,31.80196,48.8439,2.3533363,307.0968,NaN,,44.303226,,0 / 25,8108,2022-01-10 17:04:40:637
-3.21386,2.831008,1.441676,0.308469,8.741371,4.434374,3.308684,-4.378441,3.7985,4.104609,7.179538,-0.843265,27.0,27.675,-19.575,0.0,248.8657,-63.0461,-3.9793,5.0,31.80196,48.8439,2.3533363,307.0968,NaN,,44.303226,,0 / 25,8112,2022-01-10 17:04:40:641
-3.21386,2.831008,1.441676,0.308469,8.741371,4.434374,3.308684,-4.378441,3.7985,4.104609,7.179538,-0.843265,27.0,27.675,-19.575,0.0,248.8657,-63.0461,-3.9793,5.0,31.80196,48.8439,2.3533363,307.0968,NaN,,44.303226,,0 / 25,8118,2022-01-10 17:04:40:647
-3.21386,2.831008,1.441676,0.308469,8.741371,4.434374,3.308684,-4.378441,3.7985,4.104609,7.179538,-0.843265,27.0,27.675,-19.575,0.0,248.8657,-63.0461,-3.9793,5.0,31.80196,48.8439,2.3533363,307.0968,NaN,,44.303226,,0 / 25,8124,2022-01-10 17:04:40:653
-3.21386,2.831008,1.441676,0.308469,8.741371,4.434374,3.308684,-4.378441,3.7985,4.104609,7.179538,-0.843265,23.0,27.675,-19.575,0.0,248.8657,-63.0461,-3.9793,5.0,31.80196,48.8439,2.3533363,307.0968,NaN,,44.303226,,0 / 25,8129,2022-01-10 17:04:40:658
-3.21386,2.831008,1.441676,-3.281345,8.317033,-4.028662,4.128372,-2.682305,9.379448,4.104609,7.179538,-0.843265,23.0,27.675,-19.575,0.0,248.8657,-63.0461,-3.9793,5.0,31.80196,48.8439,2.3533363,307.0968,NaN,,44.303226,,0 / 25,8133,2022-01-10 17:04:40:662
-3.21386,2.831008,1.441676,-3.281345,8.317033,-4.028662,4.128372,-2.682305,9.379448,4.104609,7.179538,-0.843265,23.0,27.675,-19.575,0.0,248.8657,-63.0461,-3.9793,5.0,31.80196,48.8439,2.3533363,307.0968,NaN,,44.303226,,0 / 25,8138,2022-01-10 17:04:40:667
-3.21386,2.831008,1.441676,-3.281345,8.317033,-4.028662,4.128372,-2.682305,9.379448,4.104609,7.179538,-0.843265,23.0,27.675,-19.575,0.0,248.8657,-63.0461,-3.9793,5.0,31.80196,48.8439,2.3533363,307.0968,NaN,,44.303226,,0 / 25,8143,2022-01-10 17:04:40:672
-3.21386,2.831008,1.441676,-3.281345,8.317033,-4.028662,4.128372,-2.682305,9.379448,4.104609,7.179538,-0.843265,23.0,27.675,-19.575,0.0,248.8657,-63.0461,-3.9793,5.0,31.80196,48.8439,2.3533363,307.0968,NaN,,44.303226,,0 / 25,8148,2022-01-10 17:04:40:677
-3.21386,2.831008,1.441676,-3.281345,8.317033,-4.028662,4.128372,-2.682305,9.379448,4.104609,7.179538,-0.843265,23.0,27.675,-19.575,0.0,248.8657,-63.0461,-3.9793,5.0,31.80196,48.8439,2.3533363,307.0968,NaN,,44.303226,,0 / 25,8152,2022-01-10 17:04:40:681
-3.21386,2.831008,1.441676,-3.281345,8.317033,-4.028662,4.128372,-2.682305,9.379448,4.104609,7.179538,-0.843265,23.0,27.675,-19.575,0.0,248.8657,-63.0461,-3.9793,5.0,31.80196,48.8439,2.3533363,307.0968,NaN,,44.303226,,0 / 25,8157,2022-01-10 17:04:40:686
-3.21386,2.831008,1.441676,-3.281345,8.317033,-4.028662,4.128372,-2.682305,9.379448,8.555153,0.282553,-3.176392,23.0,27.675,-19.575,0.0,248.8657,-63.0461,-3.9793,5.0,31.80196,48.8439,2.3533363,307.0968,NaN,,44.303226,,0 / 25,8164,2022-01-10 17:04:40:693
-3.21386,2.831008,1.441676,-3.281345,8.317033,-4.028662,4.128372,-2.682305,9.379448,8.555153,0.282553,-3.176392,23.0,27.675,-19.575,0.0,248.8657,-63.0461,-3.9793,5.0,31.80196,48.8439,2.3533363,307.0968,NaN,,44.303226,,0 / 25,8169,2022-01-10 17:04:40:698
-3.21386,2.831008,1.441676,-3.281345,8.317033,-4.028662,4.128372,-2.682305,9.379448,8.555153,0.282553,-3.176392,23.0,27.675,-19.575,0.0,248.8657,-63.0461,-3.9793,5.0,31.80196,48.8439,2.3533363,307.0968,NaN,,44.303226,,0 / 25,8173,2022-01-10 17:04:40:702
-3.21386,2.831008,1.441676,-3.281345,8.317033,-4.028662,4.128372,-2.682305,9.379448,8.555153,0.282553,-3.176392,23.0,27.675,-19.575,0.0,248.8657,-63.0461,-3.9793,5.0,31.80196,48.8439,2.3533363,307.0968,NaN,,44.303226,,0 / 25,8178,2022-01-10 17:04:40:707
-3.21386,2.831008,1.441676,-3.281345,8.317033,-4.028662,4.128372,-2.682305,9.379448,8.555153,0.282553,-3.176392,23.0,27.675,-19.575,0.0,248.8657,-63.0461,-3.9793,5.0,31.80196,48.8439,2.3533363,307.0968,NaN,,44.303226,,0 / 25,8183,2022-01-10 17:04:40:712
-8.147261,-0.85334,-9.04816,-3.281345,8.317033,-4.028662,4.128372,-2.682305,9.379448,8.555153,0.282553,-3.176392,23.0,27.675,-19.575,0.0,248.8657,-63.0461,-3.9793,5.0,31.80196,48.8439,2.3533363,307.0968,NaN,,44.303226,,0 / 25,8188,2022-01-10 17:04:40:717
-8.147261,-0.85334,-9.04816,-3.281345,8.317033,-4.028662,4.128372,-2.682305,9.379448,8.555153,0.282553,-3.176392,23.0,23.925,-29.925,5.475,89.0833,-58.0058,140.8372,5.0,31.80196,48.8439,2.3533363,307.0968,NaN,,44.303226,,0 / 25,8194,2022-01-10 17:04:40:723
-8.147261,-0.85334,-9.04816,-3.281345,8.317033,-4.028662,4.128372,-2.682305,9.379448,8.555153,0.282553,-3.176392,23.0,23.925,-29.925,5.475,89.0833,-58.0058,140.8372,5.0,31.80196,48.8439,2.3533363,307.0968,NaN,,44.303226,,0 / 25,8197,2022-01-10 17:04:40:726
-8.147261,-0.85334,-9.04816,-3.281345,8.317033,-4.028662,4.128372,-2.682305,9.379448,8.555153,0.282553,-3.176392,23.0,23.925,-29.925,5.475,89.0833,-58.0058,140.8372,5.0,31.80196,48.8439,2.3533363,307.0968,NaN,,44.303226,,0 / 25,8203,2022-01-10 17:04:40:732
-8.147261,-0.85334,-9.04816,-3.281345,8.317033,-4.028662,4.128372,-2.682305,9.379448,8.555153,0.282553,-3.176392,23.0,23.925,-29.925,5.475,89.0833,-58.0058,140.8372,5.0,31.80196,48.8439,2.3533363,307.0968,NaN,,44.303226,,0 / 25,8208,2022-01-10 17:04:40:737
-8.147261,-0.85334,-9.04816,-3.281345,8.317033,-4.028662,4.128372,-2.682305,9.379448,8.555153,0.282553,-3.176392,23.0,23.925,-29.925,5.475,89.0833,-58.0058,140.8372,5.0,31.80196,48.8439,2.3533363,307.0968,NaN,,44.303226,,0 / 25,8214,2022-01-10 17:04:40:743
-8.147261,-0.85334,-9.04816,-3.281345,8.317033,-4.028662,4.128372,-2.682305,9.379448,8.555153,0.282553,-3.176392,23.0,23.925,-29.925,5.475,89.0833,-58.0058,140.8372,5.0,31.80196,48.8439,2.3533363,307.0968,NaN,,44.303226,,0 / 25,8217,2022-01-10 17:04:40:746
-8.147261,-0.85334,-9.04816,-3.281345,8.317033,-4.028662,4.128372,-2.682305,9.379448,8.555153,0.282553,-3.176392,23.0,23.925,-29.925,5.475,89.0833,-58.0058,140.8372,5.0,31.80196,48.8439,2.3533363,307.0968,NaN,,44.303226,,0 / 25,8222,2022-01-10 17:04:40:751
-8.147261,-0.85334,-9.04816,-3.281345,8.317033,-4.028662,4.128372,-2.682305,9.379448,8.555153,0.282553,-3.176392,23.0,23.925,-29.925,5.475,89.0833,-58.0058,140.8372,5.0,31.80196,48.8439,2.3533363,307.0968,NaN,,44.303226,,0 / 25,8228,2022-01-10 17:04:40:757
-8.147261,-0.85334,-9.04816,-3.281345,8.317033,-4.028662,4.128372,-2.682305,9.379448,8.555153,0.282553,-3.176392,23.0,23.925,-29.925,5.475,89.0833,-58.0058,140.8372,5.0,31.80196,48.8439,2.3533363,307.0968,NaN,,44.303226,,0 / 25,8233,2022-01-10 17:04:40:762
-8.147261,-0.85334,-9.04816,-3.281345,8.317033,-4.028662,4.128372,-2.682305,9.379448,8.555153,0.282553,-3.176392,23.0,23.925,-29.925,5.475,89.0833,-58.0058,140.8372,5.0,31.80196,48.8439,2.3533363,307.0968,NaN,,44.303226,,0 / 25,8238,2022-01-10 17:04:40:767
-8.147261,-0.85334,-9.04816,-3.281345,8.317033,-4.028662,4.128372,-2.682305,9.379448,8.555153,0.282553,-3.176392,23.0,23.925,-29.925,5.475,89.0833,-58.0058,140.8372,5.0,31.80196,48.8439,2.3533363,307.0968,NaN,,44.303226,,0 / 25,8243,2022-01-10 17:04:40:772
-8.147261,-0.85334,-9.04816,-5.967557,0.464119,-7.768092,-2.526012,-1.040525,-0.692025,8.555153,0.282553,-3.176392,23.0,23.925,-29.925,5.475,89.0833,-58.0058,140.8372,5.0,31.80196,48.8439,2.3533363,307.0968,NaN,,44.303226,,0 / 25,8248,2022-01-10 17:04:40:777
-8.147261,-0.85334,-9.04816,-5.967557,0.464119,-7.768092,-2.526012,-1.040525,-0.692025,8.555153,0.282553,-3.176392,23.0,23.925,-29.925,5.475,89.0833,-58.0058,140.8372,5.0,31.80196,48.8439,2.3533363,307.0968,NaN,,44.303226,,0 / 25,8253,2022-01-10 17:04:40:782
-8.147261,-0.85334,-9.04816,-5.967557,0.464119,-7.768092,-2.526012,-1.040525,-0.692025,8.555153,0.282553,-3.176392,23.0,23.925,-29.925,5.475,89.0833,-58.0058,140.8372,5.0,31.80196,48.8439,2.3533363,307.0968,NaN,,44.303226,,0 / 25,8259,2022-01-10 17:04:40:788
-8.147261,-0.85334,-9.04816,-5.967557,0.464119,-7.768092,-2.526012,-1.040525,-0.692025,8.555153,0.282553,-3.176392,23.0,23.925,-29.925,5.475,89.0833,-58.0058,140.8372,5.0,31.80196,48.8439,2.3533363,307.0968,NaN,,44.303226,,0 / 25,8263,2022-01-10 17:04:40:792
-8.147261,-0.85334,-9.04816,-5.967557,0.464119,-7.768092,-2.526012,-1.040525,-0.692025,8.555153,0.282553,-3.176392,23.0,23.925,-29.925,5.475,89.0833,-58.0058,140.8372,5.0,31.80196,48.8439,2.3533363,307.0968,NaN,,44.303226,,0 / 25,8268,2022-01-10 17:04:40:797
-8.147261,-0.85334,-9.04816,-5.967557,0.464119,-7.768092,-2.526012,-1.040525,-0.692025,8.555153,0.282553,-3.176392,23.0,23.925,-29.925,5.475,89.0833,-58.0058,140.8372,5.0,31.80196,48.8439,2.3533363,307.0968,NaN,,44.303226,,0 / 25,8273,2022-01-10 17:04:40:802
-8.147261,-0.85334,-9.04816,-5.967557,0.464119,-7.768092,-2.526012,-1.040525,-0.692025,8.555153,0.282553,-3.176392,23.0,23.925,-29.925,5.475,89.0833,-58.0058,140.8372,5.0,31.80196,48.8439,2.3533363,307.0968,NaN,,44.303226,,0 / 25,8277,2022-01-10 17:04:40:806
-8.147261,-0.85334,-9.04816,-5.967557,0.464119,-7.768092,-2.526012,-1.040525,-0.692025,8.555153,0.282553,-3.176392,23.0,23.925,-29.925,5.475,89.0833,-58.0058,140.8372,5.0,31.80196,48.8439,2.3533363,307.0968,NaN,,44.303226,,0 / 25,8283,2022-01-10 17:04:40:812
-8.147261,-0.85334,-9.04816,-5.967557,0.464119,-7.768092,-2.526012,-1.040525,-0.692025,8.555153,0.282553,-3.176392,23.0,23.925,-29.925,5.475,89.0833,-58.0058,140.8372,5.0,31.80196,48.8439,2.3533363,307.0968,NaN,,44.303226,,0 / 25,8288,2022-01-10 17:04:40:817
-13.000504,-1.483251,-10.864013,-5.967557,0.464119,-7.768092,-2.526012,-1.040525,-0.692025,8.555153,0.282553,-3.176392,23.0,23.925,-29.925,5.475,89.0833,-58.0058,140.8372,5.0,31.80196,48.8439,2.3533363,307.0968,NaN,,44.303226,,0 / 25,8293,2022-01-10 17:04:40:822
-13.000504,-1.483251,-10.864013,-5.967557,0.464119,-7.768092,-2.526012,-1.040525,-0.692025,4.9785,-7.274609,0.677888,2.0,23.925,-29.925,5.475,89.0833,-58.0058,140.8372,5.0,31.80196,48.8439,2.3533363,307.0968,NaN,,44.303226,,0 / 25,8298,2022-01-10 17:04:40:827
-13.000504,-1.483251,-10.864013,-5.967557,0.464119,-7.768092,-2.526012,-1.040525,-0.692025,4.9785,-7.274609,0.677888,2.0,23.925,-29.925,5.475,89.0833,-58.0058,140.8372,5.0,31.80196,48.8439,2.3533363,307.0968,NaN,,44.303226,,0 / 25,8303,2022-01-10 17:04:40:832
-13.000504,-1.483251,-10.864013,-5.967557,0.464119,-7.768092,-2.526012,-1.040525,-0.692025,4.9785,-7.274609,0.677888,2.0,23.925,-29.925,5.475,89.0833,-58.0058,140.8372,5.0,31.80196,48.8439,2.3533363,307.0968,NaN,,44.303226,,0 / 25,8307,2022-01-10 17:04:40:836
-13.000504,-1.483251,-10.864013,-5.967557,0.464119,-7.768092,-2.526012,-1.040525,-0.692025,4.9785,-7.274609,0.677888,2.0,23.925,-29.925,5.475,89.0833,-58.0058,140.8372,5.0,31.80196,48.8439,2.3533363,307.0968,NaN,,44.303226,,0 / 25,8314,2022-01-10 17:04:40:843
-13.000504,-1.483251,-10.864013,-5.967557,0.464119,-7.768092,-2.526012,-1.040525,-0.692025,4.9785,-7.274609,0.677888,2.0,23.925,-29.925,5.475,89.0833,-58.0058,140.8372,5.0,31.80196,48.8439,2.3533363,307.0968,NaN,,44.303226,,0 / 25,8318,2022-01-10 17:04:40:847
-13.000504,-1.483251,-10.864013,-5.967557,0.464119,-7.768092,-2.526012,-1.040525,-0.692025,4.9785,-7.274609,0.677888,2.0,23.925,-29.925,5.475,89.0833,-58.0058,140.8372,5.0,31.80196,48.8439,2.3533363,307.0968,NaN,,44.303226,,0 / 25,8322,2022-01-10 17:04:40:851
-13.000504,-1.483251,-10.864013,-5.967557,0.464119,-7.768092,-2.526012,-1.040525,-0.692025,4.9785,-7.274609,0.677888,2.0,23.925,-29.925,5.475,89.0833,-58.0058,140.8372,5.0,31.80196,48.8439,2.3533363,307.0968,NaN,,44.303226,,0 / 25,8328,2022-01-10 17:04:40:857
-13.000504,-1.483251,-10.864013,-5.967557,0.464119,-7.768092,-2.526012,-1.040525,-0.692025,4.9785,-7.274609,0.677888,2.0,22.575,-23.475,10.575,152.2155,-2.7126,142.468,5.0,31.80196,48.8439,2.3533363,307.0968,NaN,,44.303226,,0 / 25,8332,2022-01-10 17:04:40:861
-13.000504,-1.483251,-10.864013,-5.967557,0.464119,-7.768092,-2.526012,-1.040525,-0.692025,4.9785,-7.274609,0.677888,2.0,22.575,-23.475,10.575,152.2155,-2.7126,142.468,5.0,31.80196,48.8439,2.3533363,307.0968,NaN,,44.303226,,0 / 25,8338,2022-01-10 17:04:40:867
-13.000504,-1.483251,-10.864013,-5.967557,0.464119,-7.768092,-2.526012,-1.040525,-0.692025,4.9785,-7.274609,0.677888,2.0,22.575,-23.475,10.575,152.2155,-2.7126,142.468,5.0,31.80196,48.8439,2.3533363,307.0968,NaN,,44.303226,,0 / 25,8342,2022-01-10 17:04:40:871
-13.000504,-1.483251,-10.864013,-5.967557,0.464119,-7.768092,-2.526012,-1.040525,-0.692025,4.9785,-7.274609,0.677888,2.0,22.575,-23.475,10.575,152.2155,-2.7126,142.468,5.0,31.80196,48.8439,2.3533363,307.0968,NaN,,44.303226,,0 / 25,8348,2022-01-10 17:04:40:877
-13.000504,-1.483251,-10.864013,-5.967557,0.464119,-7.768092,-2.526012,-1.040525,-0.692025,4.9785,-7.274609,0.677888,2.0,22.575,-23.475,10.575,152.2155,-2.7126,142.468,5.0,31.80196,48.8439,2.3533363,307.0968,NaN,,44.303226,,0 / 25,8353,2022-01-10 17:04:40:882
-13.000504,-1.483251,-10.864013,-5.967557,0.464119,-7.768092,-2.526012,-1.040525,-0.692025,4.9785,-7.274609,0.677888,2.0,22.575,-23.475,10.575,152.2155,-2.7126,142.468,5.0,31.80196,48.8439,2.3533363,307.0968,NaN,,44.303226,,0 / 25,8358,2022-01-10 17:04:40:887
-13.000504,-1.483251,-10.864013,-5.967557,0.464119,-7.768092,-2.526012,-1.040525,-0.692025,4.9785,-7.274609,0.677888,2.0,22.575,-23.475,10.575,152.2155,-2.7126,142.468,5.0,31.80196,48.8439,2.3533363,307.0968,NaN,,44.303226,,0 / 25,8362,2022-01-10 17:04:40:891
-13.000504,-1.483251,-10.864013,-5.967557,0.464119,-7.768092,-2.526012,-1.040525,-0.692025,4.9785,-7.274609,0.677888,2.0,22.575,-23.475,10.575,152.2155,-2.7126,142.468,5.0,31.80196,48.8439,2.3533363,307.0968,NaN,,44.303226,,0 / 25,8368,2022-01-10 17:04:40:897
-13.000504,-1.483251,-10.864013,-5.967557,0.464119,-7.768092,-2.526012,-1.040525,-0.692025,4.9785,-7.274609,0.677888,2.0,22.575,-23.475,10.575,152.2155,-2.7126,142.468,5.0,31.80196,48.8439,2.3533363,307.0968,NaN,,44.303226,,0 / 25,8372,2022-01-10 17:04:40:901
-13.000504,-1.483251,-10.864013,-5.967557,0.464119,-7.768092,-2.526012,-1.040525,-0.692025,4.9785,-7.274609,0.677888,2.0,22.575,-23.475,10.575,152.2155,-2.7126,142.468,5.0,31.80196,48.8439,2.3533363,307.0968,NaN,,44.303226,,0 / 25,8378,2022-01-10 17:04:40:907
-18.524635,2.022533,-7.853842,-9.794676,-0.369289,0.313614,-6.244509,-0.949853,-9.588149,4.9785,-7.274609,0.677888,2.0,22.575,-23.475,10.575,152.2155,-2.7126,142.468,5.0,31.80196,48.8439,2.3533363,307.0968,NaN,,44.303226,,0 / 25,8383,2022-01-10 17:04:40:912
-18.524635,2.022533,-7.853842,-9.794676,-0.369289,0.313614,-6.244509,-0.949853,-9.588149,4.9785,-7.274609,0.677888,2.0,22.575,-23.475,10.575,152.2155,-2.7126,142.468,5.0,31.80196,48.8439,2.3533363,307.0968,NaN,,44.303226,,0 / 25,8388,2022-01-10 17:04:40:917
-18.524635,2.022533,-7.853842,-9.794676,-0.369289,0.313614,-6.244509,-0.949853,-9.588149,4.9785,-7.274609,0.677888,2.0,22.575,-23.475,10.575,152.2155,-2.7126,142.468,5.0,31.80196,48.8439,2.3533363,307.0968,NaN,,44.303226,,0 / 25,8393,2022-01-10 17:04:40:922
-18.524635,2.022533,-7.853842,-9.794676,-0.369289,0.313614,-6.244509,-0.949853,-9.588149,4.9785,-7.274609,0.677888,2.0,22.575,-23.475,10.575,152.2155,-2.7126,142.468,5.0,31.80196,48.8439,2.3533363,307.0968,NaN,,44.303226,,0 / 25,8398,2022-01-10 17:04:40:927
-18.524635,2.022533,-7.853842,-9.794676,-0.369289,0.313614,-6.244509,-0.949853,-9.588149,4.9785,-7.274609,0.677888,2.0,22.575,-23.475,10.575,152.2155,-2.7126,142.468,5.0,31.80196,48.8439,2.3533363,307.0968,NaN,,44.303226,,0 / 25,8403,2022-01-10 17:04:40:932
-18.524635,2.022533,-7.853842,-9.794676,-0.369289,0.313614,-6.244509,-0.949853,-9.588149,4.9785,-7.274609,0.677888,2.0,22.575,-23.475,10.575,152.2155,-2.7126,142.468,5.0,31.80196,48.8439,2.3533363,307.0968,NaN,,44.303226,,0 / 25,8408,2022-01-10 17:04:40:937
-18.524635,2.022533,-7.853842,-9.794676,-0.369289,0.313614,-6.244509,-0.949853,-9.588149,4.9785,-7.274609,0.677888,2.0,22.575,-23.475,10.575,152.2155,-2.7126,142.468,5.0,31.80196,48.8439,2.3533363,307.0968,NaN,,44.303226,,0 / 25,8412,2022-01-10 17:04:40:941
-18.524635,2.022533,-7.853842,-9.794676,-0.369289,0.313614,-6.244509,-0.949853,-9.588149,4.9785,-7.274609,0.677888,2.0,22.575,-23.475,10.575,152.2155,-2.7126,142.468,5.0,35.62785,48.8439,2.3533363,307.0968,NaN,,44.303226,,0 / 25,8417,2022-01-10 17:04:40:946
-18.524635,2.022533,-7.853842,-9.794676,-0.369289,0.313614,-6.244509,-0.949853,-9.588149,4.9785,-7.274609,0.677888,2.0,22.575,-23.475,10.575,152.2155,-2.7126,142.468,5.0,35.62785,48.8439,2.3533363,307.0968,NaN,,44.303226,,0 / 25,8423,2022-01-10 17:04:40:952
-18.524635,2.022533,-7.853842,-9.794676,-0.369289,0.313614,-6.244509,-0.949853,-9.588149,4.9785,-7.274609,0.677888,2.0,22.575,-23.475,10.575,152.2155,-2.7126,142.468,5.0,35.62785,48.8439,2.3533363,307.0968,NaN,,44.303226,,0 / 25,8428,2022-01-10 17:04:40:957
-18.524635,2.022533,-7.853842,-9.794676,-0.369289,0.313614,-6.244509,-0.949853,-9.588149,0.085219,-5.551994,5.438148,2.0,22.575,-23.475,10.575,152.2155,-2.7126,142.468,5.0,35.62785,48.8439,2.3533363,307.0968,NaN,,44.303226,,0 / 25,8432,2022-01-10 17:04:40:961
-18.524635,2.022533,-7.853842,-9.794676,-0.369289,0.313614,-6.244509,-0.949853,-9.588149,0.085219,-5.551994,5.438148,2.0,22.575,-23.475,10.575,152.2155,-2.7126,142.468,5.0,35.62785,48.8439,2.3533363,307.0968,NaN,,44.303226,,0 / 25,8438,2022-01-10 17:04:40:967
-18.524635,2.022533,-7.853842,-9.794676,-0.369289,0.313614,-6.244509,-0.949853,-9.588149,0.085219,-5.551994,5.438148,2.0,22.575,-23.475,10.575,152.2155,-2.7126,142.468,5.0,35.62785,48.8439,2.3533363,307.0968,NaN,,44.303226,,0 / 25,8442,2022-01-10 17:04:40:971
-18.524635,2.022533,-7.853842,-9.794676,-0.369289,0.313614,-6.244509,-0.949853,-9.588149,0.085219,-5.551994,5.438148,2.0,22.575,-23.475,10.575,152.2155,-2.7126,142.468,5.0,35.62785,48.8439,2.3533363,307.0968,NaN,,44.303226,,0 / 25,8448,2022-01-10 17:04:40:977
-18.524635,2.022533,-7.853842,-9.794676,-0.369289,0.313614,-6.244509,-0.949853,-9.588149,0.085219,-5.551994,5.438148,2.0,26.1,-11.85,4.35,200.4321,2.1581,88.1661,5.0,35.62785,48.8439,2.3533363,307.0968,NaN,,44.303226,,0 / 25,8452,2022-01-10 17:04:40:981
-18.524635,2.022533,-7.853842,-9.794676,-0.369289,0.313614,-6.244509,-0.949853,-9.588149,0.085219,-5.551994,5.438148,2.0,26.1,-11.85,4.35,200.4321,2.1581,88.1661,5.0,35.62785,48.8439,2.3533363,307.0968,NaN,,44.303226,,0 / 25,8458,2022-01-10 17:04:40:987
-18.524635,2.022533,-7.853842,-9.794676,-0.369289,0.313614,-6.244509,-0.949853,-9.588149,0.085219,-5.551994,5.438148,2.0,26.1,-11.85,4.35,200.4321,2.1581,88.1661,5.0,35.62785,48.8439,2.3533363,307.0968,NaN,,44.303226,,0 / 25,8462,2022-01-10 17:04:40:991
-18.524635,2.022533,-7.853842,-9.794676,-0.369289,0.313614,-6.244509,-0.949853,-9.588149,0.085219,-5.551994,5.438148,2.0,26.1,-11.85,4.35,200.4321,2.1581,88.1661,5.0,35.62785,48.8439,2.3533363,307.0968,NaN,,44.303226,,0 / 25,8467,2022-01-10 17:04:40:996
-18.524635,2.022533,-7.853842,-9.794676,-0.369289,0.313614,-6.244509,-0.949853,-9.588149,0.085219,-5.551994,5.438148,2.0,26.1,-11.85,4.35,200.4321,2.1581,88.1661,5.0,35.62785,48.8439,2.3533363,307.0968,NaN,,44.303226,,0 / 25,8473,2022-01-10 17:04:41:002
-18.524635,2.022533,-7.853842,-9.794676,-0.369289,0.313614,-6.244509,-0.949853,-9.588149,0.085219,-5.551994,5.438148,2.0,26.1,-11.85,4.35,200.4321,2.1581,88.1661,5.0,35.62785,48.8439,2.3533363,307.0968,NaN,,44.303226,,0 / 25,8477,2022-01-10 17:04:41:006
-10.081859,2.908775,7.659127,-9.794676,-0.369289,0.313614,-6.244509,-0.949853,-9.588149,0.085219,-5.551994,5.438148,17.0,26.1,-11.85,4.35,200.4321,2.1581,88.1661,5.0,35.62785,48.8439,2.3533363,307.0968,NaN,,44.303226,,0 / 25,8482,2022-01-10 17:04:41:011
-10.081859,2.908775,7.659127,-6.333397,5.569806,5.003572,-10.233261,-2.064132,-4.454644,0.085219,-5.551994,5.438148,17.0,26.1,-11.85,4.35,200.4321,2.1581,88.1661,5.0,35.62785,48.8439,2.3533363,307.0968,NaN,,44.303226,,0 / 25,8488,2022-01-10 17:04:41:017
-10.081859,2.908775,7.659127,-6.333397,5.569806,5.003572,-10.233261,-2.064132,-4.454644,0.085219,-5.551994,5.438148,17.0,26.1,-11.85,4.35,200.4321,2.1581,88.1661,5.0,35.62785,48.8439,2.3533363,307.0968,NaN,,44.303226,,0 / 25,8493,2022-01-10 17:04:41:022
-10.081859,2.908775,7.659127,-6.333397,5.569806,5.003572,-10.233261,-2.064132,-4.454644,0.085219,-5.551994,5.438148,17.0,26.1,-11.85,4.35,200.4321,2.1581,88.1661,5.0,35.62785,48.8439,2.3533363,307.0968,NaN,,44.303226,,0 / 25,8498,2022-01-10 17:04:41:027
-10.081859,2.908775,7.659127,-6.333397,5.569806,5.003572,-10.233261,-2.064132,-4.454644,0.085219,-5.551994,5.438148,17.0,26.1,-11.85,4.35,200.4321,2.1581,88.1661,5.0,35.62785,48.8439,2.3533363,307.0968,NaN,,44.303226,,0 / 25,8502,2022-01-10 17:04:41:031
-10.081859,2.908775,7.659127,-6.333397,5.569806,5.003572,-10.233261,-2.064132,-4.454644,0.085219,-5.551994,5.438148,17.0,26.1,-11.85,4.35,200.4321,2.1581,88.1661,5.0,35.62785,48.8439,2.3533363,307.0968,NaN,,44.303226,,0 / 25,8509,2022-01-10 17:04:41:038
-10.081859,2.908775,7.659127,-6.333397,5.569806,5.003572,-10.233261,-2.064132,-4.454644,0.085219,-5.551994,5.438148,17.0,26.1,-11.85,4.35,200.4321,2.1581,88.1661,5.0,35.62785,48.8439,2.3533363,307.0968,NaN,,44.303226,,0 / 25,8514,2022-01-10 17:04:41:043
-10.081859,2.908775,7.659127,-6.333397,5.569806,5.003572,-10.233261,-2.064132,-4.454644,0.085219,-5.551994,5.438148,17.0,26.1,-11.85,4.35,200.4321,2.1581,88.1661,5.0,35.62785,48.8439,2.3533363,307.0968,NaN,,44.303226,,0 / 25,8517,2022-01-10 17:04:41:046
-10.081859,2.908775,7.659127,-6.333397,5.569806,5.003572,-10.233261,-2.064132,-4.454644,0.085219,-5.551994,5.438148,17.0,26.1,-11.85,4.35,200.4321,2.1581,88.1661,5.0,35.62785,48.8439,2.3533363,307.0968,NaN,,44.303226,,0 / 25,8523,2022-01-10 17:04:41:052
-10.081859,2.908775,7.659127,-6.333397,5.569806,5.003572,-10.233261,-2.064132,-4.454644,0.085219,-5.551994,5.438148,17.0,26.1,-11.85,4.35,200.4321,2.1581,88.1661,5.0,35.62785,48.8439,2.3533363,307.0968,NaN,,44.303226,,0 / 25,8528,2022-01-10 17:04:41:057
-10.081859,2.908775,7.659127,-6.333397,5.569806,5.003572,-10.233261,-2.064132,-4.454644,0.085219,-5.551994,5.438148,17.0,26.1,-11.85,4.35,200.4321,2.1581,88.1661,5.0,35.62785,48.8439,2.3533363,307.0968,NaN,,44.303226,,0 / 25,8533,2022-01-10 17:04:41:062
-10.081859,2.908775,7.659127,-6.333397,5.569806,5.003572,-10.233261,-2.064132,-4.454644,0.085219,-5.551994,5.438148,17.0,26.1,-11.85,4.35,200.4321,2.1581,88.1661,5.0,35.62785,48.8439,2.3533363,307.0968,NaN,,44.303226,,0 / 25,8538,2022-01-10 17:04:41:067
-10.081859,2.908775,7.659127,-6.333397,5.569806,5.003572,-10.233261,-2.064132,-4.454644,0.085219,-5.551994,5.438148,17.0,26.1,-11.85,4.35,200.4321,2.1581,88.1661,5.0,35.62785,48.8439,2.3533363,307.0968,NaN,,44.303226,,0 / 25,8543,2022-01-10 17:04:41:072
-10.081859,2.908775,7.659127,-6.333397,5.569806,5.003572,-10.233261,-2.064132,-4.454644,0.085219,-5.551994,5.438148,17.0,26.1,-11.85,4.35,200.4321,2.1581,88.1661,5.0,35.62785,48.8439,2.3533363,307.0968,NaN,,44.303226,,0 / 25,8549,2022-01-10 17:04:41:078
-10.081859,2.908775,7.659127,-6.333397,5.569806,5.003572,-10.233261,-2.064132,-4.454644,0.085219,-5.551994,5.438148,17.0,26.1,-11.85,4.35,200.4321,2.1581,88.1661,5.0,35.62785,48.8439,2.3533363,307.0968,NaN,,44.303226,,0 / 25,8553,2022-01-10 17:04:41:082
-10.081859,2.908775,7.659127,-6.333397,5.569806,5.003572,-10.233261,-2.064132,-4.454644,0.085219,-5.551994,5.438148,17.0,26.1,-11.85,4.35,200.4321,2.1581,88.1661,5.0,35.62785,48.8439,2.3533363,307.0968,NaN,,44.303226,,0 / 25,8558,2022-01-10 17:04:41:087
-10.081859,2.908775,7.659127,-6.333397,5.569806,5.003572,-10.233261,-2.064132,-4.454644,-0.828219,1.566026,8.534913,17.0,26.1,-11.85,4.35,200.4321,2.1581,88.1661,5.0,35.62785,48.8439,2.3533363,307.0968,NaN,,44.303226,,0 / 25,8563,2022-01-10 17:04:41:092
-10.081859,2.908775,7.659127,-6.333397,5.569806,5.003572,-10.233261,-2.064132,-4.454644,-0.828219,1.566026,8.534913,17.0,26.1,-11.85,4.35,200.4321,2.1581,88.1661,5.0,35.62785,48.8439,2.3533363,307.0968,NaN,,44.303226,,0 / 25,8568,2022-01-10 17:04:41:097
-10.081859,2.908775,7.659127,-6.333397,5.569806,5.003572,-10.233261,-2.064132,-4.454644,-0.828219,1.566026,8.534913,17.0,26.1,-11.85,4.35,200.4321,2.1581,88.1661,5.0,35.62785,48.8439,2.3533363,307.0968,NaN,,44.303226,,0 / 25,8573,2022-01-10 17:04:41:102
-10.081859,2.908775,7.659127,-6.333397,5.569806,5.003572,-10.233261,-2.064132,-4.454644,-0.828219,1.566026,8.534913,17.0,26.1,-11.85,4.35,200.4321,2.1581,88.1661,5.0,35.62785,48.8439,2.3533363,307.0968,NaN,,44.303226,,0 / 25,8577,2022-01-10 17:04:41:106
-10.081859,2.908775,7.659127,-6.333397,5.569806,5.003572,-10.233261,-2.064132,-4.454644,-0.828219,1.566026,8.534913,17.0,26.1,-11.85,4.35,200.4321,2.1581,88.1661,5.0,35.62785,48.8439,2.3533363,307.0968,NaN,,44.303226,,0 / 25,8582,2022-01-10 17:04:41:111
-10.081859,2.908775,7.659127,-6.333397,5.569806,5.003572,-10.233261,-2.064132,-4.454644,-0.828219,1.566026,8.534913,17.0,26.1,-11.85,4.35,200.4321,2.1581,88.1661,5.0,35.62785,48.8439,2.3533363,307.0968,NaN,,44.303226,,0 / 25,8588,2022-01-10 17:04:41:117
1.205684,2.766402,4.19402,-6.333397,5.569806,5.003572,-10.233261,-2.064132,-4.454644,-0.828219,1.566026,8.534913,17.0,26.1,-11.85,4.35,200.4321,2.1581,88.1661,5.0,35.62785,48.8439,2.3533363,307.0968,NaN,,44.303226,,0 / 25,8592,2022-01-10 17:04:41:121
1.205684,2.766402,4.19402,-6.333397,5.569806,5.003572,-10.233261,-2.064132,-4.454644,-0.828219,1.566026,8.534913,17.0,28.575,-6.675,-1.125,293.61,-34.6082,51.6902,5.0,35.62785,48.8439,2.3533363,307.0968,NaN,,44.303226,,0 / 25,8598,2022-01-10 17:04:41:127
1.205684,2.766402,4.19402,-6.333397,5.569806,5.003572,-10.233261,-2.064132,-4.454644,-0.828219,1.566026,8.534913,17.0,28.575,-6.675,-1.125,293.61,-34.6082,51.6902,5.0,35.62785,48.8439,2.3533363,307.0968,NaN,,44.303226,,0 / 25,8603,2022-01-10 17:04:41:132
1.205684,2.766402,4.19402,-6.333397,5.569806,5.003572,-10.233261,-2.064132,-4.454644,-0.828219,1.566026,8.534913,17.0,28.575,-6.675,-1.125,293.61,-34.6082,51.6902,5.0,35.62785,48.8439,2.3533363,307.0968,NaN,,44.303226,,0 / 25,8607,2022-01-10 17:04:41:136
1.205684,2.766402,4.19402,-6.333397,5.569806,5.003572,-10.233261,-2.064132,-4.454644,-0.828219,1.566026,8.534913,17.0,28.575,-6.675,-1.125,293.61,-34.6082,51.6902,5.0,35.62785,48.8439,2.3533363,307.0968,NaN,,44.303226,,0 / 25,8612,2022-01-10 17:04:41:141
1.205684,2.766402,4.19402,-6.333397,5.569806,5.003572,-10.233261,-2.064132,-4.454644,-0.828219,1.566026,8.534913,17.0,28.575,-6.675,-1.125,293.61,-34.6082,51.6902,5.0,35.62785,48.8439,2.3533363,307.0968,NaN,,44.303226,,0 / 25,8617,2022-01-10 17:04:41:146
1.205684,2.766402,4.19402,-0.639476,7.85404,5.837425,-2.731743,-5.563492,-0.900405,-0.828219,1.566026,8.534913,17.0,28.575,-6.675,-1.125,293.61,-34.6082,51.6902,5.0,35.62785,48.8439,2.3533363,307.0968,NaN,,44.303226,,0 / 25,8623,2022-01-10 17:04:41:152
1.205684,2.766402,4.19402,-0.639476,7.85404,5.837425,-2.731743,-5.563492,-0.900405,-0.828219,1.566026,8.534913,17.0,28.575,-6.675,-1.125,293.61,-34.6082,51.6902,5.0,35.62785,48.8439,2.3533363,307.0968,NaN,,44.303226,,0 / 25,8628,2022-01-10 17:04:41:157
1.205684,2.766402,4.19402,-0.639476,7.85404,5.837425,-2.731743,-5.563492,-0.900405,-0.828219,1.566026,8.534913,17.0,28.575,-6.675,-1.125,293.61,-34.6082,51.6902,5.0,35.62785,48.8439,2.3533363,307.0968,NaN,,44.303226,,0 / 25,8633,2022-01-10 17:04:41:162
1.205684,2.766402,4.19402,-0.639476,7.85404,5.837425,-2.731743,-5.563492,-0.900405,-0.828219,1.566026,8.534913,17.0,28.575,-6.675,-1.125,293.61,-34.6082,51.6902,5.0,35.62785,48.8439,2.3533363,307.0968,NaN,,44.303226,,0 / 25,8637,2022-01-10 17:04:41:166
1.205684,2.766402,4.19402,-0.639476,7.85404,5.837425,-2.731743,-5.563492,-0.900405,-0.828219,1.566026,8.534913,17.0,28.575,-6.675,-1.125,293.61,-34.6082,51.6902,5.0,35.62785,48.8439,2.3533363,307.0968,NaN,,44.303226,,0 / 25,8643,2022-01-10 17:04:41:172
1.205684,2.766402,4.19402,-0.639476,7.85404,5.837425,-2.731743,-5.563492,-0.900405,-0.828219,1.566026,8.534913,17.0,28.575,-6.675,-1.125,293.61,-34.6082,51.6902,5.0,35.62785,48.8439,2.3533363,307.0968,NaN,,44.303226,,0 / 25,8648,2022-01-10 17:04:41:177
1.205684,2.766402,4.19402,-0.639476,7.85404,5.837425,-2.731743,-5.563492,-0.900405,-0.828219,1.566026,8.534913,17.0,28.575,-6.675,-1.125,293.61,-34.6082,51.6902,5.0,35.62785,48.8439,2.3533363,307.0968,NaN,,44.303226,,0 / 25,8652,2022-01-10 17:04:41:181
1.205684,2.766402,4.19402,-0.639476,7.85404,5.837425,-2.731743,-5.563492,-0.900405,-0.828219,1.566026,8.534913,17.0,28.575,-6.675,-1.125,293.61,-34.6082,51.6902,5.0,35.62785,48.8439,2.3533363,307.0968,NaN,,44.303226,,0 / 25,8657,2022-01-10 17:04:41:186
1.205684,2.766402,4.19402,-0.639476,7.85404,5.837425,-2.731743,-5.563492,-0.900405,-0.828219,1.566026,8.534913,17.0,28.575,-6.675,-1.125,293.61,-34.6082,51.6902,5.0,35.62785,48.8439,2.3533363,307.0968,NaN,,44.303226,,0 / 25,8663,2022-01-10 17:04:41:192
1.205684,2.766402,4.19402,-0.639476,7.85404,5.837425,-2.731743,-5.563492,-0.900405,-0.828219,1.566026,8.534913,17.0,28.575,-6.675,-1.125,293.61,-34.6082,51.6902,5.0,35.62785,48.8439,2.3533363,307.0968,NaN,,44.303226,,0 / 25,8668,2022-01-10 17:04:41:197
1.205684,2.766402,4.19402,-0.639476,7.85404,5.837425,-2.731743,-5.563492,-0.900405,-0.828219,1.566026,8.534913,17.0,28.575,-6.675,-1.125,293.61,-34.6082,51.6902,5.0,35.62785,48.8439,2.3533363,307.0968,NaN,,44.303226,,0 / 25,8672,2022-01-10 17:04:41:201
1.205684,2.766402,4.19402,-0.639476,7.85404,5.837425,-2.731743,-5.563492,-0.900405,-0.828219,1.566026,8.534913,17.0,28.575,-6.675,-1.125,293.61,-34.6082,51.6902,5.0,35.62785,48.8439,2.3533363,307.0968,NaN,,44.303226,,0 / 25,8680,2022-01-10 17:04:41:209
1.205684,2.766402,4.19402,-0.639476,7.85404,5.837425,-2.731743,-5.563492,-0.900405,-0.828219,1.566026,8.534913,17.0,28.575,-6.675,-1.125,293.61,-34.6082,51.6902,5.0,35.62785,48.8439,2.3533363,307.0968,NaN,,44.303226,,0 / 25,8683,2022-01-10 17:04:41:212
1.434497,2.678765,11.212767,-0.639476,7.85404,5.837425,-2.731743,-5.563492,-0.900405,-0.828219,1.566026,8.534913,17.0,28.575,-6.675,-1.125,293.61,-34.6082,51.6902,5.0,35.62785,48.8439,2.3533363,307.0968,NaN,,44.303226,,0 / 25,8687,2022-01-10 17:04:41:216
1.434497,2.678765,11.212767,-0.639476,7.85404,5.837425,-2.731743,-5.563492,-0.900405,-0.828219,1.566026,8.534913,17.0,28.575,-6.675,-1.125,293.61,-34.6082,51.6902,5.0,35.62785,48.8439,2.3533363,307.0968,NaN,,44.303226,,0 / 25,8692,2022-01-10 17:04:41:221
1.434497,2.678765,11.212767,-0.639476,7.85404,5.837425,-2.731743,-5.563492,-0.900405,-0.828219,1.566026,8.534913,17.0,28.575,-6.675,-1.125,293.61,-34.6082,51.6902,5.0,35.62785,48.8439,2.3533363,307.0968,NaN,,44.303226,,0 / 25,8697,2022-01-10 17:04:41:226
1.434497,2.678765,11.212767,-0.639476,7.85404,5.837425,-2.731743,-5.563492,-0.900405,2.195712,10.378432,0.277493,17.0,28.575,-6.675,-1.125,293.61,-34.6082,51.6902,5.0,35.62785,48.8439,2.3533363,307.0968,NaN,,44.303226,,0 / 25,8704,2022-01-10 17:04:41:233
1.434497,2.678765,11.212767,-0.639476,7.85404,5.837425,-2.731743,-5.563492,-0.900405,2.195712,10.378432,0.277493,205.0,28.575,-6.675,-1.125,293.61,-34.6082,51.6902,5.0,35.62785,48.8439,2.3533363,307.0968,NaN,,44.303226,,0 / 25,8708,2022-01-10 17:04:41:237
1.434497,2.678765,11.212767,-0.639476,7.85404,5.837425,-2.731743,-5.563492,-0.900405,2.195712,10.378432,0.277493,205.0,28.575,-6.675,-1.125,293.61,-34.6082,51.6902,5.0,35.62785,48.8439,2.3533363,307.0968,NaN,,44.303226,,0 / 25,8713,2022-01-10 17:04:41:242
1.434497,2.678765,11.212767,-0.639476,7.85404,5.837425,-2.731743,-5.563492,-0.900405,2.195712,10.378432,0.277493,205.0,28.575,-6.675,-1.125,293.61,-34.6082,51.6902,5.0,35.62785,48.8439,2.3533363,307.0968,NaN,,44.303226,,0 / 25,8717,2022-01-10 17:04:41:246
1.434497,2.678765,11.212767,-0.639476,7.85404,5.837425,-2.731743,-5.563492,-0.900405,2.195712,10.378432,0.277493,205.0,28.575,-6.675,-1.125,293.61,-34.6082,51.6902,5.0,35.62785,48.8439,2.3533363,307.0968,NaN,,44.303226,,0 / 25,8724,2022-01-10 17:04:41:253
1.434497,2.678765,11.212767,-0.639476,7.85404,5.837425,-2.731743,-5.563492,-0.900405,2.195712,10.378432,0.277493,205.0,28.575,-6.675,-1.125,293.61,-34.6082,51.6902,5.0,35.62785,48.8439,2.3533363,307.0968,NaN,,44.303226,,0 / 25,8728,2022-01-10 17:04:41:257
1.434497,2.678765,11.212767,-4.874028,8.42723,1.181538,5.474126,-4.666858,9.921046,2.195712,10.378432,0.277493,205.0,29.475,-8.4,-13.275,14.3011,-59.2424,76.3735,5.0,35.62785,48.8439,2.3533363,307.0968,NaN,,44.303226,,0 / 25,8734,2022-01-10 17:04:41:263
1.434497,2.678765,11.212767,-4.874028,8.42723,1.181538,5.474126,-4.666858,9.921046,2.195712,10.378432,0.277493,205.0,29.475,-8.4,-13.275,14.3011,-59.2424,76.3735,5.0,35.62785,48.8439,2.3533363,307.0968,NaN,,44.303226,,0 / 25,8739,2022-01-10 17:04:41:268
1.434497,2.678765,11.212767,-4.874028,8.42723,1.181538,5.474126,-4.666858,9.921046,2.195712,10.378432,0.277493,205.0,29.475,-8.4,-13.275,14.3011,-59.2424,76.3735,5.0,35.62785,48.8439,2.3533363,307.0968,NaN,,44.303226,,0 / 25,8743,2022-01-10 17:04:41:272
1.434497,2.678765,11.212767,-4.874028,8.42723,1.181538,5.474126,-4.666858,9.921046,2.195712,10.378432,0.277493,205.0,29.475,-8.4,-13.275,14.3011,-59.2424,76.3735,5.0,35.62785,48.8439,2.3533363,307.0968,NaN,,44.303226,,0 / 25,8748,2022-01-10 17:04:41:277
1.434497,2.678765,11.212767,-4.874028,8.42723,1.181538,5.474126,-4.666858,9.921046,2.195712,10.378432,0.277493,205.0,29.475,-8.4,-13.275,14.3011,-59.2424,76.3735,5.0,49.38474,48.8439,2.3533363,307.0968,NaN,,44.303226,,0 / 25,8752,2022-01-10 17:04:41:281
1.434497,2.678765,11.212767,-4.874028,8.42723,1.181538,5.474126,-4.666858,9.921046,2.195712,10.378432,0.277493,205.0,29.475,-8.4,-13.275,14.3011,-59.2424,76.3735,5.0,49.38474,48.8439,2.3533363,307.0968,NaN,,44.303226,,0 / 25,8759,2022-01-10 17:04:41:288
1.434497,2.678765,11.212767,-4.874028,8.42723,1.181538,5.474126,-4.666858,9.921046,2.195712,10.378432,0.277493,205.0,29.475,-8.4,-13.275,14.3011,-59.2424,76.3735,5.0,49.38474,48.8439,2.3533363,307.0968,NaN,,44.303226,,0 / 25,8763,2022-01-10 17:04:41:292
1.434497,2.678765,11.212767,-4.874028,8.42723,1.181538,5.474126,-4.666858,9.921046,2.195712,10.378432,0.277493,205.0,29.475,-8.4,-13.275,14.3011,-59.2424,76.3735,5.0,49.38474,48.8439,2.3533363,307.0968,NaN,,44.303226,,0 / 25,8768,2022-01-10 17:04:41:297
1.434497,2.678765,11.212767,-4.874028,8.42723,1.181538,5.474126,-4.666858,9.921046,2.195712,10.378432,0.277493,205.0,29.475,-8.4,-13.275,14.3011,-59.2424,76.3735,5.0,49.38474,48.8439,2.3533363,307.0968,NaN,,44.303226,,0 / 25,8774,2022-01-10 17:04:41:303
1.434497,2.678765,11.212767,-4.874028,8.42723,1.181538,5.474126,-4.666858,9.921046,2.195712,10.378432,0.277493,205.0,29.475,-8.4,-13.275,14.3011,-59.2424,76.3735,5.0,49.38474,48.8439,2.3533363,307.0968,NaN,,44.303226,,0 / 25,8778,2022-01-10 17:04:41:307
1.434497,2.678765,11.212767,-4.874028,8.42723,1.181538,5.474126,-4.666858,9.921046,2.195712,10.378432,0.277493,205.0,29.475,-8.4,-13.275,14.3011,-59.2424,76.3735,5.0,49.38474,48.8439,2.3533363,307.0968,NaN,,44.303226,,0 / 25,8783,2022-01-10 17:04:41:312
1.434497,2.678765,11.212767,-4.874028,8.42723,1.181538,5.474126,-4.666858,9.921046,2.195712,10.378432,0.277493,205.0,29.475,-8.4,-13.275,14.3011,-59.2424,76.3735,5.0,49.38474,48.8439,2.3533363,307.0968,NaN,,44.303226,,0 / 25,8789,2022-01-10 17:04:41:318
-4.206881,1.997409,1.803291,-4.874028,8.42723,1.181538,5.474126,-4.666858,9.921046,2.195712,10.378432,0.277493,205.0,29.475,-8.4,-13.275,14.3011,-59.2424,76.3735,5.0,49.38474,48.8439,2.3533363,307.0968,NaN,,44.303226,,0 / 25,8792,2022-01-10 17:04:41:321
-4.206881,1.997409,1.803291,-4.874028,8.42723,1.181538,5.474126,-4.666858,9.921046,2.195712,10.378432,0.277493,205.0,29.475,-8.4,-13.275,14.3011,-59.2424,76.3735,5.0,49.38474,48.8439,2.3533363,307.0968,NaN,,44.303226,,0 / 25,8798,2022-01-10 17:04:41:327
-4.206881,1.997409,1.803291,-4.874028,8.42723,1.181538,5.474126,-4.666858,9.921046,2.195712,10.378432,0.277493,205.0,29.475,-8.4,-13.275,14.3011,-59.2424,76.3735,5.0,49.38474,48.8439,2.3533363,307.0968,NaN,,44.303226,,0 / 25,8803,2022-01-10 17:04:41:332
-4.206881,1.997409,1.803291,-4.874028,8.42723,1.181538,5.474126,-4.666858,9.921046,2.195712,10.378432,0.277493,205.0,29.475,-8.4,-13.275,14.3011,-59.2424,76.3735,5.0,49.38474,48.8439,2.3533363,307.0968,NaN,,44.303226,,0 / 25,8808,2022-01-10 17:04:41:337
-4.206881,1.997409,1.803291,-4.874028,8.42723,1.181538,5.474126,-4.666858,9.921046,2.195712,10.378432,0.277493,205.0,29.475,-8.4,-13.275,14.3011,-59.2424,76.3735,5.0,49.38474,48.8439,2.3533363,307.0968,NaN,,44.303226,,0 / 25,8813,2022-01-10 17:04:41:342
-4.206881,1.997409,1.803291,-4.874028,8.42723,1.181538,5.474126,-4.666858,9.921046,2.195712,10.378432,0.277493,205.0,29.475,-8.4,-13.275,14.3011,-59.2424,76.3735,5.0,49.38474,48.8439,2.3533363,307.0968,NaN,,44.303226,,0 / 25,8819,2022-01-10 17:04:41:348
-4.206881,1.997409,1.803291,-4.874028,8.42723,1.181538,5.474126,-4.666858,9.921046,2.195712,10.378432,0.277493,205.0,29.475,-8.4,-13.275,14.3011,-59.2424,76.3735,5.0,49.38474,48.8439,2.3533363,307.0968,NaN,,44.303226,,0 / 25,8823,2022-01-10 17:04:41:352
-4.206881,1.997409,1.803291,-4.874028,8.42723,1.181538,5.474126,-4.666858,9.921046,6.61523,4.877836,-1.292261,205.0,29.475,-8.4,-13.275,14.3011,-59.2424,76.3735,5.0,49.38474,48.8439,2.3533363,307.0968,NaN,,44.303226,,0 / 25,8827,2022-01-10 17:04:41:356
-4.206881,1.997409,1.803291,-4.874028,8.42723,1.181538,5.474126,-4.666858,9.921046,6.61523,4.877836,-1.292261,205.0,29.475,-8.4,-13.275,14.3011,-59.2424,76.3735,5.0,49.38474,48.8439,2.3533363,307.0968,NaN,,44.303226,,0 / 25,8837,2022-01-10 17:04:41:366
-4.206881,1.997409,1.803291,-4.874028,8.42723,1.181538,5.474126,-4.666858,9.921046,6.61523,4.877836,-1.292261,205.0,27.3,-15.0,-10.425,11.2351,-59.2424,76.3735,5.0,49.38474,48.8439,2.3533363,307.0968,NaN,,44.303226,,0 / 25,8856,2022-01-10 17:04:41:385
-4.206881,1.997409,1.803291,-4.874028,8.42723,1.181538,5.474126,-4.666858,9.921046,6.61523,4.877836,-1.292261,205.0,27.3,-15.0,-10.425,11.2351,-59.2424,76.3735,5.0,49.38474,48.8439,2.3533363,307.0968,NaN,,44.303226,,0 / 25,8857,2022-01-10 17:04:41:386
-4.206881,1.997409,1.803291,-4.874028,8.42723,1.181538,5.474126,-4.666858,9.921046,6.61523,4.877836,-1.292261,205.0,27.3,-15.0,-10.425,11.2351,-59.2424,76.3735,5.0,49.38474,48.8439,2.3533363,307.0968,NaN,,44.303226,,0 / 25,8857,2022-01-10 17:04:41:386
-4.206881,1.997409,1.803291,-4.874028,8.42723,1.181538,5.474126,-4.666858,9.921046,6.61523,4.877836,-1.292261,205.0,27.3,-15.0,-10.425,11.2351,-59.2424,76.3735,5.0,49.38474,48.8439,2.3533363,307.0968,NaN,,44.303226,,0 / 25,8857,2022-01-10 17:04:41:386
-4.206881,1.997409,1.803291,-4.874028,8.42723,1.181538,5.474126,-4.666858,9.921046,6.61523,4.877836,-1.292261,205.0,27.3,-15.0,-10.425,11.2351,-59.2424,76.3735,5.0,49.38474,48.8439,2.3533363,307.0968,NaN,,44.303226,,0 / 25,8858,2022-01-10 17:04:41:387
-4.206881,1.997409,1.803291,-4.874028,8.42723,1.181538,5.474126,-4.666858,9.921046,6.61523,4.877836,-1.292261,205.0,27.3,-15.0,-10.425,11.2351,-59.2424,76.3735,5.0,49.38474,48.8439,2.3533363,307.0968,NaN,,44.303226,,0 / 25,8863,2022-01-10 17:04:41:392
-4.206881,1.997409,1.803291,-4.084743,4.776925,-7.527699,-0.617624,-1.927278,7.46888,6.61523,4.877836,-1.292261,205.0,27.3,-15.0,-10.425,11.2351,-59.2424,76.3735,5.0,49.38474,48.8439,2.3533363,307.0968,NaN,,44.303226,,0 / 25,8869,2022-01-10 17:04:41:398
-4.206881,1.997409,1.803291,-4.084743,4.776925,-7.527699,-0.617624,-1.927278,7.46888,6.61523,4.877836,-1.292261,205.0,27.3,-15.0,-10.425,11.2351,-59.2424,76.3735,5.0,49.38474,48.8439,2.3533363,307.0968,NaN,,44.303226,,0 / 25,8873,2022-01-10 17:04:41:402
-4.206881,1.997409,1.803291,-4.084743,4.776925,-7.527699,-0.617624,-1.927278,7.46888,6.61523,4.877836,-1.292261,205.0,27.3,-15.0,-10.425,11.2351,-59.2424,76.3735,5.0,49.38474,48.8439,2.3533363,307.0968,NaN,,44.303226,,0 / 25,8878,2022-01-10 17:04:41:407
-10.256536,1.962713,-9.099606,-4.084743,4.776925,-7.527699,-0.617624,-1.927278,7.46888,6.61523,4.877836,-1.292261,11.0,27.3,-15.0,-10.425,11.2351,-59.2424,76.3735,5.0,49.38474,48.8439,2.3533363,307.0968,NaN,,44.303226,,0 / 25,8885,2022-01-10 17:04:41:414
-10.256536,1.962713,-9.099606,-4.084743,4.776925,-7.527699,-0.617624,-1.927278,7.46888,6.61523,4.877836,-1.292261,11.0,27.3,-15.0,-10.425,11.2351,-59.2424,76.3735,5.0,49.38474,48.8439,2.3533363,307.0968,NaN,,44.303226,,0 / 25,8888,2022-01-10 17:04:41:417
-10.256536,1.962713,-9.099606,-4.084743,4.776925,-7.527699,-0.617624,-1.927278,7.46888,6.61523,4.877836,-1.292261,11.0,27.3,-15.0,-10.425,11.2351,-59.2424,76.3735,5.0,49.38474,48.8439,2.3533363,307.0968,NaN,,44.303226,,0 / 25,8893,2022-01-10 17:04:41:422
-10.256536,1.962713,-9.099606,-4.084743,4.776925,-7.527699,-0.617624,-1.927278,7.46888,6.61523,4.877836,-1.292261,11.0,27.3,-15.0,-10.425,11.2351,-59.2424,76.3735,5.0,49.38474,48.8439,2.3533363,307.0968,NaN,,44.303226,,0 / 25,8898,2022-01-10 17:04:41:427
-10.256536,1.962713,-9.099606,-4.084743,4.776925,-7.527699,-0.617624,-1.927278,7.46888,6.61523,4.877836,-1.292261,11.0,27.3,-15.0,-10.425,11.2351,-59.2424,76.3735,5.0,49.38474,48.8439,2.3533363,307.0968,NaN,,44.303226,,0 / 25,8903,2022-01-10 17:04:41:432
-10.256536,1.962713,-9.099606,-4.084743,4.776925,-7.527699,-0.617624,-1.927278,7.46888,6.61523,4.877836,-1.292261,11.0,27.3,-15.0,-10.425,11.2351,-59.2424,76.3735,5.0,49.38474,48.8439,2.3533363,307.0968,NaN,,44.303226,,0 / 25,8908,2022-01-10 17:04:41:437
-10.256536,1.962713,-9.099606,-4.084743,4.776925,-7.527699,-0.617624,-1.927278,7.46888,6.61523,4.877836,-1.292261,11.0,27.3,-15.0,-10.425,11.2351,-59.2424,76.3735,5.0,49.38474,48.8439,2.3533363,307.0968,NaN,,44.303226,,0 / 25,8913,2022-01-10 17:04:41:442
-10.256536,1.962713,-9.099606,-4.084743,4.776925,-7.527699,-0.617624,-1.927278,7.46888,6.61523,4.877836,-1.292261,11.0,27.3,-15.0,-10.425,11.2351,-59.2424,76.3735,5.0,49.38474,48.8439,2.3533363,307.0968,NaN,,44.303226,,0 / 25,8918,2022-01-10 17:04:41:447
-10.256536,1.962713,-9.099606,-4.084743,4.776925,-7.527699,-0.617624,-1.927278,7.46888,6.61523,4.877836,-1.292261,11.0,27.3,-15.0,-10.425,11.2351,-59.2424,76.3735,5.0,49.38474,48.8439,2.3533363,307.0968,NaN,,44.303226,,0 / 25,8923,2022-01-10 17:04:41:452
-10.256536,1.962713,-9.099606,-4.084743,4.776925,-7.527699,-0.617624,-1.927278,7.46888,6.61523,4.877836,-1.292261,11.0,27.3,-15.0,-10.425,11.2351,-59.2424,76.3735,5.0,49.38474,48.8439,2.3533363,307.0968,NaN,,44.303226,,0 / 25,8929,2022-01-10 17:04:41:458
-10.256536,1.962713,-9.099606,-4.084743,4.776925,-7.527699,-0.617624,-1.927278,7.46888,6.61523,4.877836,-1.292261,11.0,27.3,-15.0,-10.425,11.2351,-59.2424,76.3735,5.0,49.38474,48.8439,2.3533363,307.0968,NaN,,44.303226,,0 / 25,8933,2022-01-10 17:04:41:462
-10.256536,1.962713,-9.099606,-4.084743,4.776925,-7.527699,-0.617624,-1.927278,7.46888,6.61523,4.877836,-1.292261,11.0,27.3,-15.0,-10.425,11.2351,-59.2424,76.3735,5.0,49.38474,48.8439,2.3533363,307.0968,NaN,,44.303226,,0 / 25,8938,2022-01-10 17:04:41:467
-10.256536,1.962713,-9.099606,-4.084743,4.776925,-7.527699,-0.617624,-1.927278,7.46888,6.61523,4.877836,-1.292261,11.0,27.3,-15.0,-10.425,11.2351,-59.2424,76.3735,5.0,49.38474,48.8439,2.3533363,307.0968,NaN,,44.303226,,0 / 25,8943,2022-01-10 17:04:41:472
-10.256536,1.962713,-9.099606,-4.084743,4.776925,-7.527699,-0.617624,-1.927278,7.46888,6.61523,4.877836,-1.292261,11.0,27.3,-15.0,-10.425,11.2351,-59.2424,76.3735,5.0,49.38474,48.8439,2.3533363,307.0968,NaN,,44.303226,,0 / 25,8948,2022-01-10 17:04:41:477
-10.256536,1.962713,-9.099606,-4.084743,4.776925,-7.527699,-0.617624,-1.927278,7.46888,6.61523,4.877836,-1.292261,11.0,27.3,-15.0,-10.425,11.2351,-59.2424,76.3735,5.0,49.38474,48.8439,2.3533363,307.0968,NaN,,44.303226,,0 / 25,8952,2022-01-10 17:04:41:481
-10.256536,1.962713,-9.099606,-4.084743,4.776925,-7.527699,-0.617624,-1.927278,7.46888,6.61523,4.877836,-1.292261,11.0,27.3,-15.0,-10.425,11.2351,-59.2424,76.3735,5.0,49.38474,48.8439,2.3533363,307.0968,NaN,,44.303226,,0 / 25,8958,2022-01-10 17:04:41:487
-10.256536,1.962713,-9.099606,-4.084743,4.776925,-7.527699,-0.617624,-1.927278,7.46888,6.61523,4.877836,-1.292261,11.0,27.3,-15.0,-10.425,11.2351,-59.2424,76.3735,5.0,49.38474,48.8439,2.3533363,307.0968,NaN,,44.303226,,0 / 25,8962,2022-01-10 17:04:41:491
-10.256536,1.962713,-9.099606,-4.084743,4.776925,-7.527699,-0.617624,-1.927278,7.46888,6.61523,4.877836,-1.292261,11.0,27.3,-15.0,-10.425,11.2351,-59.2424,76.3735,5.0,49.38474,48.8439,2.3533363,307.0968,NaN,,44.303226,,0 / 25,8969,2022-01-10 17:04:41:498
-10.256536,1.962713,-9.099606,-4.084743,4.776925,-7.527699,-0.617624,-1.927278,7.46888,6.61523,4.877836,-1.292261,11.0,27.3,-15.0,-10.425,11.2351,-59.2424,76.3735,5.0,49.38474,48.8439,2.3533363,307.0968,NaN,,44.303226,,0 / 25,8973,2022-01-10 17:04:41:502
-10.917851,4.326822,-2.202892,-7.651897,1.66122,-5.904168,-2.691215,0.756683,-2.013679,1.76376,-5.877023,-7.99E-4,11.0,27.3,-15.0,-10.425,11.2351,-59.2424,76.3735,5.0,49.38474,48.8439,2.3533363,307.0968,NaN,,44.303226,,0 / 25,8978,2022-01-10 17:04:41:507
-10.917851,4.326822,-2.202892,-7.651897,1.66122,-5.904168,-2.691215,0.756683,-2.013679,1.76376,-5.877023,-7.99E-4,11.0,27.3,-15.0,-10.425,11.2351,-59.2424,76.3735,5.0,49.38474,48.8439,2.3533363,307.0968,NaN,,44.303226,,0 / 25,8982,2022-01-10 17:04:41:511
-10.917851,4.326822,-2.202892,-7.651897,1.66122,-5.904168,-2.691215,0.756683,-2.013679,1.76376,-5.877023,-7.99E-4,11.0,27.3,-15.0,-10.425,11.2351,-59.2424,76.3735,5.0,49.38474,48.8439,2.3533363,307.0968,NaN,,44.303226,,0 / 25,8987,2022-01-10 17:04:41:516
-10.917851,4.326822,-2.202892,-7.651897,1.66122,-5.904168,-2.691215,0.756683,-2.013679,1.76376,-5.877023,-7.99E-4,11.0,26.325,-13.875,3.675,127.893,-9.7528,127.6536,5.0,49.38474,48.8439,2.3533363,307.0968,NaN,,44.303226,,0 / 25,8993,2022-01-10 17:04:41:522
-10.917851,4.326822,-2.202892,-7.651897,1.66122,-5.904168,-2.691215,0.756683,-2.013679,1.76376,-5.877023,-7.99E-4,11.0,26.325,-13.875,3.675,127.893,-9.7528,127.6536,5.0,49.38474,48.8439,2.3533363,307.0968,NaN,,44.303226,,0 / 25,8998,2022-01-10 17:04:41:527
-10.917851,4.326822,-2.202892,-7.651897,1.66122,-5.904168,-2.691215,0.756683,-2.013679,1.76376,-5.877023,-7.99E-4,11.0,26.325,-13.875,3.675,127.893,-9.7528,127.6536,5.0,49.38474,48.8439,2.3533363,307.0968,NaN,,44.303226,,0 / 25,9003,2022-01-10 17:04:41:532
-10.917851,4.326822,-2.202892,-7.651897,1.66122,-5.904168,-2.691215,0.756683,-2.013679,1.76376,-5.877023,-7.99E-4,11.0,26.325,-13.875,3.675,127.893,-9.7528,127.6536,5.0,49.38474,48.8439,2.3533363,307.0968,NaN,,44.303226,,0 / 25,9008,2022-01-10 17:04:41:537
-10.917851,4.326822,-2.202892,-7.651897,1.66122,-5.904168,-2.691215,0.756683,-2.013679,1.76376,-5.877023,-7.99E-4,11.0,26.325,-13.875,3.675,127.893,-9.7528,127.6536,5.0,49.38474,48.8439,2.3533363,307.0968,NaN,,44.303226,,0 / 25,9013,2022-01-10 17:04:41:542
-10.917851,4.326822,-2.202892,-7.651897,1.66122,-5.904168,-2.691215,0.756683,-2.013679,1.76376,-5.877023,-7.99E-4,11.0,26.325,-13.875,3.675,127.893,-9.7528,127.6536,5.0,49.38474,48.8439,2.3533363,307.0968,NaN,,44.303226,,0 / 25,9018,2022-01-10 17:04:41:547
-10.917851,4.326822,-2.202892,-7.651897,1.66122,-5.904168,-2.691215,0.756683,-2.013679,1.76376,-5.877023,-7.99E-4,11.0,26.325,-13.875,3.675,127.893,-9.7528,127.6536,5.0,49.38474,48.8439,2.3533363,307.0968,NaN,,44.303226,,0 / 25,9023,2022-01-10 17:04:41:552
-10.917851,4.326822,-2.202892,-7.651897,1.66122,-5.904168,-2.691215,0.756683,-2.013679,1.76376,-5.877023,-7.99E-4,11.0,26.325,-13.875,3.675,127.893,-9.7528,127.6536,5.0,49.38474,48.8439,2.3533363,307.0968,NaN,,44.303226,,0 / 25,9028,2022-01-10 17:04:41:557
-10.917851,4.326822,-2.202892,-7.651897,1.66122,-5.904168,-2.691215,0.756683,-2.013679,1.76376,-5.877023,-7.99E-4,11.0,26.325,-13.875,3.675,127.893,-9.7528,127.6536,5.0,49.38474,48.8439,2.3533363,307.0968,NaN,,44.303226,,0 / 25,9032,2022-01-10 17:04:41:561
-10.917851,4.326822,-2.202892,-7.651897,1.66122,-5.904168,-2.691215,0.756683,-2.013679,1.76376,-5.877023,-7.99E-4,11.0,26.325,-13.875,3.675,127.893,-9.7528,127.6536,5.0,49.38474,48.8439,2.3533363,307.0968,NaN,,44.303226,,0 / 25,9038,2022-01-10 17:04:41:567
-10.917851,4.326822,-2.202892,-7.651897,1.66122,-5.904168,-2.691215,0.756683,-2.013679,1.76376,-5.877023,-7.99E-4,11.0,26.325,-13.875,3.675,127.893,-9.7528,127.6536,5.0,49.38474,48.8439,2.3533363,307.0968,NaN,,44.303226,,0 / 25,9042,2022-01-10 17:04:41:571
-10.917851,4.326822,-2.202892,-7.651897,1.66122,-5.904168,-2.691215,0.756683,-2.013679,1.76376,-5.877023,-7.99E-4,11.0,26.325,-13.875,3.675,127.893,-9.7528,127.6536,5.0,49.38474,48.8439,2.3533363,307.0968,NaN,,44.303226,,0 / 25,9048,2022-01-10 17:04:41:577
-10.917851,4.326822,-2.202892,-7.651897,1.66122,-5.904168,-2.691215,0.756683,-2.013679,1.76376,-5.877023,-7.99E-4,11.0,26.325,-13.875,3.675,127.893,-9.7528,127.6536,5.0,49.38474,48.8439,2.3533363,307.0968,NaN,,44.303226,,0 / 25,9052,2022-01-10 17:04:41:581
-10.917851,4.326822,-2.202892,-7.651897,1.66122,-5.904168,-2.691215,0.756683,-2.013679,1.76376,-5.877023,-7.99E-4,11.0,26.325,-13.875,3.675,127.893,-9.7528,127.6536,5.0,68.68245,48.8439,2.3533363,307.0968,NaN,,44.303226,,0 / 25,9058,2022-01-10 17:04:41:587
-10.917851,4.326822,-2.202892,-7.651897,1.66122,-5.904168,-2.691215,0.756683,-2.013679,1.76376,-5.877023,-7.99E-4,27.0,26.325,-13.875,3.675,127.893,-9.7528,127.6536,5.0,68.68245,48.8439,2.3533363,307.0968,NaN,,44.303226,,0 / 25,9063,2022-01-10 17:04:41:592
-10.917851,4.326822,-2.202892,-7.651897,1.66122,-5.904168,-2.691215,0.756683,-2.013679,1.76376,-5.877023,-7.99E-4,27.0,26.325,-13.875,3.675,127.893,-9.7528,127.6536,5.0,68.68245,48.8439,2.3533363,307.0968,NaN,,44.303226,,0 / 25,9067,2022-01-10 17:04:41:596
-10.917851,4.326822,-2.202892,-7.651897,1.66122,-5.904168,-2.691215,0.756683,-2.013679,1.76376,-5.877023,-7.99E-4,27.0,26.325,-13.875,3.675,127.893,-9.7528,127.6536,5.0,68.68245,48.8439,2.3533363,307.0968,NaN,,44.303226,,0 / 25,9072,2022-01-10 17:04:41:601
-10.917851,4.326822,-2.202892,-7.651897,1.66122,-5.904168,-2.691215,0.756683,-2.013679,1.76376,-5.877023,-7.99E-4,27.0,26.325,-13.875,3.675,127.893,-9.7528,127.6536,5.0,68.68245,48.8439,2.3533363,307.0968,NaN,,44.303226,,0 / 25,9077,2022-01-10 17:04:41:606
-10.917851,4.326822,-2.202892,-7.651897,1.66122,-5.904168,-2.691215,0.756683,-2.013679,1.76376,-5.877023,-7.99E-4,27.0,26.325,-13.875,3.675,127.893,-9.7528,127.6536,5.0,68.68245,48.8439,2.3533363,307.0968,NaN,,44.303226,,0 / 25,9083,2022-01-10 17:04:41:612
-10.917851,4.326822,-2.202892,-7.651897,1.66122,-5.904168,-2.691215,0.756683,-2.013679,1.76376,-5.877023,-7.99E-4,27.0,26.325,-13.875,3.675,127.893,-9.7528,127.6536,5.0,68.68245,48.8439,2.3533363,307.0968,NaN,,44.303226,,0 / 25,9088,2022-01-10 17:04:41:617
-10.917851,4.326822,-2.202892,-7.651897,1.66122,-5.904168,-2.691215,0.756683,-2.013679,1.76376,-5.877023,-7.99E-4,27.0,26.325,-13.875,3.675,127.893,-9.7528,127.6536,5.0,68.68245,48.8439,2.3533363,307.0968,NaN,,44.303226,,0 / 25,9093,2022-01-10 17:04:41:622
-10.917851,4.326822,-2.202892,-7.651897,1.66122,-5.904168,-2.691215,0.756683,-2.013679,1.76376,-5.877023,-7.99E-4,27.0,26.325,-13.875,3.675,127.893,-9.7528,127.6536,5.0,68.68245,48.8439,2.3533363,307.0968,NaN,,44.303226,,0 / 25,9098,2022-01-10 17:04:41:627
-7.513762,4.062116,2.235794,-7.651897,1.66122,-5.904168,-2.691215,0.756683,-2.013679,1.76376,-5.877023,-7.99E-4,27.0,26.325,-13.875,3.675,127.893,-9.7528,127.6536,5.0,68.68245,48.8439,2.3533363,307.0968,NaN,,44.303226,,0 / 25,9103,2022-01-10 17:04:41:632
-7.513762,4.062116,2.235794,-7.651897,1.66122,-5.904168,-2.691215,0.756683,-2.013679,1.76376,-5.877023,-7.99E-4,27.0,26.325,-13.875,3.675,127.893,-9.7528,127.6536,5.0,68.68245,48.8439,2.3533363,307.0968,NaN,,44.303226,,0 / 25,9108,2022-01-10 17:04:41:637
-7.513762,4.062116,2.235794,-8.956021,2.890546,2.757682,-0.903886,1.882883,-3.60814,-1.078415,-7.44012,1.14699,27.0,26.325,-13.875,3.675,127.893,-9.7528,127.6536,5.0,68.68245,48.8439,2.3533363,307.0968,NaN,,44.303226,,0 / 25,9113,2022-01-10 17:04:41:642
-7.513762,4.062116,2.235794,-8.956021,2.890546,2.757682,-0.903886,1.882883,-3.60814,-1.078415,-7.44012,1.14699,27.0,26.325,-13.875,3.675,127.893,-9.7528,127.6536,5.0,68.68245,48.8439,2.3533363,307.0968,NaN,,44.303226,,0 / 25,9117,2022-01-10 17:04:41:646
-7.513762,4.062116,2.235794,-8.956021,2.890546,2.757682,-0.903886,1.882883,-3.60814,-1.078415,-7.44012,1.14699,27.0,26.325,-13.875,3.675,127.893,-9.7528,127.6536,5.0,68.68245,48.8439,2.3533363,307.0968,NaN,,44.303226,,0 / 25,9122,2022-01-10 17:04:41:651
-7.513762,4.062116,2.235794,-8.956021,2.890546,2.757682,-0.903886,1.882883,-3.60814,-1.078415,-7.44012,1.14699,27.0,26.325,-13.875,3.675,127.893,-9.7528,127.6536,5.0,68.68245,48.8439,2.3533363,307.0968,NaN,,44.303226,,0 / 25,9127,2022-01-10 17:04:41:656
-7.513762,4.062116,2.235794,-8.956021,2.890546,2.757682,-0.903886,1.882883,-3.60814,-1.078415,-7.44012,1.14699,27.0,26.325,-13.875,3.675,127.893,-9.7528,127.6536,5.0,68.68245,48.8439,2.3533363,307.0968,NaN,,44.303226,,0 / 25,9134,2022-01-10 17:04:41:663
-7.513762,4.062116,2.235794,-8.956021,2.890546,2.757682,-0.903886,1.882883,-3.60814,-1.078415,-7.44012,1.14699,27.0,30.45,-7.725,9.225,270.0849,-17.1428,72.8857,5.0,68.68245,48.8439,2.3533363,307.0968,NaN,,44.303226,,0 / 25,9139,2022-01-10 17:04:41:668
-7.513762,4.062116,2.235794,-8.956021,2.890546,2.757682,-0.903886,1.882883,-3.60814,-1.078415,-7.44012,1.14699,27.0,30.45,-7.725,9.225,270.0849,-17.1428,72.8857,5.0,68.68245,48.8439,2.3533363,307.0968,NaN,,44.303226,,0 / 25,9143,2022-01-10 17:04:41:672
-7.513762,4.062116,2.235794,-8.956021,2.890546,2.757682,-0.903886,1.882883,-3.60814,-1.078415,-7.44012,1.14699,27.0,30.45,-7.725,9.225,270.0849,-17.1428,72.8857,5.0,68.68245,48.8439,2.3533363,307.0968,NaN,,44.303226,,0 / 25,9149,2022-01-10 17:04:41:678
-7.513762,4.062116,2.235794,-8.956021,2.890546,2.757682,-0.903886,1.882883,-3.60814,-1.078415,-7.44012,1.14699,27.0,30.45,-7.725,9.225,270.0849,-17.1428,72.8857,5.0,68.68245,48.8439,2.3533363,307.0968,NaN,,44.303226,,0 / 25,9152,2022-01-10 17:04:41:681
-7.513762,4.062116,2.235794,-8.956021,2.890546,2.757682,-0.903886,1.882883,-3.60814,-1.078415,-7.44012,1.14699,27.0,30.45,-7.725,9.225,270.0849,-17.1428,72.8857,5.0,68.68245,48.8439,2.3533363,307.0968,NaN,,44.303226,,0 / 25,9157,2022-01-10 17:04:41:686
-7.513762,4.062116,2.235794,-8.956021,2.890546,2.757682,-0.903886,1.882883,-3.60814,-1.078415,-7.44012,1.14699,27.0,30.45,-7.725,9.225,270.0849,-17.1428,72.8857,5.0,68.68245,48.8439,2.3533363,307.0968,NaN,,44.303226,,0 / 25,9163,2022-01-10 17:04:41:692
-7.513762,4.062116,2.235794,-8.956021,2.890546,2.757682,-0.903886,1.882883,-3.60814,-1.078415,-7.44012,1.14699,27.0,30.45,-7.725,9.225,270.0849,-17.1428,72.8857,5.0,68.68245,48.8439,2.3533363,307.0968,NaN,,44.303226,,0 / 25,9168,2022-01-10 17:04:41:697
-7.513762,4.062116,2.235794,-8.956021,2.890546,2.757682,-0.903886,1.882883,-3.60814,-1.078415,-7.44012,1.14699,27.0,30.45,-7.725,9.225,270.0849,-17.1428,72.8857,5.0,68.68245,48.8439,2.3533363,307.0968,NaN,,44.303226,,0 / 25,9173,2022-01-10 17:04:41:702
-7.513762,4.062116,2.235794,-8.956021,2.890546,2.757682,-0.903886,1.882883,-3.60814,-1.078415,-7.44012,1.14699,27.0,30.45,-7.725,9.225,270.0849,-17.1428,72.8857,5.0,68.68245,48.8439,2.3533363,307.0968,NaN,,44.303226,,0 / 25,9177,2022-01-10 17:04:41:706
-7.513762,4.062116,2.235794,-8.956021,2.890546,2.757682,-0.903886,1.882883,-3.60814,-1.078415,-7.44012,1.14699,27.0,30.45,-7.725,9.225,270.0849,-17.1428,72.8857,5.0,68.68245,48.8439,2.3533363,307.0968,NaN,,44.303226,,0 / 25,9182,2022-01-10 17:04:41:711
-7.513762,4.062116,2.235794,-8.956021,2.890546,2.757682,-0.903886,1.882883,-3.60814,-1.078415,-7.44012,1.14699,27.0,30.45,-7.725,9.225,270.0849,-17.1428,72.8857,5.0,68.68245,48.8439,2.3533363,307.0968,NaN,,44.303226,,0 / 25,9188,2022-01-10 17:04:41:717
-7.513762,4.062116,2.235794,-8.956021,2.890546,2.757682,-0.903886,1.882883,-3.60814,-1.078415,-7.44012,1.14699,27.0,30.45,-7.725,9.225,270.0849,-17.1428,72.8857,5.0,68.68245,48.8439,2.3533363,307.0968,NaN,,44.303226,,0 / 25,9192,2022-01-10 17:04:41:721
-4.98066,2.048854,6.093622,-8.956021,2.890546,2.757682,-0.903886,1.882883,-3.60814,-1.078415,-7.44012,1.14699,27.0,30.45,-7.725,9.225,270.0849,-17.1428,72.8857,5.0,68.68245,48.8439,2.3533363,307.0968,NaN,,44.303226,,0 / 25,9198,2022-01-10 17:04:41:727
-4.98066,2.048854,6.093622,-8.956021,2.890546,2.757682,-0.903886,1.882883,-3.60814,-1.078415,-7.44012,1.14699,27.0,30.45,-7.725,9.225,270.0849,-17.1428,72.8857,5.0,68.68245,48.8439,2.3533363,307.0968,NaN,,44.303226,,0 / 25,9202,2022-01-10 17:04:41:731
-4.98066,2.048854,6.093622,-8.956021,2.890546,2.757682,-0.903886,1.882883,-3.60814,-1.078415,-7.44012,1.14699,27.0,30.45,-7.725,9.225,270.0849,-17.1428,72.8857,5.0,68.68245,48.8439,2.3533363,307.0968,NaN,,44.303226,,0 / 25,9208,2022-01-10 17:04:41:737
-4.98066,2.048854,6.093622,-8.956021,2.890546,2.757682,-0.903886,1.882883,-3.60814,-1.078415,-7.44012,1.14699,27.0,30.45,-7.725,9.225,270.0849,-17.1428,72.8857,5.0,68.68245,48.8439,2.3533363,307.0968,NaN,,44.303226,,0 / 25,9212,2022-01-10 17:04:41:741
-4.98066,2.048854,6.093622,-8.956021,2.890546,2.757682,-0.903886,1.882883,-3.60814,-1.078415,-7.44012,1.14699,27.0,30.45,-7.725,9.225,270.0849,-17.1428,72.8857,5.0,68.68245,48.8439,2.3533363,307.0968,NaN,,44.303226,,0 / 25,9218,2022-01-10 17:04:41:747
-4.98066,2.048854,6.093622,-4.505979,2.479267,8.349837,-3.543874,1.813004,-2.117401,-1.078415,-7.44012,1.14699,27.0,30.45,-7.725,9.225,270.0849,-17.1428,72.8857,5.0,68.68245,48.8439,2.3533363,307.0968,NaN,,44.303226,,0 / 25,9225,2022-01-10 17:04:41:754
-4.98066,2.048854,6.093622,-4.505979,2.479267,8.349837,-3.543874,1.813004,-2.117401,-1.078415,-7.44012,1.14699,27.0,30.45,-7.725,9.225,270.0849,-17.1428,72.8857,5.0,68.68245,48.8439,2.3533363,307.0968,NaN,,44.303226,,0 / 25,9228,2022-01-10 17:04:41:757
-4.98066,2.048854,6.093622,-4.505979,2.479267,8.349837,-3.543874,1.813004,-2.117401,-1.078415,-7.44012,1.14699,27.0,30.45,-7.725,9.225,270.0849,-17.1428,72.8857,5.0,68.68245,48.8439,2.3533363,307.0968,NaN,,44.303226,,0 / 25,9234,2022-01-10 17:04:41:763
-4.98066,2.048854,6.093622,-4.505979,2.479267,8.349837,-3.543874,1.813004,-2.117401,-1.078415,-7.44012,1.14699,159.0,30.45,-7.725,9.225,270.0849,-17.1428,72.8857,5.0,68.68245,48.8439,2.3533363,307.0968,NaN,,44.303226,,0 / 25,9238,2022-01-10 17:04:41:767
-4.98066,2.048854,6.093622,-4.505979,2.479267,8.349837,-3.543874,1.813004,-2.117401,-2.886116,-4.890884,1.383738,159.0,30.45,-7.725,9.225,270.0849,-17.1428,72.8857,5.0,68.68245,48.8439,2.3533363,307.0968,NaN,,44.303226,,0 / 25,9243,2022-01-10 17:04:41:772
-4.98066,2.048854,6.093622,-4.505979,2.479267,8.349837,-3.543874,1.813004,-2.117401,-2.886116,-4.890884,1.383738,159.0,30.45,-7.725,9.225,270.0849,-17.1428,72.8857,5.0,68.68245,48.8439,2.3533363,307.0968,NaN,,44.303226,,0 / 25,9248,2022-01-10 17:04:41:777
-4.98066,2.048854,6.093622,-4.505979,2.479267,8.349837,-3.543874,1.813004,-2.117401,-2.886116,-4.890884,1.383738,159.0,29.325,0.9,4.05,277.3961,-14.6441,28.3535,5.0,68.68245,48.8439,2.3533363,307.0968,NaN,,44.303226,,0 / 25,9252,2022-01-10 17:04:41:781
-4.98066,2.048854,6.093622,-4.505979,2.479267,8.349837,-3.543874,1.813004,-2.117401,-2.886116,-4.890884,1.383738,159.0,29.325,0.9,4.05,277.3961,-14.6441,28.3535,5.0,68.68245,48.8439,2.3533363,307.0968,NaN,,44.303226,,0 / 25,9257,2022-01-10 17:04:41:786
-4.98066,2.048854,6.093622,-4.505979,2.479267,8.349837,-3.543874,1.813004,-2.117401,-2.886116,-4.890884,1.383738,159.0,29.325,0.9,4.05,277.3961,-14.6441,28.3535,5.0,68.68245,48.8439,2.3533363,307.0968,NaN,,44.303226,,0 / 25,9270,2022-01-10 17:04:41:799
-4.98066,2.048854,6.093622,-4.505979,2.479267,8.349837,-3.543874,1.813004,-2.117401,-2.886116,-4.890884,1.383738,159.0,29.325,0.9,4.05,277.3961,-14.6441,28.3535,5.0,68.68245,48.8439,2.3533363,307.0968,NaN,,44.303226,,0 / 25,9271,2022-01-10 17:04:41:800
-4.98066,2.048854,6.093622,-4.505979,2.479267,8.349837,-3.543874,1.813004,-2.117401,-2.886116,-4.890884,1.383738,159.0,29.325,0.9,4.05,277.3961,-14.6441,28.3535,5.0,68.68245,48.8439,2.3533363,307.0968,NaN,,44.303226,,0 / 25,9273,2022-01-10 17:04:41:802
-4.98066,2.048854,6.093622,-4.505979,2.479267,8.349837,-3.543874,1.813004,-2.117401,-2.886116,-4.890884,1.383738,159.0,29.325,0.9,4.05,277.3961,-14.6441,28.3535,5.0,68.68245,48.8439,2.3533363,307.0968,NaN,,44.303226,,0 / 25,9277,2022-01-10 17:04:41:806
-0.898804,-2.19362,12.506387,-4.505979,2.479267,8.349837,-3.543874,1.813004,-2.117401,-2.886116,-4.890884,1.383738,159.0,29.325,0.9,4.05,277.3961,-14.6441,28.3535,5.0,68.68245,48.8439,2.3533363,307.0968,NaN,,44.303226,,0 / 25,9284,2022-01-10 17:04:41:813
-0.898804,-2.19362,12.506387,-4.505979,2.479267,8.349837,-3.543874,1.813004,-2.117401,-2.886116,-4.890884,1.383738,159.0,29.325,0.9,4.05,277.3961,-14.6441,28.3535,5.0,68.68245,48.8439,2.3533363,307.0968,NaN,,44.303226,,0 / 25,9287,2022-01-10 17:04:41:816
-0.898804,-2.19362,12.506387,-4.505979,2.479267,8.349837,-3.543874,1.813004,-2.117401,-2.886116,-4.890884,1.383738,159.0,29.325,0.9,4.05,277.3961,-14.6441,28.3535,5.0,68.68245,48.8439,2.3533363,307.0968,NaN,,44.303226,,0 / 25,9293,2022-01-10 17:04:41:822
-0.898804,-2.19362,12.506387,-4.505979,2.479267,8.349837,-3.543874,1.813004,-2.117401,-2.886116,-4.890884,1.383738,159.0,29.325,0.9,4.05,277.3961,-14.6441,28.3535,5.0,68.68245,48.8439,2.3533363,307.0968,NaN,,44.303226,,0 / 25,9297,2022-01-10 17:04:41:826
-0.898804,-2.19362,12.506387,-4.505979,2.479267,8.349837,-3.543874,1.813004,-2.117401,-2.886116,-4.890884,1.383738,159.0,29.325,0.9,4.05,277.3961,-14.6441,28.3535,5.0,68.68245,48.8439,2.3533363,307.0968,NaN,,44.303226,,0 / 25,9303,2022-01-10 17:04:41:832
-0.898804,-2.19362,12.506387,-4.505979,2.479267,8.349837,-3.543874,1.813004,-2.117401,-2.886116,-4.890884,1.383738,159.0,29.325,0.9,4.05,277.3961,-14.6441,28.3535,5.0,68.68245,48.8439,2.3533363,307.0968,NaN,,44.303226,,0 / 25,9307,2022-01-10 17:04:41:836
-0.898804,-2.19362,12.506387,-4.505979,2.479267,8.349837,-3.543874,1.813004,-2.117401,-2.886116,-4.890884,1.383738,159.0,29.325,0.9,4.05,277.3961,-14.6441,28.3535,5.0,68.68245,48.8439,2.3533363,307.0968,NaN,,44.303226,,0 / 25,9312,2022-01-10 17:04:41:841
-0.898804,-2.19362,12.506387,-4.505979,2.479267,8.349837,-3.543874,1.813004,-2.117401,-2.886116,-4.890884,1.383738,159.0,29.325,0.9,4.05,277.3961,-14.6441,28.3535,5.0,68.68245,48.8439,2.3533363,307.0968,NaN,,44.303226,,0 / 25,9318,2022-01-10 17:04:41:847
-0.898804,-2.19362,12.506387,-4.505979,2.479267,8.349837,-3.543874,1.813004,-2.117401,-2.886116,-4.890884,1.383738,159.0,29.325,0.9,4.05,277.3961,-14.6441,28.3535,5.0,68.68245,48.8439,2.3533363,307.0968,NaN,,44.303226,,0 / 25,9322,2022-01-10 17:04:41:851
-0.898804,-2.19362,12.506387,-4.505979,2.479267,8.349837,-3.543874,1.813004,-2.117401,-2.886116,-4.890884,1.383738,159.0,29.325,0.9,4.05,277.3961,-14.6441,28.3535,5.0,68.68245,48.8439,2.3533363,307.0968,NaN,,44.303226,,0 / 25,9328,2022-01-10 17:04:41:857
-0.898804,-2.19362,12.506387,-4.505979,2.479267,8.349837,-3.543874,1.813004,-2.117401,-2.886116,-4.890884,1.383738,159.0,29.325,0.9,4.05,277.3961,-14.6441,28.3535,5.0,68.68245,48.8439,2.3533363,307.0968,NaN,,44.303226,,0 / 25,9332,2022-01-10 17:04:41:861
-0.898804,-2.19362,12.506387,-4.505979,2.479267,8.349837,-3.543874,1.813004,-2.117401,-2.886116,-4.890884,1.383738,159.0,29.325,0.9,4.05,277.3961,-14.6441,28.3535,5.0,68.68245,48.8439,2.3533363,307.0968,NaN,,44.303226,,0 / 25,9338,2022-01-10 17:04:41:867
-0.898804,-2.19362,12.506387,-4.505979,2.479267,8.349837,-3.543874,1.813004,-2.117401,-2.886116,-4.890884,1.383738,159.0,29.325,0.9,4.05,277.3961,-14.6441,28.3535,5.0,68.68245,48.8439,2.3533363,307.0968,NaN,,44.303226,,0 / 25,9343,2022-01-10 17:04:41:872
-0.898804,-2.19362,12.506387,-4.505979,2.479267,8.349837,-3.543874,1.813004,-2.117401,-2.886116,-4.890884,1.383738,159.0,29.325,0.9,4.05,277.3961,-14.6441,28.3535,5.0,68.68245,48.8439,2.3533363,307.0968,NaN,,44.303226,,0 / 25,9347,2022-01-10 17:04:41:876
-0.898804,-2.19362,12.506387,-0.963509,0.448666,9.748883,-0.115709,-1.463164,3.843832,-2.886116,-4.890884,1.383738,159.0,29.325,0.9,4.05,277.3961,-14.6441,28.3535,5.0,68.68245,48.8439,2.3533363,307.0968,NaN,,44.303226,,0 / 25,9353,2022-01-10 17:04:41:882
-0.898804,-2.19362,12.506387,-0.963509,0.448666,9.748883,-0.115709,-1.463164,3.843832,-2.886116,-4.890884,1.383738,159.0,29.325,0.9,4.05,277.3961,-14.6441,28.3535,5.0,68.68245,48.8439,2.3533363,307.0968,NaN,,44.303226,,0 / 25,9357,2022-01-10 17:04:41:886
-0.898804,-2.19362,12.506387,-0.963509,0.448666,9.748883,-0.115709,-1.463164,3.843832,-2.886116,-4.890884,1.383738,159.0,29.325,0.9,4.05,277.3961,-14.6441,28.3535,5.0,68.68245,48.8439,2.3533363,307.0968,NaN,,44.303226,,0 / 25,9365,2022-01-10 17:04:41:894
1.115953,-1.072583,10.64148,-0.963509,0.448666,9.748883,-0.115709,-1.463164,3.843832,-0.550992,-1.110372,0.339943,159.0,29.325,0.9,4.05,277.3961,-14.6441,28.3535,5.0,68.68245,48.8439,2.3533363,307.0968,NaN,,44.303226,,0 / 25,9368,2022-01-10 17:04:41:897
1.115953,-1.072583,10.64148,-0.963509,0.448666,9.748883,-0.115709,-1.463164,3.843832,-0.550992,-1.110372,0.339943,159.0,29.325,0.9,4.05,277.3961,-14.6441,28.3535,5.0,68.68245,48.8439,2.3533363,307.0968,NaN,,44.303226,,0 / 25,9374,2022-01-10 17:04:41:903
1.115953,-1.072583,10.64148,-0.963509,0.448666,9.748883,-0.115709,-1.463164,3.843832,-0.550992,-1.110372,0.339943,159.0,29.325,0.9,4.05,277.3961,-14.6441,28.3535,5.0,68.68245,48.8439,2.3533363,307.0968,NaN,,44.303226,,0 / 25,9378,2022-01-10 17:04:41:907
1.115953,-1.072583,10.64148,-0.963509,0.448666,9.748883,-0.115709,-1.463164,3.843832,-0.550992,-1.110372,0.339943,159.0,29.325,0.9,4.05,277.3961,-14.6441,28.3535,5.0,68.68245,48.8439,2.3533363,307.0968,NaN,,44.303226,,0 / 25,9382,2022-01-10 17:04:41:911
1.115953,-1.072583,10.64148,-0.963509,0.448666,9.748883,-0.115709,-1.463164,3.843832,-0.550992,-1.110372,0.339943,159.0,29.325,0.9,4.05,277.3961,-14.6441,28.3535,5.0,61.35787,48.8439,2.3533363,307.0968,NaN,,44.303226,,0 / 25,9389,2022-01-10 17:04:41:918
1.115953,-1.072583,10.64148,-0.963509,0.448666,9.748883,-0.115709,-1.463164,3.843832,-0.550992,-1.110372,0.339943,159.0,24.675,7.95,-15.225,290.5791,-2.6223,5.6444,5.0,61.35787,48.8439,2.3533363,307.0968,NaN,,44.303226,,0 / 25,9393,2022-01-10 17:04:41:922
1.115953,-1.072583,10.64148,-0.963509,0.448666,9.748883,-0.115709,-1.463164,3.843832,-0.550992,-1.110372,0.339943,159.0,24.675,7.95,-15.225,290.5791,-2.6223,5.6444,5.0,61.35787,48.8439,2.3533363,307.0968,NaN,,44.303226,,0 / 25,9397,2022-01-10 17:04:41:926
1.115953,-1.072583,10.64148,-0.963509,0.448666,9.748883,-0.115709,-1.463164,3.843832,-0.550992,-1.110372,0.339943,159.0,24.675,7.95,-15.225,290.5791,-2.6223,5.6444,5.0,61.35787,48.8439,2.3533363,307.0968,NaN,,44.303226,,0 / 25,9403,2022-01-10 17:04:41:932
1.115953,-1.072583,10.64148,-0.963509,0.448666,9.748883,-0.115709,-1.463164,3.843832,-0.550992,-1.110372,0.339943,212.0,24.675,7.95,-15.225,290.5791,-2.6223,5.6444,5.0,61.35787,48.8439,2.3533363,307.0968,NaN,,44.303226,,0 / 25,9407,2022-01-10 17:04:41:936
1.115953,-1.072583,10.64148,-0.963509,0.448666,9.748883,-0.115709,-1.463164,3.843832,-0.550992,-1.110372,0.339943,212.0,24.675,7.95,-15.225,290.5791,-2.6223,5.6444,5.0,61.35787,48.8439,2.3533363,307.0968,NaN,,44.303226,,0 / 25,9413,2022-01-10 17:04:41:942
1.115953,-1.072583,10.64148,-0.963509,0.448666,9.748883,-0.115709,-1.463164,3.843832,-0.550992,-1.110372,0.339943,212.0,24.675,7.95,-15.225,290.5791,-2.6223,5.6444,5.0,61.35787,48.8439,2.3533363,307.0968,NaN,,44.303226,,0 / 25,9418,2022-01-10 17:04:41:947
1.115953,-1.072583,10.64148,-0.963509,0.448666,9.748883,-0.115709,-1.463164,3.843832,-0.550992,-1.110372,0.339943,212.0,24.675,7.95,-15.225,290.5791,-2.6223,5.6444,5.0,61.35787,48.8439,2.3533363,307.0968,NaN,,44.303226,,0 / 25,9423,2022-01-10 17:04:41:952
1.115953,-1.072583,10.64148,-0.963509,0.448666,9.748883,-0.115709,-1.463164,3.843832,-0.550992,-1.110372,0.339943,212.0,24.675,7.95,-15.225,290.5791,-2.6223,5.6444,5.0,61.35787,48.8439,2.3533363,307.0968,NaN,,44.303226,,0 / 25,9428,2022-01-10 17:04:41:957
1.115953,-1.072583,10.64148,-0.963509,0.448666,9.748883,-0.115709,-1.463164,3.843832,-0.550992,-1.110372,0.339943,212.0,24.675,7.95,-15.225,290.5791,-2.6223,5.6444,5.0,61.35787,48.8439,2.3533363,307.0968,NaN,,44.303226,,0 / 25,9432,2022-01-10 17:04:41:961
1.115953,-1.072583,10.64148,-0.963509,0.448666,9.748883,-0.115709,-1.463164,3.843832,-0.550992,-1.110372,0.339943,212.0,24.675,7.95,-15.225,290.5791,-2.6223,5.6444,5.0,61.35787,48.8439,2.3533363,307.0968,NaN,,44.303226,,0 / 25,9437,2022-01-10 17:04:41:966
1.115953,-1.072583,10.64148,-0.963509,0.448666,9.748883,-0.115709,-1.463164,3.843832,-0.550992,-1.110372,0.339943,212.0,24.675,7.95,-15.225,290.5791,-2.6223,5.6444,5.0,61.35787,48.8439,2.3533363,307.0968,NaN,,44.303226,,0 / 25,9442,2022-01-10 17:04:41:971
1.115953,-1.072583,10.64148,-0.963509,0.448666,9.748883,-0.115709,-1.463164,3.843832,-0.550992,-1.110372,0.339943,212.0,24.675,7.95,-15.225,290.5791,-2.6223,5.6444,5.0,61.35787,48.8439,2.3533363,307.0968,NaN,,44.303226,,0 / 25,9448,2022-01-10 17:04:41:977
0.800997,-0.653241,11.851352,-0.963509,0.448666,9.748883,-0.115709,-1.463164,3.843832,-0.550992,-1.110372,0.339943,212.0,24.675,7.95,-15.225,290.5791,-2.6223,5.6444,5.0,61.35787,48.8439,2.3533363,307.0968,NaN,,44.303226,,0 / 25,9453,2022-01-10 17:04:41:982
0.800997,-0.653241,11.851352,-0.963509,0.448666,9.748883,-0.115709,-1.463164,3.843832,-0.550992,-1.110372,0.339943,212.0,24.675,7.95,-15.225,290.5791,-2.6223,5.6444,5.0,61.35787,48.8439,2.3533363,307.0968,NaN,,44.303226,,0 / 25,9458,2022-01-10 17:04:41:987
0.800997,-0.653241,11.851352,-0.963509,0.448666,9.748883,-0.115709,-1.463164,3.843832,-0.550992,-1.110372,0.339943,212.0,24.675,7.95,-15.225,290.5791,-2.6223,5.6444,5.0,61.35787,48.8439,2.3533363,307.0968,NaN,,44.303226,,0 / 25,9463,2022-01-10 17:04:41:992
0.800997,-0.653241,11.851352,-1.240243,0.517535,9.714131,1.702389,-1.326827,2.272652,-0.550992,-1.110372,0.339943,212.0,24.675,7.95,-15.225,290.5791,-2.6223,5.6444,5.0,61.35787,48.8439,2.3533363,307.0968,NaN,,44.303226,,0 / 25,9467,2022-01-10 17:04:41:996
0.800997,-0.653241,11.851352,-1.240243,0.517535,9.714131,1.702389,-1.326827,2.272652,-0.550992,-1.110372,0.339943,212.0,24.675,7.95,-15.225,290.5791,-2.6223,5.6444,5.0,61.35787,48.8439,2.3533363,307.0968,NaN,,44.303226,,0 / 25,9473,2022-01-10 17:04:42:002
0.800997,-0.653241,11.851352,-1.240243,0.517535,9.714131,1.702389,-1.326827,2.272652,-0.550992,-1.110372,0.339943,212.0,24.675,7.95,-15.225,290.5791,-2.6223,5.6444,5.0,61.35787,48.8439,2.3533363,307.0968,NaN,,44.303226,,0 / 25,9478,2022-01-10 17:04:42:007
0.800997,-0.653241,11.851352,-1.240243,0.517535,9.714131,1.702389,-1.326827,2.272652,-0.550992,-1.110372,0.339943,212.0,24.675,7.95,-15.225,290.5791,-2.6223,5.6444,5.0,61.35787,48.8439,2.3533363,307.0968,NaN,,44.303226,,0 / 25,9484,2022-01-10 17:04:42:013
0.800997,-0.653241,11.851352,-1.240243,0.517535,9.714131,1.702389,-1.326827,2.272652,-0.550992,-1.110372,0.339943,212.0,24.675,7.95,-15.225,290.5791,-2.6223,5.6444,5.0,61.35787,48.8439,2.3533363,307.0968,NaN,,44.303226,,0 / 25,9488,2022-01-10 17:04:42:017
0.800997,-0.653241,11.851352,-1.240243,0.517535,9.714131,1.702389,-1.326827,2.272652,-0.550992,-1.110372,0.339943,212.0,24.675,7.95,-15.225,290.5791,-2.6223,5.6444,5.0,61.35787,48.8439,2.3533363,307.0968,NaN,,44.303226,,0 / 25,9492,2022-01-10 17:04:42:021
0.800997,-0.653241,11.851352,-1.240243,0.517535,9.714131,1.702389,-1.326827,2.272652,1.091065,0.532617,0.119439,212.0,24.675,7.95,-15.225,290.5791,-2.6223,5.6444,5.0,61.35787,48.8439,2.3533363,307.0968,NaN,,44.303226,,0 / 25,9498,2022-01-10 17:04:42:027
0.800997,-0.653241,11.851352,-1.240243,0.517535,9.714131,1.702389,-1.326827,2.272652,1.091065,0.532617,0.119439,212.0,24.675,7.95,-15.225,290.5791,-2.6223,5.6444,5.0,61.35787,48.8439,2.3533363,307.0968,NaN,,44.303226,,0 / 25,9503,2022-01-10 17:04:42:032
0.800997,-0.653241,11.851352,-1.240243,0.517535,9.714131,1.702389,-1.326827,2.272652,1.091065,0.532617,0.119439,212.0,24.675,7.95,-15.225,290.5791,-2.6223,5.6444,5.0,61.35787,48.8439,2.3533363,307.0968,NaN,,44.303226,,0 / 25,9507,2022-01-10 17:04:42:036
0.800997,-0.653241,11.851352,-1.240243,0.517535,9.714131,1.702389,-1.326827,2.272652,1.091065,0.532617,0.119439,212.0,24.675,7.95,-15.225,290.5791,-2.6223,5.6444,5.0,61.35787,48.8439,2.3533363,307.0968,NaN,,44.303226,,0 / 25,9513,2022-01-10 17:04:42:042
0.800997,-0.653241,11.851352,-1.240243,0.517535,9.714131,1.702389,-1.326827,2.272652,1.091065,0.532617,0.119439,212.0,24.675,7.95,-15.225,290.5791,-2.6223,5.6444,5.0,61.35787,48.8439,2.3533363,307.0968,NaN,,44.303226,,0 / 25,9520,2022-01-10 17:04:42:049
0.800997,-0.653241,11.851352,-1.240243,0.517535,9.714131,1.702389,-1.326827,2.272652,1.091065,0.532617,0.119439,212.0,24.675,7.95,-15.225,290.5791,-2.6223,5.6444,5.0,61.35787,48.8439,2.3533363,307.0968,NaN,,44.303226,,0 / 25,9522,2022-01-10 17:04:42:051
0.800997,-0.653241,11.851352,-1.240243,0.517535,9.714131,1.702389,-1.326827,2.272652,1.091065,0.532617,0.119439,212.0,24.675,7.95,-15.225,290.5791,-2.6223,5.6444,5.0,61.35787,48.8439,2.3533363,307.0968,NaN,,44.303226,,0 / 25,9528,2022-01-10 17:04:42:057
0.800997,-0.653241,11.851352,-1.240243,0.517535,9.714131,1.702389,-1.326827,2.272652,1.091065,0.532617,0.119439,212.0,18.675,8.775,-34.5,306.841,-3.0251,7.2758,5.0,61.35787,48.8439,2.3533363,307.0968,NaN,,44.303226,,0 / 25,9533,2022-01-10 17:04:42:062
5.288737,1.607977,7.928618,-1.240243,0.517535,9.714131,1.702389,-1.326827,2.272652,1.091065,0.532617,0.119439,212.0,18.675,8.775,-34.5,306.841,-3.0251,7.2758,5.0,61.35787,48.8439,2.3533363,307.0968,NaN,,44.303226,,0 / 25,9537,2022-01-10 17:04:42:066
5.288737,1.607977,7.928618,-1.240243,0.517535,9.714131,1.702389,-1.326827,2.272652,1.091065,0.532617,0.119439,212.0,18.675,8.775,-34.5,306.841,-3.0251,7.2758,5.0,61.35787,48.8439,2.3533363,307.0968,NaN,,44.303226,,0 / 25,9543,2022-01-10 17:04:42:072
5.288737,1.607977,7.928618,-1.240243,0.517535,9.714131,1.702389,-1.326827,2.272652,1.091065,0.532617,0.119439,212.0,18.675,8.775,-34.5,306.841,-3.0251,7.2758,5.0,61.35787,48.8439,2.3533363,307.0968,NaN,,44.303226,,0 / 25,9548,2022-01-10 17:04:42:077
5.288737,1.607977,7.928618,-1.240243,0.517535,9.714131,1.702389,-1.326827,2.272652,1.091065,0.532617,0.119439,212.0,18.675,8.775,-34.5,306.841,-3.0251,7.2758,5.0,61.35787,48.8439,2.3533363,307.0968,NaN,,44.303226,,0 / 25,9553,2022-01-10 17:04:42:082
5.288737,1.607977,7.928618,-1.240243,0.517535,9.714131,1.702389,-1.326827,2.272652,1.091065,0.532617,0.119439,212.0,18.675,8.775,-34.5,306.841,-3.0251,7.2758,5.0,61.35787,48.8439,2.3533363,307.0968,NaN,,44.303226,,0 / 25,9557,2022-01-10 17:04:42:086
5.288737,1.607977,7.928618,-1.240243,0.517535,9.714131,1.702389,-1.326827,2.272652,1.091065,0.532617,0.119439,212.0,18.675,8.775,-34.5,306.841,-3.0251,7.2758,5.0,61.35787,48.8439,2.3533363,307.0968,NaN,,44.303226,,0 / 25,9562,2022-01-10 17:04:42:091
5.288737,1.607977,7.928618,-1.240243,0.517535,9.714131,1.702389,-1.326827,2.272652,1.091065,0.532617,0.119439,212.0,18.675,8.775,-34.5,306.841,-3.0251,7.2758,5.0,61.35787,48.8439,2.3533363,307.0968,NaN,,44.303226,,0 / 25,9568,2022-01-10 17:04:42:097
5.288737,1.607977,7.928618,-1.240243,0.517535,9.714131,1.702389,-1.326827,2.272652,1.091065,0.532617,0.119439,212.0,18.675,8.775,-34.5,306.841,-3.0251,7.2758,5.0,61.35787,48.8439,2.3533363,307.0968,NaN,,44.303226,,0 / 25,9572,2022-01-10 17:04:42:101
5.288737,1.607977,7.928618,-1.240243,0.517535,9.714131,1.702389,-1.326827,2.272652,1.091065,0.532617,0.119439,212.0,18.675,8.775,-34.5,306.841,-3.0251,7.2758,5.0,61.35787,48.8439,2.3533363,307.0968,NaN,,44.303226,,0 / 25,9577,2022-01-10 17:04:42:106
5.288737,1.607977,7.928618,-1.240243,0.517535,9.714131,1.702389,-1.326827,2.272652,1.091065,0.532617,0.119439,212.0,18.675,8.775,-34.5,306.841,-3.0251,7.2758,5.0,61.35787,48.8439,2.3533363,307.0968,NaN,,44.303226,,0 / 25,9583,2022-01-10 17:04:42:112
5.288737,1.607977,7.928618,-1.240243,0.517535,9.714131,1.702389,-1.326827,2.272652,1.091065,0.532617,0.119439,164.0,18.675,8.775,-34.5,306.841,-3.0251,7.2758,5.0,61.35787,48.8439,2.3533363,307.0968,NaN,,44.303226,,0 / 25,9587,2022-01-10 17:04:42:116
5.288737,1.607977,7.928618,-1.240243,0.517535,9.714131,1.702389,-1.326827,2.272652,1.091065,0.532617,0.119439,164.0,18.675,8.775,-34.5,306.841,-3.0251,7.2758,5.0,61.35787,48.8439,2.3533363,307.0968,NaN,,44.303226,,0 / 25,9593,2022-01-10 17:04:42:122
5.288737,1.607977,7.928618,-1.240243,0.517535,9.714131,1.702389,-1.326827,2.272652,1.091065,0.532617,0.119439,164.0,18.675,8.775,-34.5,306.841,-3.0251,7.2758,5.0,61.35787,48.8439,2.3533363,307.0968,NaN,,44.303226,,0 / 25,9598,2022-01-10 17:04:42:127
5.288737,1.607977,7.928618,-2.555404,1.748277,9.305042,5.876277,-0.537401,0.040649,1.091065,0.532617,0.119439,164.0,18.675,8.775,-34.5,306.841,-3.0251,7.2758,5.0,61.35787,48.8439,2.3533363,307.0968,NaN,,44.303226,,0 / 25,9602,2022-01-10 17:04:42:131
5.288737,1.607977,7.928618,-2.555404,1.748277,9.305042,5.876277,-0.537401,0.040649,1.091065,0.532617,0.119439,164.0,18.675,8.775,-34.5,306.841,-3.0251,7.2758,5.0,61.35787,48.8439,2.3533363,307.0968,NaN,,44.303226,,0 / 25,9608,2022-01-10 17:04:42:137
5.288737,1.607977,7.928618,-2.555404,1.748277,9.305042,5.876277,-0.537401,0.040649,1.091065,0.532617,0.119439,164.0,18.675,8.775,-34.5,306.841,-3.0251,7.2758,5.0,61.35787,48.8439,2.3533363,307.0968,NaN,,44.303226,,0 / 25,9612,2022-01-10 17:04:42:141
5.288737,1.607977,7.928618,-2.555404,1.748277,9.305042,5.876277,-0.537401,0.040649,1.091065,0.532617,0.119439,164.0,18.675,8.775,-34.5,306.841,-3.0251,7.2758,5.0,61.35787,48.8439,2.3533363,307.0968,NaN,,44.303226,,0 / 25,9617,2022-01-10 17:04:42:146
5.288737,1.607977,7.928618,-2.555404,1.748277,9.305042,5.876277,-0.537401,0.040649,1.091065,0.532617,0.119439,164.0,18.675,8.775,-34.5,306.841,-3.0251,7.2758,5.0,61.35787,48.8439,2.3533363,307.0968,NaN,,44.303226,,0 / 25,9622,2022-01-10 17:04:42:151
5.288737,1.607977,7.928618,-2.555404,1.748277,9.305042,5.876277,-0.537401,0.040649,1.091065,0.532617,0.119439,164.0,18.675,8.775,-34.5,306.841,-3.0251,7.2758,5.0,61.35787,48.8439,2.3533363,307.0968,NaN,,44.303226,,0 / 25,9628,2022-01-10 17:04:42:157
0.282353,1.209273,10.089336,-2.555404,1.748277,9.305042,5.876277,-0.537401,0.040649,0.814637,0.283885,-3.280385,164.0,18.675,8.775,-34.5,306.841,-3.0251,7.2758,5.0,61.35787,48.8439,2.3533363,307.0968,NaN,,44.303226,,0 / 25,9632,2022-01-10 17:04:42:161
0.282353,1.209273,10.089336,-2.555404,1.748277,9.305042,5.876277,-0.537401,0.040649,0.814637,0.283885,-3.280385,164.0,18.675,8.775,-34.5,306.841,-3.0251,7.2758,5.0,61.35787,48.8439,2.3533363,307.0968,NaN,,44.303226,,0 / 25,9637,2022-01-10 17:04:42:166
0.282353,1.209273,10.089336,-2.555404,1.748277,9.305042,5.876277,-0.537401,0.040649,0.814637,0.283885,-3.280385,164.0,18.675,8.775,-34.5,306.841,-3.0251,7.2758,5.0,61.35787,48.8439,2.3533363,307.0968,NaN,,44.303226,,0 / 25,9642,2022-01-10 17:04:42:171
0.282353,1.209273,10.089336,-2.555404,1.748277,9.305042,5.876277,-0.537401,0.040649,0.814637,0.283885,-3.280385,164.0,18.675,8.775,-34.5,306.841,-3.0251,7.2758,5.0,61.35787,48.8439,2.3533363,307.0968,NaN,,44.303226,,0 / 25,9647,2022-01-10 17:04:42:176
0.282353,1.209273,10.089336,-2.555404,1.748277,9.305042,5.876277,-0.537401,0.040649,0.814637,0.283885,-3.280385,164.0,11.4,9.6,-42.0,1.6787,-10.2693,15.3563,5.0,61.35787,48.8439,2.3533363,307.0968,NaN,,44.303226,,0 / 25,9653,2022-01-10 17:04:42:182
0.282353,1.209273,10.089336,-2.555404,1.748277,9.305042,5.876277,-0.537401,0.040649,0.814637,0.283885,-3.280385,164.0,11.4,9.6,-42.0,1.6787,-10.2693,15.3563,5.0,61.35787,48.8439,2.3533363,307.0968,NaN,,44.303226,,0 / 25,9657,2022-01-10 17:04:42:186
0.282353,1.209273,10.089336,-2.555404,1.748277,9.305042,5.876277,-0.537401,0.040649,0.814637,0.283885,-3.280385,164.0,11.4,9.6,-42.0,1.6787,-10.2693,15.3563,5.0,61.35787,48.8439,2.3533363,307.0968,NaN,,44.303226,,0 / 25,9663,2022-01-10 17:04:42:192
0.282353,1.209273,10.089336,-2.555404,1.748277,9.305042,5.876277,-0.537401,0.040649,0.814637,0.283885,-3.280385,164.0,11.4,9.6,-42.0,1.6787,-10.2693,15.3563,5.0,61.35787,48.8439,2.3533363,307.0968,NaN,,44.303226,,0 / 25,9669,2022-01-10 17:04:42:198
0.282353,1.209273,10.089336,-2.555404,1.748277,9.305042,5.876277,-0.537401,0.040649,0.814637,0.283885,-3.280385,164.0,11.4,9.6,-42.0,1.6787,-10.2693,15.3563,5.0,61.35787,48.8439,2.3533363,307.0968,NaN,,44.303226,,0 / 25,9672,2022-01-10 17:04:42:201
0.282353,1.209273,10.089336,-2.555404,1.748277,9.305042,5.876277,-0.537401,0.040649,0.814637,0.283885,-3.280385,164.0,11.4,9.6,-42.0,1.6787,-10.2693,15.3563,5.0,61.35787,48.8439,2.3533363,307.0968,NaN,,44.303226,,0 / 25,9677,2022-01-10 17:04:42:206
0.282353,1.209273,10.089336,-2.555404,1.748277,9.305042,5.876277,-0.537401,0.040649,0.814637,0.283885,-3.280385,164.0,11.4,9.6,-42.0,1.6787,-10.2693,15.3563,5.0,61.35787,48.8439,2.3533363,307.0968,NaN,,44.303226,,0 / 25,9682,2022-01-10 17:04:42:211
0.282353,1.209273,10.089336,-2.555404,1.748277,9.305042,5.876277,-0.537401,0.040649,0.814637,0.283885,-3.280385,164.0,11.4,9.6,-42.0,1.6787,-10.2693,15.3563,5.0,61.35787,48.8439,2.3533363,307.0968,NaN,,44.303226,,0 / 25,9688,2022-01-10 17:04:42:217
0.282353,1.209273,10.089336,-2.555404,1.748277,9.305042,5.876277,-0.537401,0.040649,0.814637,0.283885,-3.280385,164.0,11.4,9.6,-42.0,1.6787,-10.2693,15.3563,5.0,61.35787,48.8439,2.3533363,307.0968,NaN,,44.303226,,0 / 25,9693,2022-01-10 17:04:42:222
0.282353,1.209273,10.089336,-2.555404,1.748277,9.305042,5.876277,-0.537401,0.040649,0.814637,0.283885,-3.280385,164.0,11.4,9.6,-42.0,1.6787,-10.2693,15.3563,5.0,61.35787,48.8439,2.3533363,307.0968,NaN,,44.303226,,0 / 25,9698,2022-01-10 17:04:42:227
0.282353,1.209273,10.089336,-2.555404,1.748277,9.305042,5.876277,-0.537401,0.040649,0.814637,0.283885,-3.280385,164.0,11.4,9.6,-42.0,1.6787,-10.2693,15.3563,5.0,61.35787,48.8439,2.3533363,307.0968,NaN,,44.303226,,0 / 25,9702,2022-01-10 17:04:42:231
0.282353,1.209273,10.089336,-3.142264,1.249686,9.205154,4.823076,0.038899,1.492335,0.814637,0.283885,-3.280385,164.0,11.4,9.6,-42.0,1.6787,-10.2693,15.3563,5.0,40.33989,48.8439,2.3533363,307.0968,NaN,,44.303226,,0 / 25,9708,2022-01-10 17:04:42:237
0.282353,1.209273,10.089336,-3.142264,1.249686,9.205154,4.823076,0.038899,1.492335,0.814637,0.283885,-3.280385,164.0,11.4,9.6,-42.0,1.6787,-10.2693,15.3563,5.0,40.33989,48.8439,2.3533363,307.0968,NaN,,44.303226,,0 / 25,9713,2022-01-10 17:04:42:242
0.282353,1.209273,10.089336,-3.142264,1.249686,9.205154,4.823076,0.038899,1.492335,0.814637,0.283885,-3.280385,164.0,11.4,9.6,-42.0,1.6787,-10.2693,15.3563,5.0,40.33989,48.8439,2.3533363,307.0968,NaN,,44.303226,,0 / 25,9718,2022-01-10 17:04:42:247
0.282353,1.209273,10.089336,-3.142264,1.249686,9.205154,4.823076,0.038899,1.492335,0.814637,0.283885,-3.280385,164.0,11.4,9.6,-42.0,1.6787,-10.2693,15.3563,5.0,40.33989,48.8439,2.3533363,307.0968,NaN,,44.303226,,0 / 25,9722,2022-01-10 17:04:42:251
0.282353,1.209273,10.089336,-3.142264,1.249686,9.205154,4.823076,0.038899,1.492335,0.814637,0.283885,-3.280385,164.0,11.4,9.6,-42.0,1.6787,-10.2693,15.3563,5.0,40.33989,48.8439,2.3533363,307.0968,NaN,,44.303226,,0 / 25,9728,2022-01-10 17:04:42:257
0.282353,1.209273,10.089336,-3.142264,1.249686,9.205154,4.823076,0.038899,1.492335,0.814637,0.283885,-3.280385,164.0,11.4,9.6,-42.0,1.6787,-10.2693,15.3563,5.0,40.33989,48.8439,2.3533363,307.0968,NaN,,44.303226,,0 / 25,9732,2022-01-10 17:04:42:261
-0.778864,-2.415255,8.62822,-3.142264,1.249686,9.205154,4.823076,0.038899,1.492335,0.814637,0.283885,-3.280385,164.0,11.4,9.6,-42.0,1.6787,-10.2693,15.3563,5.0,40.33989,48.8439,2.3533363,307.0968,NaN,,44.303226,,0 / 25,9737,2022-01-10 17:04:42:266
-0.778864,-2.415255,8.62822,-3.142264,1.249686,9.205154,4.823076,0.038899,1.492335,0.814637,0.283885,-3.280385,164.0,11.4,9.6,-42.0,1.6787,-10.2693,15.3563,5.0,40.33989,48.8439,2.3533363,307.0968,NaN,,44.303226,,0 / 25,9742,2022-01-10 17:04:42:271
-0.778864,-2.415255,8.62822,-3.142264,1.249686,9.205154,4.823076,0.038899,1.492335,0.814637,0.283885,-3.280385,164.0,11.4,9.6,-42.0,1.6787,-10.2693,15.3563,5.0,40.33989,48.8439,2.3533363,307.0968,NaN,,44.303226,,0 / 25,9748,2022-01-10 17:04:42:277
-0.778864,-2.415255,8.62822,-3.142264,1.249686,9.205154,4.823076,0.038899,1.492335,0.814637,0.283885,-3.280385,164.0,11.4,9.6,-42.0,1.6787,-10.2693,15.3563,5.0,40.33989,48.8439,2.3533363,307.0968,NaN,,44.303226,,0 / 25,9753,2022-01-10 17:04:42:282
-0.778864,-2.415255,8.62822,-3.142264,1.249686,9.205154,4.823076,0.038899,1.492335,0.814637,0.283885,-3.280385,164.0,11.4,9.6,-42.0,1.6787,-10.2693,15.3563,5.0,40.33989,48.8439,2.3533363,307.0968,NaN,,44.303226,,0 / 25,9758,2022-01-10 17:04:42:287
-0.778864,-2.415255,8.62822,-3.142264,1.249686,9.205154,4.823076,0.038899,1.492335,0.814637,0.283885,-3.280385,164.0,11.4,9.6,-42.0,1.6787,-10.2693,15.3563,5.0,40.33989,48.8439,2.3533363,307.0968,NaN,,44.303226,,0 / 25,9762,2022-01-10 17:04:42:291
-0.778864,-2.415255,8.62822,-3.142264,1.249686,9.205154,4.823076,0.038899,1.492335,-0.168307,-0.231954,-5.767305,164.0,11.4,9.6,-42.0,1.6787,-10.2693,15.3563,5.0,40.33989,48.8439,2.3533363,307.0968,NaN,,44.303226,,0 / 25,9768,2022-01-10 17:04:42:297
-0.778864,-2.415255,8.62822,-3.142264,1.249686,9.205154,4.823076,0.038899,1.492335,-0.168307,-0.231954,-5.767305,164.0,11.4,9.6,-42.0,1.6787,-10.2693,15.3563,5.0,40.33989,48.8439,2.3533363,307.0968,NaN,,44.303226,,0 / 25,9772,2022-01-10 17:04:42:301
-0.778864,-2.415255,8.62822,-3.142264,1.249686,9.205154,4.823076,0.038899,1.492335,-0.168307,-0.231954,-5.767305,164.0,11.4,9.6,-42.0,1.6787,-10.2693,15.3563,5.0,40.33989,48.8439,2.3533363,307.0968,NaN,,44.303226,,0 / 25,9778,2022-01-10 17:04:42:307
-0.778864,-2.415255,8.62822,-3.142264,1.249686,9.205154,4.823076,0.038899,1.492335,-0.168307,-0.231954,-5.767305,164.0,11.4,9.6,-42.0,1.6787,-10.2693,15.3563,5.0,40.33989,48.8439,2.3533363,307.0968,NaN,,44.303226,,0 / 25,9783,2022-01-10 17:04:42:312
-0.778864,-2.415255,8.62822,-3.142264,1.249686,9.205154,4.823076,0.038899,1.492335,-0.168307,-0.231954,-5.767305,164.0,11.4,9.6,-42.0,1.6787,-10.2693,15.3563,5.0,40.33989,48.8439,2.3533363,307.0968,NaN,,44.303226,,0 / 25,9788,2022-01-10 17:04:42:317
-0.778864,-2.415255,8.62822,-3.142264,1.249686,9.205154,4.823076,0.038899,1.492335,-0.168307,-0.231954,-5.767305,164.0,7.65,11.7,-42.6,19.9447,-7.3212,18.8478,5.0,40.33989,48.8439,2.3533363,307.0968,NaN,,44.303226,,0 / 25,9792,2022-01-10 17:04:42:321
-0.778864,-2.415255,8.62822,-3.142264,1.249686,9.205154,4.823076,0.038899,1.492335,-0.168307,-0.231954,-5.767305,164.0,7.65,11.7,-42.6,19.9447,-7.3212,18.8478,5.0,40.33989,48.8439,2.3533363,307.0968,NaN,,44.303226,,0 / 25,9797,2022-01-10 17:04:42:326
-0.778864,-2.415255,8.62822,-3.142264,1.249686,9.205154,4.823076,0.038899,1.492335,-0.168307,-0.231954,-5.767305,164.0,7.65,11.7,-42.6,19.9447,-7.3212,18.8478,5.0,40.33989,48.8439,2.3533363,307.0968,NaN,,44.303226,,0 / 25,9804,2022-01-10 17:04:42:333
-0.778864,-2.415255,8.62822,-3.142264,1.249686,9.205154,4.823076,0.038899,1.492335,-0.168307,-0.231954,-5.767305,164.0,7.65,11.7,-42.6,19.9447,-7.3212,18.8478,5.0,40.33989,48.8439,2.3533363,307.0968,NaN,,44.303226,,0 / 25,9808,2022-01-10 17:04:42:337
-0.778864,-2.415255,8.62822,-3.142264,1.249686,9.205154,4.823076,0.038899,1.492335,-0.168307,-0.231954,-5.767305,164.0,7.65,11.7,-42.6,19.9447,-7.3212,18.8478,5.0,40.33989,48.8439,2.3533363,307.0968,NaN,,44.303226,,0 / 25,9815,2022-01-10 17:04:42:344
-0.778864,-2.415255,8.62822,-3.142264,1.249686,9.205154,4.823076,0.038899,1.492335,-0.168307,-0.231954,-5.767305,164.0,7.65,11.7,-42.6,19.9447,-7.3212,18.8478,5.0,40.33989,48.8439,2.3533363,307.0968,NaN,,44.303226,,0 / 25,9817,2022-01-10 17:04:42:346
-0.778864,-2.415255,8.62822,-3.142264,1.249686,9.205154,4.823076,0.038899,1.492335,-0.168307,-0.231954,-5.767305,164.0,7.65,11.7,-42.6,19.9447,-7.3212,18.8478,5.0,40.33989,48.8439,2.3533363,307.0968,NaN,,44.303226,,0 / 25,9822,2022-01-10 17:04:42:351
-0.778864,-2.415255,8.62822,-3.142264,1.249686,9.205154,4.823076,0.038899,1.492335,-0.168307,-0.231954,-5.767305,164.0,7.65,11.7,-42.6,19.9447,-7.3212,18.8478,5.0,40.33989,48.8439,2.3533363,307.0968,NaN,,44.303226,,0 / 25,9827,2022-01-10 17:04:42:356
-5.38415,-2.968595,9.451052,-3.001387,-1.679438,9.183765,3.228754,-1.822982,0.401937,-0.168307,-0.231954,-5.767305,164.0,7.65,11.7,-42.6,19.9447,-7.3212,18.8478,5.0,40.33989,48.8439,2.3533363,307.0968,NaN,,44.303226,,0 / 25,9833,2022-01-10 17:04:42:362
-5.38415,-2.968595,9.451052,-3.001387,-1.679438,9.183765,3.228754,-1.822982,0.401937,-0.168307,-0.231954,-5.767305,164.0,7.65,11.7,-42.6,19.9447,-7.3212,18.8478,5.0,40.33989,48.8439,2.3533363,307.0968,NaN,,44.303226,,0 / 25,9838,2022-01-10 17:04:42:367
-5.38415,-2.968595,9.451052,-3.001387,-1.679438,9.183765,3.228754,-1.822982,0.401937,-0.168307,-0.231954,-5.767305,164.0,7.65,11.7,-42.6,19.9447,-7.3212,18.8478,5.0,40.33989,48.8439,2.3533363,307.0968,NaN,,44.303226,,0 / 25,9843,2022-01-10 17:04:42:372
-5.38415,-2.968595,9.451052,-3.001387,-1.679438,9.183765,3.228754,-1.822982,0.401937,-0.168307,-0.231954,-5.767305,164.0,7.65,11.7,-42.6,19.9447,-7.3212,18.8478,5.0,40.33989,48.8439,2.3533363,307.0968,NaN,,44.303226,,0 / 25,9849,2022-01-10 17:04:42:378
-5.38415,-2.968595,9.451052,-3.001387,-1.679438,9.183765,3.228754,-1.822982,0.401937,-0.168307,-0.231954,-5.767305,164.0,7.65,11.7,-42.6,19.9447,-7.3212,18.8478,5.0,40.33989,48.8439,2.3533363,307.0968,NaN,,44.303226,,0 / 25,9852,2022-01-10 17:04:42:381
-5.38415,-2.968595,9.451052,-3.001387,-1.679438,9.183765,3.228754,-1.822982,0.401937,-0.168307,-0.231954,-5.767305,164.0,7.65,11.7,-42.6,19.9447,-7.3212,18.8478,5.0,40.33989,48.8439,2.3533363,307.0968,NaN,,44.303226,,0 / 25,9857,2022-01-10 17:04:42:386
-5.38415,-2.968595,9.451052,-3.001387,-1.679438,9.183765,3.228754,-1.822982,0.401937,-0.168307,-0.231954,-5.767305,164.0,7.65,11.7,-42.6,19.9447,-7.3212,18.8478,5.0,40.33989,48.8439,2.3533363,307.0968,NaN,,44.303226,,0 / 25,9863,2022-01-10 17:04:42:392
-5.38415,-2.968595,9.451052,-3.001387,-1.679438,9.183765,3.228754,-1.822982,0.401937,-0.168307,-0.231954,-5.767305,164.0,7.65,11.7,-42.6,19.9447,-7.3212,18.8478,5.0,40.33989,48.8439,2.3533363,307.0968,NaN,,44.303226,,0 / 25,9867,2022-01-10 17:04:42:396
-5.38415,-2.968595,9.451052,-3.001387,-1.679438,9.183765,3.228754,-1.822982,0.401937,-0.168307,-0.231954,-5.767305,164.0,7.65,11.7,-42.6,19.9447,-7.3212,18.8478,5.0,40.33989,48.8439,2.3533363,307.0968,NaN,,44.303226,,0 / 25,9873,2022-01-10 17:04:42:402
-5.38415,-2.968595,9.451052,-3.001387,-1.679438,9.183765,3.228754,-1.822982,0.401937,-0.168307,-0.231954,-5.767305,164.0,7.65,11.7,-42.6,19.9447,-7.3212,18.8478,5.0,40.33989,48.8439,2.3533363,307.0968,NaN,,44.303226,,0 / 25,9878,2022-01-10 17:04:42:407
-5.38415,-2.968595,9.451052,-3.001387,-1.679438,9.183765,3.228754,-1.822982,0.401937,-0.168307,-0.231954,-5.767305,39.0,7.65,11.7,-42.6,19.9447,-7.3212,18.8478,5.0,40.33989,48.8439,2.3533363,307.0968,NaN,,44.303226,,0 / 25,9884,2022-01-10 17:04:42:413
-5.38415,-2.968595,9.451052,-3.001387,-1.679438,9.183765,3.228754,-1.822982,0.401937,-0.168307,-0.231954,-5.767305,39.0,7.65,11.7,-42.6,19.9447,-7.3212,18.8478,5.0,40.33989,48.8439,2.3533363,307.0968,NaN,,44.303226,,0 / 25,9888,2022-01-10 17:04:42:417
-5.38415,-2.968595,9.451052,-3.001387,-1.679438,9.183765,3.228754,-1.822982,0.401937,0.139546,0.48801,-2.511953,39.0,7.65,11.7,-42.6,19.9447,-7.3212,18.8478,5.0,40.33989,48.8439,2.3533363,307.0968,NaN,,44.303226,,0 / 25,9892,2022-01-10 17:04:42:421
-5.38415,-2.968595,9.451052,-3.001387,-1.679438,9.183765,3.228754,-1.822982,0.401937,0.139546,0.48801,-2.511953,39.0,7.65,11.7,-42.6,19.9447,-7.3212,18.8478,5.0,40.33989,48.8439,2.3533363,307.0968,NaN,,44.303226,,0 / 25,9897,2022-01-10 17:04:42:426
-5.38415,-2.968595,9.451052,-3.001387,-1.679438,9.183765,3.228754,-1.822982,0.401937,0.139546,0.48801,-2.511953,39.0,7.65,11.7,-42.6,19.9447,-7.3212,18.8478,5.0,40.33989,48.8439,2.3533363,307.0968,NaN,,44.303226,,0 / 25,9903,2022-01-10 17:04:42:432
-5.38415,-2.968595,9.451052,-3.001387,-1.679438,9.183765,3.228754,-1.822982,0.401937,0.139546,0.48801,-2.511953,39.0,7.65,11.7,-42.6,19.9447,-7.3212,18.8478,5.0,40.33989,48.8439,2.3533363,307.0968,NaN,,44.303226,,0 / 25,9907,2022-01-10 17:04:42:436
-5.38415,-2.968595,9.451052,-3.001387,-1.679438,9.183765,3.228754,-1.822982,0.401937,0.139546,0.48801,-2.511953,39.0,7.65,11.7,-42.6,19.9447,-7.3212,18.8478,5.0,40.33989,48.8439,2.3533363,307.0968,NaN,,44.303226,,0 / 25,9913,2022-01-10 17:04:42:442
-5.38415,-2.968595,9.451052,-3.001387,-1.679438,9.183765,3.228754,-1.822982,0.401937,0.139546,0.48801,-2.511953,39.0,7.65,11.7,-42.6,19.9447,-7.3212,18.8478,5.0,40.33989,48.8439,2.3533363,307.0968,NaN,,44.303226,,0 / 25,9920,2022-01-10 17:04:42:449
-5.38415,-2.968595,9.451052,-3.001387,-1.679438,9.183765,3.228754,-1.822982,0.401937,0.139546,0.48801,-2.511953,39.0,7.65,11.7,-42.6,19.9447,-7.3212,18.8478,5.0,40.33989,48.8439,2.3533363,307.0968,NaN,,44.303226,,0 / 25,9923,2022-01-10 17:04:42:452
-5.38415,-2.968595,9.451052,-3.001387,-1.679438,9.183765,3.228754,-1.822982,0.401937,0.139546,0.48801,-2.511953,39.0,7.65,11.7,-42.6,19.9447,-7.3212,18.8478,5.0,40.33989,48.8439,2.3533363,307.0968,NaN,,44.303226,,0 / 25,9927,2022-01-10 17:04:42:456
-6.305386,-0.28684,8.835198,-3.001387,-1.679438,9.183765,3.228754,-1.822982,0.401937,0.139546,0.48801,-2.511953,39.0,4.65,13.275,-42.075,55.4791,9.8608,18.0981,5.0,40.33989,48.8439,2.3533363,307.0968,NaN,,44.303226,,0 / 25,9932,2022-01-10 17:04:42:461
-6.305386,-0.28684,8.835198,-3.001387,-1.679438,9.183765,3.228754,-1.822982,0.401937,0.139546,0.48801,-2.511953,39.0,4.65,13.275,-42.075,55.4791,9.8608,18.0981,5.0,40.33989,48.8439,2.3533363,307.0968,NaN,,44.303226,,0 / 25,9937,2022-01-10 17:04:42:466
-6.305386,-0.28684,8.835198,-3.001387,-1.679438,9.183765,3.228754,-1.822982,0.401937,0.139546,0.48801,-2.511953,39.0,4.65,13.275,-42.075,55.4791,9.8608,18.0981,5.0,40.33989,48.8439,2.3533363,307.0968,NaN,,44.303226,,0 / 25,9943,2022-01-10 17:04:42:472
-6.305386,-0.28684,8.835198,-3.001387,-1.679438,9.183765,3.228754,-1.822982,0.401937,0.139546,0.48801,-2.511953,39.0,4.65,13.275,-42.075,55.4791,9.8608,18.0981,5.0,40.33989,48.8439,2.3533363,307.0968,NaN,,44.303226,,0 / 25,9948,2022-01-10 17:04:42:477
-6.305386,-0.28684,8.835198,-2.899803,-2.113689,9.126546,-4.006682,1.431693,0.937736,0.139546,0.48801,-2.511953,39.0,4.65,13.275,-42.075,55.4791,9.8608,18.0981,5.0,40.33989,48.8439,2.3533363,307.0968,NaN,,44.303226,,0 / 25,9953,2022-01-10 17:04:42:482
-6.305386,-0.28684,8.835198,-2.899803,-2.113689,9.126546,-4.006682,1.431693,0.937736,0.139546,0.48801,-2.511953,39.0,4.65,13.275,-42.075,55.4791,9.8608,18.0981,5.0,40.33989,48.8439,2.3533363,307.0968,NaN,,44.303226,,0 / 25,9958,2022-01-10 17:04:42:487
-6.305386,-0.28684,8.835198,-2.899803,-2.113689,9.126546,-4.006682,1.431693,0.937736,0.139546,0.48801,-2.511953,39.0,4.65,13.275,-42.075,55.4791,9.8608,18.0981,5.0,40.33989,48.8439,2.3533363,307.0968,NaN,,44.303226,,0 / 25,9963,2022-01-10 17:04:42:492
-6.305386,-0.28684,8.835198,-2.899803,-2.113689,9.126546,-4.006682,1.431693,0.937736,0.139546,0.48801,-2.511953,39.0,4.65,13.275,-42.075,55.4791,9.8608,18.0981,5.0,40.33989,48.8439,2.3533363,307.0968,NaN,,44.303226,,0 / 25,9968,2022-01-10 17:04:42:497
-6.305386,-0.28684,8.835198,-2.899803,-2.113689,9.126546,-4.006682,1.431693,0.937736,0.139546,0.48801,-2.511953,39.0,4.65,13.275,-42.075,55.4791,9.8608,18.0981,5.0,40.33989,48.8439,2.3533363,307.0968,NaN,,44.303226,,0 / 25,9974,2022-01-10 17:04:42:503
-6.305386,-0.28684,8.835198,-2.899803,-2.113689,9.126546,-4.006682,1.431693,0.937736,0.139546,0.48801,-2.511953,39.0,4.65,13.275,-42.075,55.4791,9.8608,18.0981,5.0,40.33989,48.8439,2.3533363,307.0968,NaN,,44.303226,,0 / 25,9978,2022-01-10 17:04:42:507
-6.305386,-0.28684,8.835198,-2.899803,-2.113689,9.126546,-4.006682,1.431693,0.937736,0.139546,0.48801,-2.511953,39.0,4.65,13.275,-42.075,55.4791,9.8608,18.0981,5.0,40.33989,48.8439,2.3533363,307.0968,NaN,,44.303226,,0 / 25,9983,2022-01-10 17:04:42:512
-6.305386,-0.28684,8.835198,-2.899803,-2.113689,9.126546,-4.006682,1.431693,0.937736,0.139546,0.48801,-2.511953,39.0,4.65,13.275,-42.075,55.4791,9.8608,18.0981,5.0,40.33989,48.8439,2.3533363,307.0968,NaN,,44.303226,,0 / 25,9988,2022-01-10 17:04:42:517
-6.305386,-0.28684,8.835198,-2.899803,-2.113689,9.126546,-4.006682,1.431693,0.937736,0.139546,0.48801,-2.511953,39.0,4.65,13.275,-42.075,55.4791,9.8608,18.0981,5.0,40.33989,48.8439,2.3533363,307.0968,NaN,,44.303226,,0 / 25,9993,2022-01-10 17:04:42:522
-6.305386,-0.28684,8.835198,-2.899803,-2.113689,9.126546,-4.006682,1.431693,0.937736,0.139546,0.48801,-2.511953,39.0,4.65,13.275,-42.075,55.4791,9.8608,18.0981,5.0,40.33989,48.8439,2.3533363,307.0968,NaN,,44.303226,,0 / 25,9998,2022-01-10 17:04:42:527
-6.305386,-0.28684,8.835198,-2.899803,-2.113689,9.126546,-4.006682,1.431693,0.937736,0.139546,0.48801,-2.511953,39.0,4.65,13.275,-42.075,55.4791,9.8608,18.0981,5.0,40.33989,48.8439,2.3533363,307.0968,NaN,,44.303226,,0 / 25,10004,2022-01-10 17:04:42:533
-6.305386,-0.28684,8.835198,-2.899803,-2.113689,9.126546,-4.006682,1.431693,0.937736,0.139546,0.48801,-2.511953,39.0,4.65,13.275,-42.075,55.4791,9.8608,18.0981,5.0,40.33989,48.8439,2.3533363,307.0968,NaN,,44.303226,,0 / 25,10012,2022-01-10 17:04:42:541
-6.305386,-0.28684,8.835198,-2.899803,-2.113689,9.126546,-4.006682,1.431693,0.937736,0.139546,0.48801,-2.511953,39.0,4.65,13.275,-42.075,55.4791,9.8608,18.0981,5.0,40.33989,48.8439,2.3533363,307.0968,NaN,,44.303226,,0 / 25,10012,2022-01-10 17:04:42:541
-6.305386,-0.28684,8.835198,-2.899803,-2.113689,9.126546,-4.006682,1.431693,0.937736,0.139546,0.48801,-2.511953,39.0,4.65,13.275,-42.075,55.4791,9.8608,18.0981,5.0,40.33989,48.8439,2.3533363,307.0968,NaN,,44.303226,,0 / 25,10018,2022-01-10 17:04:42:547
-6.305386,-0.28684,8.835198,-2.899803,-2.113689,9.126546,-4.006682,1.431693,0.937736,0.139546,0.48801,-2.511953,39.0,4.65,13.275,-42.075,55.4791,9.8608,18.0981,5.0,40.33989,48.8439,2.3533363,307.0968,NaN,,44.303226,,0 / 25,10023,2022-01-10 17:04:42:552
-1.67348,-4.787739,7.9346,-2.899803,-2.113689,9.126546,-4.006682,1.431693,0.937736,0.421832,-1.275084,4.086101,39.0,4.65,13.275,-42.075,55.4791,9.8608,18.0981,5.0,40.33989,48.8439,2.3533363,307.0968,NaN,,44.303226,,0 / 25,10028,2022-01-10 17:04:42:557
-1.67348,-4.787739,7.9346,-2.899803,-2.113689,9.126546,-4.006682,1.431693,0.937736,0.421832,-1.275084,4.086101,39.0,4.65,13.275,-42.075,55.4791,9.8608,18.0981,5.0,40.33989,48.8439,2.3533363,307.0968,NaN,,44.303226,,0 / 25,10033,2022-01-10 17:04:42:562
-1.67348,-4.787739,7.9346,-2.899803,-2.113689,9.126546,-4.006682,1.431693,0.937736,0.421832,-1.275084,4.086101,39.0,4.65,13.275,-42.075,55.4791,9.8608,18.0981,5.0,32.99103,48.8439,2.3533363,307.0968,NaN,,44.303226,,0 / 25,10037,2022-01-10 17:04:42:566
-1.67348,-4.787739,7.9346,-2.899803,-2.113689,9.126546,-4.006682,1.431693,0.937736,0.421832,-1.275084,4.086101,39.0,4.65,13.275,-42.075,55.4791,9.8608,18.0981,5.0,32.99103,48.8439,2.3533363,307.0968,NaN,,44.303226,,0 / 25,10042,2022-01-10 17:04:42:571
-1.67348,-4.787739,7.9346,-2.899803,-2.113689,9.126546,-4.006682,1.431693,0.937736,0.421832,-1.275084,4.086101,39.0,4.65,13.275,-42.075,55.4791,9.8608,18.0981,5.0,32.99103,48.8439,2.3533363,307.0968,NaN,,44.303226,,0 / 25,10048,2022-01-10 17:04:42:577
-1.67348,-4.787739,7.9346,-2.899803,-2.113689,9.126546,-4.006682,1.431693,0.937736,0.421832,-1.275084,4.086101,39.0,4.65,13.275,-42.075,55.4791,9.8608,18.0981,5.0,32.99103,48.8439,2.3533363,307.0968,NaN,,44.303226,,0 / 25,10053,2022-01-10 17:04:42:582
-1.67348,-4.787739,7.9346,-2.899803,-2.113689,9.126546,-4.006682,1.431693,0.937736,0.421832,-1.275084,4.086101,39.0,1.8,14.85,-41.325,59.8887,12.447,17.6268,5.0,32.99103,48.8439,2.3533363,307.0968,NaN,,44.303226,,0 / 25,10058,2022-01-10 17:04:42:587
-1.67348,-4.787739,7.9346,-2.899803,-2.113689,9.126546,-4.006682,1.431693,0.937736,0.421832,-1.275084,4.086101,39.0,1.8,14.85,-41.325,59.8887,12.447,17.6268,5.0,32.99103,48.8439,2.3533363,307.0968,NaN,,44.303226,,0 / 25,10063,2022-01-10 17:04:42:592
-1.67348,-4.787739,7.9346,-2.899803,-2.113689,9.126546,-4.006682,1.431693,0.937736,0.421832,-1.275084,4.086101,39.0,1.8,14.85,-41.325,59.8887,12.447,17.6268,5.0,32.99103,48.8439,2.3533363,307.0968,NaN,,44.303226,,0 / 25,10068,2022-01-10 17:04:42:597
-1.67348,-4.787739,7.9346,-2.899803,-2.113689,9.126546,-4.006682,1.431693,0.937736,0.421832,-1.275084,4.086101,39.0,1.8,14.85,-41.325,59.8887,12.447,17.6268,5.0,32.99103,48.8439,2.3533363,307.0968,NaN,,44.303226,,0 / 25,10072,2022-01-10 17:04:42:601
-1.67348,-4.787739,7.9346,-2.049079,-0.950016,9.543015,-0.073308,-3.534101,-0.61563,0.421832,-1.275084,4.086101,39.0,1.8,14.85,-41.325,59.8887,12.447,17.6268,5.0,32.99103,48.8439,2.3533363,307.0968,NaN,,44.303226,,0 / 25,10077,2022-01-10 17:04:42:606
-1.67348,-4.787739,7.9346,-2.049079,-0.950016,9.543015,-0.073308,-3.534101,-0.61563,0.421832,-1.275084,4.086101,39.0,1.8,14.85,-41.325,59.8887,12.447,17.6268,5.0,32.99103,48.8439,2.3533363,307.0968,NaN,,44.303226,,0 / 25,10083,2022-01-10 17:04:42:612
-1.67348,-4.787739,7.9346,-2.049079,-0.950016,9.543015,-0.073308,-3.534101,-0.61563,0.421832,-1.275084,4.086101,39.0,1.8,14.85,-41.325,59.8887,12.447,17.6268,5.0,32.99103,48.8439,2.3533363,307.0968,NaN,,44.303226,,0 / 25,10087,2022-01-10 17:04:42:616
-1.67348,-4.787739,7.9346,-2.049079,-0.950016,9.543015,-0.073308,-3.534101,-0.61563,0.421832,-1.275084,4.086101,39.0,1.8,14.85,-41.325,59.8887,12.447,17.6268,5.0,32.99103,48.8439,2.3533363,307.0968,NaN,,44.303226,,0 / 25,10092,2022-01-10 17:04:42:621
-1.67348,-4.787739,7.9346,-2.049079,-0.950016,9.543015,-0.073308,-3.534101,-0.61563,0.421832,-1.275084,4.086101,39.0,1.8,14.85,-41.325,59.8887,12.447,17.6268,5.0,32.99103,48.8439,2.3533363,307.0968,NaN,,44.303226,,0 / 25,10098,2022-01-10 17:04:42:627
-1.67348,-4.787739,7.9346,-2.049079,-0.950016,9.543015,-0.073308,-3.534101,-0.61563,0.421832,-1.275084,4.086101,39.0,1.8,14.85,-41.325,59.8887,12.447,17.6268,5.0,32.99103,48.8439,2.3533363,307.0968,NaN,,44.303226,,0 / 25,10103,2022-01-10 17:04:42:632
-1.67348,-4.787739,7.9346,-2.049079,-0.950016,9.543015,-0.073308,-3.534101,-0.61563,0.421832,-1.275084,4.086101,39.0,1.8,14.85,-41.325,59.8887,12.447,17.6268,5.0,32.99103,48.8439,2.3533363,307.0968,NaN,,44.303226,,0 / 25,10108,2022-01-10 17:04:42:637
-1.67348,-4.787739,7.9346,-2.049079,-0.950016,9.543015,-0.073308,-3.534101,-0.61563,0.421832,-1.275084,4.086101,77.0,1.8,14.85,-41.325,59.8887,12.447,17.6268,5.0,32.99103,48.8439,2.3533363,307.0968,NaN,,44.303226,,0 / 25,10113,2022-01-10 17:04:42:642
-1.67348,-4.787739,7.9346,-2.049079,-0.950016,9.543015,-0.073308,-3.534101,-0.61563,0.421832,-1.275084,4.086101,77.0,1.8,14.85,-41.325,59.8887,12.447,17.6268,5.0,32.99103,48.8439,2.3533363,307.0968,NaN,,44.303226,,0 / 25,10117,2022-01-10 17:04:42:646
-1.67348,-4.787739,7.9346,-2.049079,-0.950016,9.543015,-0.073308,-3.534101,-0.61563,0.421832,-1.275084,4.086101,77.0,1.8,14.85,-41.325,59.8887,12.447,17.6268,5.0,32.99103,48.8439,2.3533363,307.0968,NaN,,44.303226,,0 / 25,10122,2022-01-10 17:04:42:651
-1.67348,-4.787739,7.9346,-2.049079,-0.950016,9.543015,-0.073308,-3.534101,-0.61563,0.421832,-1.275084,4.086101,77.0,1.8,14.85,-41.325,59.8887,12.447,17.6268,5.0,32.99103,48.8439,2.3533363,307.0968,NaN,,44.303226,,0 / 25,10127,2022-01-10 17:04:42:656
0.693021,-3.602095,11.901601,-2.049079,-0.950016,9.543015,-0.073308,-3.534101,-0.61563,0.421832,-1.275084,4.086101,77.0,1.8,14.85,-41.325,59.8887,12.447,17.6268,5.0,32.99103,48.8439,2.3533363,307.0968,NaN,,44.303226,,0 / 25,10133,2022-01-10 17:04:42:662
0.693021,-3.602095,11.901601,-2.049079,-0.950016,9.543015,-0.073308,-3.534101,-0.61563,0.421832,-1.275084,4.086101,77.0,1.8,14.85,-41.325,59.8887,12.447,17.6268,5.0,32.99103,48.8439,2.3533363,307.0968,NaN,,44.303226,,0 / 25,10138,2022-01-10 17:04:42:667
0.693021,-3.602095,11.901601,-2.049079,-0.950016,9.543015,-0.073308,-3.534101,-0.61563,0.421832,-1.275084,4.086101,77.0,1.8,14.85,-41.325,59.8887,12.447,17.6268,5.0,32.99103,48.8439,2.3533363,307.0968,NaN,,44.303226,,0 / 25,10142,2022-01-10 17:04:42:671
0.693021,-3.602095,11.901601,-2.049079,-0.950016,9.543015,-0.073308,-3.534101,-0.61563,0.421832,-1.275084,4.086101,77.0,1.8,14.85,-41.325,59.8887,12.447,17.6268,5.0,32.99103,48.8439,2.3533363,307.0968,NaN,,44.303226,,0 / 25,10148,2022-01-10 17:04:42:677
0.693021,-3.602095,11.901601,-2.049079,-0.950016,9.543015,-0.073308,-3.534101,-0.61563,0.421832,-1.275084,4.086101,77.0,1.8,14.85,-41.325,59.8887,12.447,17.6268,5.0,32.99103,48.8439,2.3533363,307.0968,NaN,,44.303226,,0 / 25,10153,2022-01-10 17:04:42:682
0.693021,-3.602095,11.901601,-2.049079,-0.950016,9.543015,-0.073308,-3.534101,-0.61563,0.421832,-1.275084,4.086101,77.0,1.8,14.85,-41.325,59.8887,12.447,17.6268,5.0,32.99103,48.8439,2.3533363,307.0968,NaN,,44.303226,,0 / 25,10157,2022-01-10 17:04:42:686
0.693021,-3.602095,11.901601,-2.049079,-0.950016,9.543015,-0.073308,-3.534101,-0.61563,0.421832,-1.275084,4.086101,77.0,1.8,14.85,-41.325,59.8887,12.447,17.6268,5.0,32.99103,48.8439,2.3533363,307.0968,NaN,,44.303226,,0 / 25,10163,2022-01-10 17:04:42:692
0.693021,-3.602095,11.901601,-2.049079,-0.950016,9.543015,-0.073308,-3.534101,-0.61563,0.421832,-1.275084,4.086101,77.0,1.8,14.85,-41.325,59.8887,12.447,17.6268,5.0,32.99103,48.8439,2.3533363,307.0968,NaN,,44.303226,,0 / 25,10168,2022-01-10 17:04:42:697
0.693021,-3.602095,11.901601,-2.049079,-0.950016,9.543015,-0.073308,-3.534101,-0.61563,0.421832,-1.275084,4.086101,77.0,1.8,14.85,-41.325,59.8887,12.447,17.6268,5.0,32.99103,48.8439,2.3533363,307.0968,NaN,,44.303226,,0 / 25,10173,2022-01-10 17:04:42:702
0.693021,-3.602095,11.901601,-2.049079,-0.950016,9.543015,-0.073308,-3.534101,-0.61563,-0.915301,-0.856447,1.031412,77.0,1.8,14.85,-41.325,59.8887,12.447,17.6268,5.0,32.99103,48.8439,2.3533363,307.0968,NaN,,44.303226,,0 / 25,10177,2022-01-10 17:04:42:706
0.693021,-3.602095,11.901601,-2.049079,-0.950016,9.543015,-0.073308,-3.534101,-0.61563,-0.915301,-0.856447,1.031412,77.0,1.8,14.85,-41.325,59.8887,12.447,17.6268,5.0,32.99103,48.8439,2.3533363,307.0968,NaN,,44.303226,,0 / 25,10183,2022-01-10 17:04:42:712
0.693021,-3.602095,11.901601,-2.049079,-0.950016,9.543015,-0.073308,-3.534101,-0.61563,-0.915301,-0.856447,1.031412,77.0,1.8,14.85,-41.325,59.8887,12.447,17.6268,5.0,32.99103,48.8439,2.3533363,307.0968,NaN,,44.303226,,0 / 25,10188,2022-01-10 17:04:42:717
0.693021,-3.602095,11.901601,-2.049079,-0.950016,9.543015,-0.073308,-3.534101,-0.61563,-0.915301,-0.856447,1.031412,77.0,1.8,14.85,-41.325,59.8887,12.447,17.6268,5.0,32.99103,48.8439,2.3533363,307.0968,NaN,,44.303226,,0 / 25,10192,2022-01-10 17:04:42:721
0.693021,-3.602095,11.901601,-0.953125,-1.921614,9.569187,1.641337,-2.049994,2.731797,-0.915301,-0.856447,1.031412,77.0,-2.775,18.45,-40.35,38.6115,5.5592,12.1186,5.0,32.99103,48.8439,2.3533363,307.0968,NaN,,44.303226,,0 / 25,10198,2022-01-10 17:04:42:727
0.693021,-3.602095,11.901601,-0.953125,-1.921614,9.569187,1.641337,-2.049994,2.731797,-0.915301,-0.856447,1.031412,77.0,-2.775,18.45,-40.35,38.6115,5.5592,12.1186,5.0,32.99103,48.8439,2.3533363,307.0968,NaN,,44.303226,,0 / 25,10203,2022-01-10 17:04:42:732
0.693021,-3.602095,11.901601,-0.953125,-1.921614,9.569187,1.641337,-2.049994,2.731797,-0.915301,-0.856447,1.031412,77.0,-2.775,18.45,-40.35,38.6115,5.5592,12.1186,5.0,32.99103,48.8439,2.3533363,307.0968,NaN,,44.303226,,0 / 25,10208,2022-01-10 17:04:42:737
0.693021,-3.602095,11.901601,-0.953125,-1.921614,9.569187,1.641337,-2.049994,2.731797,-0.915301,-0.856447,1.031412,77.0,-2.775,18.45,-40.35,38.6115,5.5592,12.1186,5.0,32.99103,48.8439,2.3533363,307.0968,NaN,,44.303226,,0 / 25,10213,2022-01-10 17:04:42:742
0.693021,-3.602095,11.901601,-0.953125,-1.921614,9.569187,1.641337,-2.049994,2.731797,-0.915301,-0.856447,1.031412,77.0,-2.775,18.45,-40.35,38.6115,5.5592,12.1186,5.0,32.99103,48.8439,2.3533363,307.0968,NaN,,44.303226,,0 / 25,10217,2022-01-10 17:04:42:746
0.693021,-3.602095,11.901601,-0.953125,-1.921614,9.569187,1.641337,-2.049994,2.731797,-0.915301,-0.856447,1.031412,77.0,-2.775,18.45,-40.35,38.6115,5.5592,12.1186,5.0,32.99103,48.8439,2.3533363,307.0968,NaN,,44.303226,,0 / 25,10222,2022-01-10 17:04:42:751
0.693021,-3.602095,11.901601,-0.953125,-1.921614,9.569187,1.641337,-2.049994,2.731797,-0.915301,-0.856447,1.031412,77.0,-2.775,18.45,-40.35,38.6115,5.5592,12.1186,5.0,32.99103,48.8439,2.3533363,307.0968,NaN,,44.303226,,0 / 25,10228,2022-01-10 17:04:42:757
-0.866202,-1.992324,12.846467,-0.953125,-1.921614,9.569187,1.641337,-2.049994,2.731797,-0.915301,-0.856447,1.031412,77.0,-2.775,18.45,-40.35,38.6115,5.5592,12.1186,5.0,32.99103,48.8439,2.3533363,307.0968,NaN,,44.303226,,0 / 25,10232,2022-01-10 17:04:42:761
-0.866202,-1.992324,12.846467,-0.953125,-1.921614,9.569187,1.641337,-2.049994,2.731797,-0.915301,-0.856447,1.031412,77.0,-2.775,18.45,-40.35,38.6115,5.5592,12.1186,5.0,32.99103,48.8439,2.3533363,307.0968,NaN,,44.303226,,0 / 25,10237,2022-01-10 17:04:42:766
-0.866202,-1.992324,12.846467,-0.953125,-1.921614,9.569187,1.641337,-2.049994,2.731797,-0.915301,-0.856447,1.031412,77.0,-2.775,18.45,-40.35,38.6115,5.5592,12.1186,5.0,32.99103,48.8439,2.3533363,307.0968,NaN,,44.303226,,0 / 25,10242,2022-01-10 17:04:42:771
-0.866202,-1.992324,12.846467,-0.953125,-1.921614,9.569187,1.641337,-2.049994,2.731797,-0.915301,-0.856447,1.031412,77.0,-2.775,18.45,-40.35,38.6115,5.5592,12.1186,5.0,32.99103,48.8439,2.3533363,307.0968,NaN,,44.303226,,0 / 25,10247,2022-01-10 17:04:42:776
-0.866202,-1.992324,12.846467,-0.953125,-1.921614,9.569187,1.641337,-2.049994,2.731797,-0.915301,-0.856447,1.031412,77.0,-2.775,18.45,-40.35,38.6115,5.5592,12.1186,5.0,32.99103,48.8439,2.3533363,307.0968,NaN,,44.303226,,0 / 25,10253,2022-01-10 17:04:42:782
-0.866202,-1.992324,12.846467,-0.953125,-1.921614,9.569187,1.641337,-2.049994,2.731797,-0.915301,-0.856447,1.031412,77.0,-2.775,18.45,-40.35,38.6115,5.5592,12.1186,5.0,32.99103,48.8439,2.3533363,307.0968,NaN,,44.303226,,0 / 25,10258,2022-01-10 17:04:42:787
-0.866202,-1.992324,12.846467,-0.953125,-1.921614,9.569187,1.641337,-2.049994,2.731797,-0.915301,-0.856447,1.031412,77.0,-2.775,18.45,-40.35,38.6115,5.5592,12.1186,5.0,32.99103,48.8439,2.3533363,307.0968,NaN,,44.303226,,0 / 25,10263,2022-01-10 17:04:42:792
-0.866202,-1.992324,12.846467,-0.953125,-1.921614,9.569187,1.641337,-2.049994,2.731797,-0.915301,-0.856447,1.031412,77.0,-2.775,18.45,-40.35,38.6115,5.5592,12.1186,5.0,32.99103,48.8439,2.3533363,307.0968,NaN,,44.303226,,0 / 25,10267,2022-01-10 17:04:42:796
-0.866202,-1.992324,12.846467,-0.953125,-1.921614,9.569187,1.641337,-2.049994,2.731797,-0.915301,-0.856447,1.031412,77.0,-2.775,18.45,-40.35,38.6115,5.5592,12.1186,5.0,32.99103,48.8439,2.3533363,307.0968,NaN,,44.303226,,0 / 25,10272,2022-01-10 17:04:42:801
-0.866202,-1.992324,12.846467,-0.953125,-1.921614,9.569187,1.641337,-2.049994,2.731797,-0.915301,-0.856447,1.031412,77.0,-2.775,18.45,-40.35,38.6115,5.5592,12.1186,5.0,32.99103,48.8439,2.3533363,307.0968,NaN,,44.303226,,0 / 25,10277,2022-01-10 17:04:42:806
-0.866202,-1.992324,12.846467,-0.953125,-1.921614,9.569187,1.641337,-2.049994,2.731797,-0.915301,-0.856447,1.031412,77.0,-2.775,18.45,-40.35,38.6115,5.5592,12.1186,5.0,32.99103,48.8439,2.3533363,307.0968,NaN,,44.303226,,0 / 25,10283,2022-01-10 17:04:42:812
-0.866202,-1.992324,12.846467,-0.953125,-1.921614,9.569187,1.641337,-2.049994,2.731797,-0.915301,-0.856447,1.031412,77.0,-2.775,18.45,-40.35,38.6115,5.5592,12.1186,5.0,32.99103,48.8439,2.3533363,307.0968,NaN,,44.303226,,0 / 25,10288,2022-01-10 17:04:42:817
-0.866202,-1.992324,12.846467,-0.953125,-1.921614,9.569187,1.641337,-2.049994,2.731797,-0.915301,-0.856447,1.031412,77.0,-2.775,18.45,-40.35,38.6115,5.5592,12.1186,5.0,32.99103,48.8439,2.3533363,307.0968,NaN,,44.303226,,0 / 25,10293,2022-01-10 17:04:42:822
-0.866202,-1.992324,12.846467,-0.953125,-1.921614,9.569187,1.641337,-2.049994,2.731797,-0.915301,-0.856447,1.031412,77.0,-2.775,18.45,-40.35,38.6115,5.5592,12.1186,5.0,32.99103,48.8439,2.3533363,307.0968,NaN,,44.303226,,0 / 25,10298,2022-01-10 17:04:42:827
-0.866202,-1.992324,12.846467,-0.953125,-1.921614,9.569187,1.641337,-2.049994,2.731797,-0.915301,-0.856447,1.031412,77.0,-2.775,18.45,-40.35,38.6115,5.5592,12.1186,5.0,32.99103,48.8439,2.3533363,307.0968,NaN,,44.303226,,0 / 25,10302,2022-01-10 17:04:42:831
-0.866202,-1.992324,12.846467,-0.953125,-1.921614,9.569187,1.641337,-2.049994,2.731797,2.512485,-0.181755,-0.157788,77.0,-2.775,18.45,-40.35,38.6115,5.5592,12.1186,5.0,32.99103,48.8439,2.3533363,307.0968,NaN,,44.303226,,0 / 25,10308,2022-01-10 17:04:42:837
-0.866202,-1.992324,12.846467,-0.953125,-1.921614,9.569187,1.641337,-2.049994,2.731797,2.512485,-0.181755,-0.157788,77.0,-2.775,18.45,-40.35,38.6115,5.5592,12.1186,5.0,32.99103,48.8439,2.3533363,307.0968,NaN,,44.303226,,0 / 25,10313,2022-01-10 17:04:42:842
-0.866202,-1.992324,12.846467,-0.953125,-1.921614,9.569187,1.641337,-2.049994,2.731797,2.512485,-0.181755,-0.157788,77.0,-2.775,18.45,-40.35,38.6115,5.5592,12.1186,5.0,32.99103,48.8439,2.3533363,307.0968,NaN,,44.303226,,0 / 25,10318,2022-01-10 17:04:42:847
-0.866202,-1.992324,12.846467,-0.953125,-1.921614,9.569187,1.641337,-2.049994,2.731797,2.512485,-0.181755,-0.157788,77.0,-2.775,18.45,-40.35,38.6115,5.5592,12.1186,5.0,32.99103,48.8439,2.3533363,307.0968,NaN,,44.303226,,0 / 25,10322,2022-01-10 17:04:42:851
-0.866202,-1.992324,12.846467,-0.953125,-1.921614,9.569187,1.641337,-2.049994,2.731797,2.512485,-0.181755,-0.157788,77.0,-2.775,18.45,-40.35,38.6115,5.5592,12.1186,5.0,32.99103,48.8439,2.3533363,307.0968,NaN,,44.303226,,0 / 25,10327,2022-01-10 17:04:42:856
-2.425724,0.980459,12.373585,-0.676227,0.152819,9.782114,-1.208057,-1.953795,4.319771,2.512485,-0.181755,-0.157788,77.0,-2.775,18.45,-40.35,38.6115,5.5592,12.1186,5.0,32.99103,48.8439,2.3533363,307.0968,NaN,,44.303226,,0 / 25,10333,2022-01-10 17:04:42:862
-2.425724,0.980459,12.373585,-0.676227,0.152819,9.782114,-1.208057,-1.953795,4.319771,2.512485,-0.181755,-0.157788,77.0,-6.45,19.875,-39.6,22.9873,-0.8929,3.9545,5.0,32.99103,48.8439,2.3533363,307.0968,NaN,,44.303226,,0 / 25,10338,2022-01-10 17:04:42:867
-2.425724,0.980459,12.373585,-0.676227,0.152819,9.782114,-1.208057,-1.953795,4.319771,2.512485,-0.181755,-0.157788,77.0,-6.45,19.875,-39.6,22.9873,-0.8929,3.9545,5.0,32.99103,48.8439,2.3533363,307.0968,NaN,,44.303226,,0 / 25,10342,2022-01-10 17:04:42:871
-2.425724,0.980459,12.373585,-0.676227,0.152819,9.782114,-1.208057,-1.953795,4.319771,2.512485,-0.181755,-0.157788,77.0,-6.45,19.875,-39.6,22.9873,-0.8929,3.9545,5.0,32.99103,48.8439,2.3533363,307.0968,NaN,,44.303226,,0 / 25,10347,2022-01-10 17:04:42:876
-2.425724,0.980459,12.373585,-0.676227,0.152819,9.782114,-1.208057,-1.953795,4.319771,2.512485,-0.181755,-0.157788,77.0,-6.45,19.875,-39.6,22.9873,-0.8929,3.9545,5.0,36.27173,48.8439,2.3533363,307.0968,NaN,,44.303226,,0 / 25,10353,2022-01-10 17:04:42:882
-2.425724,0.980459,12.373585,-0.676227,0.152819,9.782114,-1.208057,-1.953795,4.319771,2.512485,-0.181755,-0.157788,77.0,-6.45,19.875,-39.6,22.9873,-0.8929,3.9545,5.0,36.27173,48.8439,2.3533363,307.0968,NaN,,44.303226,,0 / 25,10358,2022-01-10 17:04:42:887
-2.425724,0.980459,12.373585,-0.676227,0.152819,9.782114,-1.208057,-1.953795,4.319771,2.512485,-0.181755,-0.157788,77.0,-6.45,19.875,-39.6,22.9873,-0.8929,3.9545,5.0,36.27173,48.8439,2.3533363,307.0968,NaN,,44.303226,,0 / 25,10363,2022-01-10 17:04:42:892
-2.425724,0.980459,12.373585,-0.676227,0.152819,9.782114,-1.208057,-1.953795,4.319771,2.512485,-0.181755,-0.157788,77.0,-6.45,19.875,-39.6,22.9873,-0.8929,3.9545,5.0,36.27173,48.8439,2.3533363,307.0968,NaN,,44.303226,,0 / 25,10367,2022-01-10 17:04:42:896
-2.425724,0.980459,12.373585,-0.676227,0.152819,9.782114,-1.208057,-1.953795,4.319771,2.512485,-0.181755,-0.157788,77.0,-6.45,19.875,-39.6,22.9873,-0.8929,3.9545,5.0,36.27173,48.8439,2.3533363,307.0968,NaN,,44.303226,,0 / 25,10373,2022-01-10 17:04:42:902
-2.425724,0.980459,12.373585,-0.676227,0.152819,9.782114,-1.208057,-1.953795,4.319771,2.512485,-0.181755,-0.157788,77.0,-6.45,19.875,-39.6,22.9873,-0.8929,3.9545,5.0,36.27173,48.8439,2.3533363,307.0968,NaN,,44.303226,,0 / 25,10378,2022-01-10 17:04:42:907
-2.425724,0.980459,12.373585,-0.676227,0.152819,9.782114,-1.208057,-1.953795,4.319771,2.512485,-0.181755,-0.157788,77.0,-6.45,19.875,-39.6,22.9873,-0.8929,3.9545,5.0,36.27173,48.8439,2.3533363,307.0968,NaN,,44.303226,,0 / 25,10382,2022-01-10 17:04:42:911
-2.425724,0.980459,12.373585,-0.676227,0.152819,9.782114,-1.208057,-1.953795,4.319771,2.512485,-0.181755,-0.157788,77.0,-6.45,19.875,-39.6,22.9873,-0.8929,3.9545,5.0,36.27173,48.8439,2.3533363,307.0968,NaN,,44.303226,,0 / 25,10388,2022-01-10 17:04:42:917
-2.425724,0.980459,12.373585,-0.676227,0.152819,9.782114,-1.208057,-1.953795,4.319771,2.512485,-0.181755,-0.157788,77.0,-6.45,19.875,-39.6,22.9873,-0.8929,3.9545,5.0,36.27173,48.8439,2.3533363,307.0968,NaN,,44.303226,,0 / 25,10393,2022-01-10 17:04:42:922
-2.425724,0.980459,12.373585,-0.676227,0.152819,9.782114,-1.208057,-1.953795,4.319771,2.512485,-0.181755,-0.157788,77.0,-6.45,19.875,-39.6,22.9873,-0.8929,3.9545,5.0,36.27173,48.8439,2.3533363,307.0968,NaN,,44.303226,,0 / 25,10398,2022-01-10 17:04:42:927
-2.425724,0.980459,12.373585,-0.676227,0.152819,9.782114,-1.208057,-1.953795,4.319771,2.512485,-0.181755,-0.157788,77.0,-6.45,19.875,-39.6,22.9873,-0.8929,3.9545,5.0,36.27173,48.8439,2.3533363,307.0968,NaN,,44.303226,,0 / 25,10402,2022-01-10 17:04:42:931
-2.425724,0.980459,12.373585,-0.676227,0.152819,9.782114,-1.208057,-1.953795,4.319771,2.512485,-0.181755,-0.157788,77.0,-6.45,19.875,-39.6,22.9873,-0.8929,3.9545,5.0,36.27173,48.8439,2.3533363,307.0968,NaN,,44.303226,,0 / 25,10408,2022-01-10 17:04:42:937
-2.425724,0.980459,12.373585,-0.676227,0.152819,9.782114,-1.208057,-1.953795,4.319771,2.512485,-0.181755,-0.157788,77.0,-6.45,19.875,-39.6,22.9873,-0.8929,3.9545,5.0,36.27173,48.8439,2.3533363,307.0968,NaN,,44.303226,,0 / 25,10413,2022-01-10 17:04:42:942
-2.425724,0.980459,12.373585,-0.676227,0.152819,9.782114,-1.208057,-1.953795,4.319771,2.512485,-0.181755,-0.157788,77.0,-6.45,19.875,-39.6,22.9873,-0.8929,3.9545,5.0,36.27173,48.8439,2.3533363,307.0968,NaN,,44.303226,,0 / 25,10418,2022-01-10 17:04:42:947
-2.425724,0.980459,12.373585,-0.676227,0.152819,9.782114,-1.208057,-1.953795,4.319771,2.512485,-0.181755,-0.157788,77.0,-6.45,19.875,-39.6,22.9873,-0.8929,3.9545,5.0,36.27173,48.8439,2.3533363,307.0968,NaN,,44.303226,,0 / 25,10422,2022-01-10 17:04:42:951
-2.425724,0.980459,12.373585,-0.676227,0.152819,9.782114,-1.208057,-1.953795,4.319771,2.512485,-0.181755,-0.157788,77.0,-6.45,19.875,-39.6,22.9873,-0.8929,3.9545,5.0,36.27173,48.8439,2.3533363,307.0968,NaN,,44.303226,,0 / 25,10428,2022-01-10 17:04:42:957
0.80339,3.527918,10.228419,-0.676227,0.152819,9.782114,-1.208057,-1.953795,4.319771,3.472127,0.034087,-0.229558,77.0,-6.45,19.875,-39.6,22.9873,-0.8929,3.9545,5.0,36.27173,48.8439,2.3533363,307.0968,NaN,,44.303226,,0 / 25,10433,2022-01-10 17:04:42:962
0.80339,3.527918,10.228419,-0.676227,0.152819,9.782114,-1.208057,-1.953795,4.319771,3.472127,0.034087,-0.229558,77.0,-6.45,19.875,-39.6,22.9873,-0.8929,3.9545,5.0,36.27173,48.8439,2.3533363,307.0968,NaN,,44.303226,,0 / 25,10438,2022-01-10 17:04:42:967
0.80339,3.527918,10.228419,-0.676227,0.152819,9.782114,-1.208057,-1.953795,4.319771,3.472127,0.034087,-0.229558,77.0,-6.45,19.875,-39.6,22.9873,-0.8929,3.9545,5.0,36.27173,48.8439,2.3533363,307.0968,NaN,,44.303226,,0 / 25,10442,2022-01-10 17:04:42:971
0.80339,3.527918,10.228419,-0.676227,0.152819,9.782114,-1.208057,-1.953795,4.319771,3.472127,0.034087,-0.229558,77.0,-6.45,19.875,-39.6,22.9873,-0.8929,3.9545,5.0,36.27173,48.8439,2.3533363,307.0968,NaN,,44.303226,,0 / 25,10447,2022-01-10 17:04:42:976
0.80339,3.527918,10.228419,-0.360577,3.785761,9.039268,-0.158398,-1.060014,1.852579,3.472127,0.034087,-0.229558,77.0,-6.45,19.875,-39.6,22.9873,-0.8929,3.9545,5.0,36.27173,48.8439,2.3533363,307.0968,NaN,,44.303226,,0 / 25,10453,2022-01-10 17:04:42:982
0.80339,3.527918,10.228419,-0.360577,3.785761,9.039268,-0.158398,-1.060014,1.852579,3.472127,0.034087,-0.229558,77.0,-7.95,16.5,-40.275,17.1923,-22.7083,2.2843,5.0,36.27173,48.8439,2.3533363,307.0968,NaN,,44.303226,,0 / 25,10457,2022-01-10 17:04:42:986
0.80339,3.527918,10.228419,-0.360577,3.785761,9.039268,-0.158398,-1.060014,1.852579,3.472127,0.034087,-0.229558,77.0,-7.95,16.5,-40.275,17.1923,-22.7083,2.2843,5.0,36.27173,48.8439,2.3533363,307.0968,NaN,,44.303226,,0 / 25,10462,2022-01-10 17:04:42:991
0.80339,3.527918,10.228419,-0.360577,3.785761,9.039268,-0.158398,-1.060014,1.852579,3.472127,0.034087,-0.229558,77.0,-7.95,16.5,-40.275,17.1923,-22.7083,2.2843,5.0,36.27173,48.8439,2.3533363,307.0968,NaN,,44.303226,,0 / 25,10467,2022-01-10 17:04:42:996
0.80339,3.527918,10.228419,-0.360577,3.785761,9.039268,-0.158398,-1.060014,1.852579,3.472127,0.034087,-0.229558,23.0,-7.95,16.5,-40.275,17.1923,-22.7083,2.2843,5.0,36.27173,48.8439,2.3533363,307.0968,NaN,,44.303226,,0 / 25,10473,2022-01-10 17:04:43:002
0.80339,3.527918,10.228419,-0.360577,3.785761,9.039268,-0.158398,-1.060014,1.852579,3.472127,0.034087,-0.229558,23.0,-7.95,16.5,-40.275,17.1923,-22.7083,2.2843,5.0,36.27173,48.8439,2.3533363,307.0968,NaN,,44.303226,,0 / 25,10478,2022-01-10 17:04:43:007
0.80339,3.527918,10.228419,-0.360577,3.785761,9.039268,-0.158398,-1.060014,1.852579,3.472127,0.034087,-0.229558,23.0,-7.95,16.5,-40.275,17.1923,-22.7083,2.2843,5.0,36.27173,48.8439,2.3533363,307.0968,NaN,,44.303226,,0 / 25,10482,2022-01-10 17:04:43:011
0.80339,3.527918,10.228419,-0.360577,3.785761,9.039268,-0.158398,-1.060014,1.852579,3.472127,0.034087,-0.229558,23.0,-7.95,16.5,-40.275,17.1923,-22.7083,2.2843,5.0,36.27173,48.8439,2.3533363,307.0968,NaN,,44.303226,,0 / 25,10488,2022-01-10 17:04:43:017
0.80339,3.527918,10.228419,-0.360577,3.785761,9.039268,-0.158398,-1.060014,1.852579,3.472127,0.034087,-0.229558,23.0,-7.95,16.5,-40.275,17.1923,-22.7083,2.2843,5.0,36.27173,48.8439,2.3533363,307.0968,NaN,,44.303226,,0 / 25,10492,2022-01-10 17:04:43:021
0.80339,3.527918,10.228419,-0.360577,3.785761,9.039268,-0.158398,-1.060014,1.852579,3.472127,0.034087,-0.229558,23.0,-7.95,16.5,-40.275,17.1923,-22.7083,2.2843,5.0,36.27173,48.8439,2.3533363,307.0968,NaN,,44.303226,,0 / 25,10498,2022-01-10 17:04:43:027
0.80339,3.527918,10.228419,-0.360577,3.785761,9.039268,-0.158398,-1.060014,1.852579,3.472127,0.034087,-0.229558,23.0,-7.95,16.5,-40.275,17.1923,-22.7083,2.2843,5.0,36.27173,48.8439,2.3533363,307.0968,NaN,,44.303226,,0 / 25,10503,2022-01-10 17:04:43:032
0.80339,3.527918,10.228419,-0.360577,3.785761,9.039268,-0.158398,-1.060014,1.852579,3.472127,0.034087,-0.229558,23.0,-7.95,16.5,-40.275,17.1923,-22.7083,2.2843,5.0,36.27173,48.8439,2.3533363,307.0968,NaN,,44.303226,,0 / 25,10508,2022-01-10 17:04:43:037
-0.284148,5.41436,5.861219,-0.360577,3.785761,9.039268,-0.158398,-1.060014,1.852579,3.472127,0.034087,-0.229558,23.0,-7.95,16.5,-40.275,17.1923,-22.7083,2.2843,5.0,36.27173,48.8439,2.3533363,307.0968,NaN,,44.303226,,0 / 25,10512,2022-01-10 17:04:43:041
-0.284148,5.41436,5.861219,-0.360577,3.785761,9.039268,-0.158398,-1.060014,1.852579,3.472127,0.034087,-0.229558,23.0,-7.95,16.5,-40.275,17.1923,-22.7083,2.2843,5.0,36.27173,48.8439,2.3533363,307.0968,NaN,,44.303226,,0 / 25,10517,2022-01-10 17:04:43:046
-0.284148,5.41436,5.861219,-0.360577,3.785761,9.039268,-0.158398,-1.060014,1.852579,3.472127,0.034087,-0.229558,23.0,-7.95,16.5,-40.275,17.1923,-22.7083,2.2843,5.0,36.27173,48.8439,2.3533363,307.0968,NaN,,44.303226,,0 / 25,10523,2022-01-10 17:04:43:052
-0.284148,5.41436,5.861219,-0.360577,3.785761,9.039268,-0.158398,-1.060014,1.852579,3.472127,0.034087,-0.229558,23.0,-7.95,16.5,-40.275,17.1923,-22.7083,2.2843,5.0,36.27173,48.8439,2.3533363,307.0968,NaN,,44.303226,,0 / 25,10527,2022-01-10 17:04:43:056
-0.284148,5.41436,5.861219,-0.360577,3.785761,9.039268,-0.158398,-1.060014,1.852579,3.472127,0.034087,-0.229558,23.0,-7.95,16.5,-40.275,17.1923,-22.7083,2.2843,5.0,36.27173,48.8439,2.3533363,307.0968,NaN,,44.303226,,0 / 25,10533,2022-01-10 17:04:43:062
-0.284148,5.41436,5.861219,-0.360577,3.785761,9.039268,-0.158398,-1.060014,1.852579,3.472127,0.034087,-0.229558,23.0,-7.95,16.5,-40.275,17.1923,-22.7083,2.2843,5.0,36.27173,48.8439,2.3533363,307.0968,NaN,,44.303226,,0 / 25,10537,2022-01-10 17:04:43:066
-0.284148,5.41436,5.861219,-0.360577,3.785761,9.039268,-0.158398,-1.060014,1.852579,3.472127,0.034087,-0.229558,23.0,-7.95,16.5,-40.275,17.1923,-22.7083,2.2843,5.0,36.27173,48.8439,2.3533363,307.0968,NaN,,44.303226,,0 / 25,10542,2022-01-10 17:04:43:071
-0.284148,5.41436,5.861219,-0.360577,3.785761,9.039268,-0.158398,-1.060014,1.852579,3.472127,0.034087,-0.229558,23.0,-7.95,16.5,-40.275,17.1923,-22.7083,2.2843,5.0,36.27173,48.8439,2.3533363,307.0968,NaN,,44.303226,,0 / 25,10548,2022-01-10 17:04:43:077
-0.284148,5.41436,5.861219,-0.360577,3.785761,9.039268,-0.158398,-1.060014,1.852579,3.472127,0.034087,-0.229558,23.0,-7.95,16.5,-40.275,17.1923,-22.7083,2.2843,5.0,36.27173,48.8439,2.3533363,307.0968,NaN,,44.303226,,0 / 25,10553,2022-01-10 17:04:43:082
-0.284148,5.41436,5.861219,-0.360577,3.785761,9.039268,-0.158398,-1.060014,1.852579,3.472127,0.034087,-0.229558,23.0,-7.95,16.5,-40.275,17.1923,-22.7083,2.2843,5.0,36.27173,48.8439,2.3533363,307.0968,NaN,,44.303226,,0 / 25,10558,2022-01-10 17:04:43:087
-0.284148,5.41436,5.861219,-1.21809,6.872421,6.888867,1.801388,-0.983489,0.074282,3.472127,0.034087,-0.229558,23.0,-7.95,16.5,-40.275,17.1923,-22.7083,2.2843,5.0,36.27173,48.8439,2.3533363,307.0968,NaN,,44.303226,,0 / 25,10563,2022-01-10 17:04:43:092
-0.284148,5.41436,5.861219,-1.21809,6.872421,6.888867,1.801388,-0.983489,0.074282,2.557625,0.195603,-0.850589,23.0,-7.95,16.5,-40.275,17.1923,-22.7083,2.2843,5.0,36.27173,48.8439,2.3533363,307.0968,NaN,,44.303226,,0 / 25,10567,2022-01-10 17:04:43:096
-0.284148,5.41436,5.861219,-1.21809,6.872421,6.888867,1.801388,-0.983489,0.074282,2.557625,0.195603,-0.850589,23.0,-7.95,16.5,-40.275,17.1923,-22.7083,2.2843,5.0,36.27173,48.8439,2.3533363,307.0968,NaN,,44.303226,,0 / 25,10572,2022-01-10 17:04:43:101
-0.284148,5.41436,5.861219,-1.21809,6.872421,6.888867,1.801388,-0.983489,0.074282,2.557625,0.195603,-0.850589,23.0,-7.95,16.5,-40.275,17.1923,-22.7083,2.2843,5.0,36.27173,48.8439,2.3533363,307.0968,NaN,,44.303226,,0 / 25,10577,2022-01-10 17:04:43:106
-0.284148,5.41436,5.861219,-1.21809,6.872421,6.888867,1.801388,-0.983489,0.074282,2.557625,0.195603,-0.850589,23.0,-7.95,16.5,-40.275,17.1923,-22.7083,2.2843,5.0,36.27173,48.8439,2.3533363,307.0968,NaN,,44.303226,,0 / 25,10582,2022-01-10 17:04:43:111
-0.284148,5.41436,5.861219,-1.21809,6.872421,6.888867,1.801388,-0.983489,0.074282,2.557625,0.195603,-0.850589,23.0,-7.95,16.5,-40.275,17.1923,-22.7083,2.2843,5.0,36.27173,48.8439,2.3533363,307.0968,NaN,,44.303226,,0 / 25,10589,2022-01-10 17:04:43:118
-0.284148,5.41436,5.861219,-1.21809,6.872421,6.888867,1.801388,-0.983489,0.074282,2.557625,0.195603,-0.850589,23.0,-7.95,16.5,-40.275,17.1923,-22.7083,2.2843,5.0,36.27173,48.8439,2.3533363,307.0968,NaN,,44.303226,,0 / 25,10592,2022-01-10 17:04:43:121
-0.284148,5.41436,5.861219,-1.21809,6.872421,6.888867,1.801388,-0.983489,0.074282,2.557625,0.195603,-0.850589,23.0,-8.175,8.85,-40.35,24.1861,-44.4906,10.0274,5.0,36.27173,48.8439,2.3533363,307.0968,NaN,,44.303226,,0 / 25,10597,2022-01-10 17:04:43:126
-0.284148,5.41436,5.861219,-1.21809,6.872421,6.888867,1.801388,-0.983489,0.074282,2.557625,0.195603,-0.850589,23.0,-8.175,8.85,-40.35,24.1861,-44.4906,10.0274,5.0,36.27173,48.8439,2.3533363,307.0968,NaN,,44.303226,,0 / 25,10604,2022-01-10 17:04:43:133
-0.284148,5.41436,5.861219,-1.21809,6.872421,6.888867,1.801388,-0.983489,0.074282,2.557625,0.195603,-0.850589,23.0,-8.175,8.85,-40.35,24.1861,-44.4906,10.0274,5.0,36.27173,48.8439,2.3533363,307.0968,NaN,,44.303226,,0 / 25,10607,2022-01-10 17:04:43:136
-0.284148,5.41436,5.861219,-1.21809,6.872421,6.888867,1.801388,-0.983489,0.074282,2.557625,0.195603,-0.850589,23.0,-8.175,8.85,-40.35,24.1861,-44.4906,10.0274,5.0,36.27173,48.8439,2.3533363,307.0968,NaN,,44.303226,,0 / 25,10613,2022-01-10 17:04:43:142
-0.284148,5.41436,5.861219,-1.21809,6.872421,6.888867,1.801388,-0.983489,0.074282,2.557625,0.195603,-0.850589,23.0,-8.175,8.85,-40.35,24.1861,-44.4906,10.0274,5.0,36.27173,48.8439,2.3533363,307.0968,NaN,,44.303226,,0 / 25,10617,2022-01-10 17:04:43:146
-1.859223,7.127321,3.046662,-1.21809,6.872421,6.888867,1.801388,-0.983489,0.074282,2.557625,0.195603,-0.850589,23.0,-8.175,8.85,-40.35,24.1861,-44.4906,10.0274,5.0,36.27173,48.8439,2.3533363,307.0968,NaN,,44.303226,,0 / 25,10622,2022-01-10 17:04:43:151
-1.859223,7.127321,3.046662,-1.21809,6.872421,6.888867,1.801388,-0.983489,0.074282,2.557625,0.195603,-0.850589,23.0,-8.175,8.85,-40.35,24.1861,-44.4906,10.0274,5.0,36.27173,48.8439,2.3533363,307.0968,NaN,,44.303226,,0 / 25,10628,2022-01-10 17:04:43:157
-1.859223,7.127321,3.046662,-1.21809,6.872421,6.888867,1.801388,-0.983489,0.074282,2.557625,0.195603,-0.850589,23.0,-8.175,8.85,-40.35,24.1861,-44.4906,10.0274,5.0,36.27173,48.8439,2.3533363,307.0968,NaN,,44.303226,,0 / 25,10632,2022-01-10 17:04:43:161
-1.859223,7.127321,3.046662,-1.21809,6.872421,6.888867,1.801388,-0.983489,0.074282,2.557625,0.195603,-0.850589,23.0,-8.175,8.85,-40.35,24.1861,-44.4906,10.0274,5.0,36.27173,48.8439,2.3533363,307.0968,NaN,,44.303226,,0 / 25,10638,2022-01-10 17:04:43:167
-1.859223,7.127321,3.046662,-1.21809,6.872421,6.888867,1.801388,-0.983489,0.074282,2.557625,0.195603,-0.850589,23.0,-8.175,8.85,-40.35,24.1861,-44.4906,10.0274,5.0,36.27173,48.8439,2.3533363,307.0968,NaN,,44.303226,,0 / 25,10643,2022-01-10 17:04:43:172
-1.859223,7.127321,3.046662,-1.21809,6.872421,6.888867,1.801388,-0.983489,0.074282,2.557625,0.195603,-0.850589,23.0,-8.175,8.85,-40.35,24.1861,-44.4906,10.0274,5.0,36.27173,48.8439,2.3533363,307.0968,NaN,,44.303226,,0 / 25,10647,2022-01-10 17:04:43:176
-1.859223,7.127321,3.046662,-1.21809,6.872421,6.888867,1.801388,-0.983489,0.074282,2.557625,0.195603,-0.850589,23.0,-8.175,8.85,-40.35,24.1861,-44.4906,10.0274,5.0,36.27173,48.8439,2.3533363,307.0968,NaN,,44.303226,,0 / 25,10653,2022-01-10 17:04:43:182
-1.859223,7.127321,3.046662,-1.21809,6.872421,6.888867,1.801388,-0.983489,0.074282,2.557625,0.195603,-0.850589,23.0,-8.175,8.85,-40.35,24.1861,-44.4906,10.0274,5.0,36.27173,48.8439,2.3533363,307.0968,NaN,,44.303226,,0 / 25,10657,2022-01-10 17:04:43:186
-1.859223,7.127321,3.046662,-1.21809,6.872421,6.888867,1.801388,-0.983489,0.074282,2.557625,0.195603,-0.850589,23.0,-8.175,8.85,-40.35,24.1861,-44.4906,10.0274,5.0,36.27173,48.8439,2.3533363,307.0968,NaN,,44.303226,,0 / 25,10663,2022-01-10 17:04:43:192
-1.859223,7.127321,3.046662,-1.21809,6.872421,6.888867,1.801388,-0.983489,0.074282,2.557625,0.195603,-0.850589,23.0,-8.175,8.85,-40.35,24.1861,-44.4906,10.0274,5.0,36.27173,48.8439,2.3533363,307.0968,NaN,,44.303226,,0 / 25,10667,2022-01-10 17:04:43:196
-1.859223,7.127321,3.046662,-1.21809,6.872421,6.888867,1.801388,-0.983489,0.074282,2.557625,0.195603,-0.850589,23.0,-8.175,8.85,-40.35,24.1861,-44.4906,10.0274,5.0,36.27173,48.8439,2.3533363,307.0968,NaN,,44.303226,,0 / 25,10672,2022-01-10 17:04:43:201
-1.859223,7.127321,3.046662,-1.21809,6.872421,6.888867,1.801388,-0.983489,0.074282,2.557625,0.195603,-0.850589,23.0,-8.175,8.85,-40.35,24.1861,-44.4906,10.0274,5.0,36.27173,48.8439,2.3533363,307.0968,NaN,,44.303226,,0 / 25,10677,2022-01-10 17:04:43:206
-1.859223,7.127321,3.046662,-1.21809,6.872421,6.888867,1.801388,-0.983489,0.074282,2.557625,0.195603,-0.850589,23.0,-8.175,8.85,-40.35,24.1861,-44.4906,10.0274,5.0,33.84874,48.8439,2.3533363,307.0968,NaN,,44.303226,,0 / 25,10684,2022-01-10 17:04:43:213
-1.859223,7.127321,3.046662,-1.579187,7.508921,6.106772,-0.314874,0.238501,-2.207526,2.557625,0.195603,-0.850589,23.0,-8.175,8.85,-40.35,24.1861,-44.4906,10.0274,5.0,33.84874,48.8439,2.3533363,307.0968,NaN,,44.303226,,0 / 25,10687,2022-01-10 17:04:43:216
-1.859223,7.127321,3.046662,-1.579187,7.508921,6.106772,-0.314874,0.238501,-2.207526,2.557625,0.195603,-0.850589,23.0,-8.175,8.85,-40.35,24.1861,-44.4906,10.0274,5.0,33.84874,48.8439,2.3533363,307.0968,NaN,,44.303226,,0 / 25,10692,2022-01-10 17:04:43:221
-1.859223,7.127321,3.046662,-1.579187,7.508921,6.106772,-0.314874,0.238501,-2.207526,2.557625,0.195603,-0.850589,23.0,-8.175,8.85,-40.35,24.1861,-44.4906,10.0274,5.0,33.84874,48.8439,2.3533363,307.0968,NaN,,44.303226,,0 / 25,10698,2022-01-10 17:04:43:227
-1.859223,7.127321,3.046662,-1.579187,7.508921,6.106772,-0.314874,0.238501,-2.207526,-0.099866,-0.175497,-0.447797,23.0,-8.175,8.85,-40.35,24.1861,-44.4906,10.0274,5.0,33.84874,48.8439,2.3533363,307.0968,NaN,,44.303226,,0 / 25,10703,2022-01-10 17:04:43:232
-1.859223,7.127321,3.046662,-1.579187,7.508921,6.106772,-0.314874,0.238501,-2.207526,-0.099866,-0.175497,-0.447797,23.0,-8.175,8.85,-40.35,24.1861,-44.4906,10.0274,5.0,33.84874,48.8439,2.3533363,307.0968,NaN,,44.303226,,0 / 25,10708,2022-01-10 17:04:43:237
-1.859223,7.127321,3.046662,-1.579187,7.508921,6.106772,-0.314874,0.238501,-2.207526,-0.099866,-0.175497,-0.447797,23.0,-8.175,8.85,-40.35,24.1861,-44.4906,10.0274,5.0,33.84874,48.8439,2.3533363,307.0968,NaN,,44.303226,,0 / 25,10713,2022-01-10 17:04:43:242
-1.859223,7.127321,3.046662,-1.579187,7.508921,6.106772,-0.314874,0.238501,-2.207526,-0.099866,-0.175497,-0.447797,23.0,-8.175,8.85,-40.35,24.1861,-44.4906,10.0274,5.0,33.84874,48.8439,2.3533363,307.0968,NaN,,44.303226,,0 / 25,10717,2022-01-10 17:04:43:246
-1.859223,7.127321,3.046662,-1.579187,7.508921,6.106772,-0.314874,0.238501,-2.207526,-0.099866,-0.175497,-0.447797,23.0,-8.175,8.85,-40.35,24.1861,-44.4906,10.0274,5.0,33.84874,48.8439,2.3533363,307.0968,NaN,,44.303226,,0 / 25,10723,2022-01-10 17:04:43:252
-1.859223,7.127321,3.046662,-1.579187,7.508921,6.106772,-0.314874,0.238501,-2.207526,-0.099866,-0.175497,-0.447797,23.0,-8.175,8.85,-40.35,24.1861,-44.4906,10.0274,5.0,33.84874,48.8439,2.3533363,307.0968,NaN,,44.303226,,0 / 25,10727,2022-01-10 17:04:43:256
-1.859223,7.127321,3.046662,-1.579187,7.508921,6.106772,-0.314874,0.238501,-2.207526,-0.099866,-0.175497,-0.447797,23.0,-8.175,8.85,-40.35,24.1861,-44.4906,10.0274,5.0,33.84874,48.8439,2.3533363,307.0968,NaN,,44.303226,,0 / 25,10733,2022-01-10 17:04:43:262
-1.478465,7.22782,4.862515,-1.579187,7.508921,6.106772,-0.314874,0.238501,-2.207526,-0.099866,-0.175497,-0.447797,23.0,-8.175,-1.65,-40.2,33.4994,-49.969,14.4988,5.0,33.84874,48.8439,2.3533363,307.0968,NaN,,44.303226,,0 / 25,10737,2022-01-10 17:04:43:266
-1.478465,7.22782,4.862515,-1.579187,7.508921,6.106772,-0.314874,0.238501,-2.207526,-0.099866,-0.175497,-0.447797,23.0,-8.175,-1.65,-40.2,33.4994,-49.969,14.4988,5.0,33.84874,48.8439,2.3533363,307.0968,NaN,,44.303226,,0 / 25,10742,2022-01-10 17:04:43:271
-1.478465,7.22782,4.862515,-1.579187,7.508921,6.106772,-0.314874,0.238501,-2.207526,-0.099866,-0.175497,-0.447797,23.0,-8.175,-1.65,-40.2,33.4994,-49.969,14.4988,5.0,33.84874,48.8439,2.3533363,307.0968,NaN,,44.303226,,0 / 25,10748,2022-01-10 17:04:43:277
-1.478465,7.22782,4.862515,-1.579187,7.508921,6.106772,-0.314874,0.238501,-2.207526,-0.099866,-0.175497,-0.447797,23.0,-8.175,-1.65,-40.2,33.4994,-49.969,14.4988,5.0,33.84874,48.8439,2.3533363,307.0968,NaN,,44.303226,,0 / 25,10752,2022-01-10 17:04:43:281
-1.478465,7.22782,4.862515,-1.579187,7.508921,6.106772,-0.314874,0.238501,-2.207526,-0.099866,-0.175497,-0.447797,23.0,-8.175,-1.65,-40.2,33.4994,-49.969,14.4988,5.0,33.84874,48.8439,2.3533363,307.0968,NaN,,44.303226,,0 / 25,10758,2022-01-10 17:04:43:287
-1.478465,7.22782,4.862515,-1.579187,7.508921,6.106772,-0.314874,0.238501,-2.207526,-0.099866,-0.175497,-0.447797,23.0,-8.175,-1.65,-40.2,33.4994,-49.969,14.4988,5.0,33.84874,48.8439,2.3533363,307.0968,NaN,,44.303226,,0 / 25,10762,2022-01-10 17:04:43:291
-1.478465,7.22782,4.862515,-1.579187,7.508921,6.106772,-0.314874,0.238501,-2.207526,-0.099866,-0.175497,-0.447797,23.0,-8.175,-1.65,-40.2,33.4994,-49.969,14.4988,5.0,33.84874,48.8439,2.3533363,307.0968,NaN,,44.303226,,0 / 25,10768,2022-01-10 17:04:43:297
-1.478465,7.22782,4.862515,-1.579187,7.508921,6.106772,-0.314874,0.238501,-2.207526,-0.099866,-0.175497,-0.447797,23.0,-8.175,-1.65,-40.2,33.4994,-49.969,14.4988,5.0,33.84874,48.8439,2.3533363,307.0968,NaN,,44.303226,,0 / 25,10772,2022-01-10 17:04:43:301
-1.478465,7.22782,4.862515,-1.579187,7.508921,6.106772,-0.314874,0.238501,-2.207526,-0.099866,-0.175497,-0.447797,23.0,-8.175,-1.65,-40.2,33.4994,-49.969,14.4988,5.0,33.84874,48.8439,2.3533363,307.0968,NaN,,44.303226,,0 / 25,10778,2022-01-10 17:04:43:307
-1.478465,7.22782,4.862515,-1.579187,7.508921,6.106772,-0.314874,0.238501,-2.207526,-0.099866,-0.175497,-0.447797,23.0,-8.175,-1.65,-40.2,33.4994,-49.969,14.4988,5.0,33.84874,48.8439,2.3533363,307.0968,NaN,,44.303226,,0 / 25,10782,2022-01-10 17:04:43:311
-1.478465,7.22782,4.862515,-1.579187,7.508921,6.106772,-0.314874,0.238501,-2.207526,-0.099866,-0.175497,-0.447797,23.0,-8.175,-1.65,-40.2,33.4994,-49.969,14.4988,5.0,33.84874,48.8439,2.3533363,307.0968,NaN,,44.303226,,0 / 25,10787,2022-01-10 17:04:43:316
-1.478465,7.22782,4.862515,-1.579187,7.508921,6.106772,-0.314874,0.238501,-2.207526,-0.099866,-0.175497,-0.447797,23.0,-8.175,-1.65,-40.2,33.4994,-49.969,14.4988,5.0,33.84874,48.8439,2.3533363,307.0968,NaN,,44.303226,,0 / 25,10792,2022-01-10 17:04:43:321
-1.478465,7.22782,4.862515,-1.579187,7.508921,6.106772,-0.314874,0.238501,-2.207526,-0.099866,-0.175497,-0.447797,23.0,-8.175,-1.65,-40.2,33.4994,-49.969,14.4988,5.0,33.84874,48.8439,2.3533363,307.0968,NaN,,44.303226,,0 / 25,10797,2022-01-10 17:04:43:326
-1.478465,7.22782,4.862515,-1.579187,7.508921,6.106772,-0.314874,0.238501,-2.207526,-0.099866,-0.175497,-0.447797,23.0,-8.175,-1.65,-40.2,33.4994,-49.969,14.4988,5.0,33.84874,48.8439,2.3533363,307.0968,NaN,,44.303226,,0 / 25,10803,2022-01-10 17:04:43:332
-1.478465,7.22782,4.862515,-1.690361,6.863008,6.797954,-0.245861,0.699715,-1.005328,-0.099866,-0.175497,-0.447797,23.0,-8.175,-1.65,-40.2,33.4994,-49.969,14.4988,5.0,33.84874,48.8439,2.3533363,307.0968,NaN,,44.303226,,0 / 25,10807,2022-01-10 17:04:43:336
-1.478465,7.22782,4.862515,-1.690361,6.863008,6.797954,-0.245861,0.699715,-1.005328,-0.099866,-0.175497,-0.447797,23.0,-8.175,-1.65,-40.2,33.4994,-49.969,14.4988,5.0,33.84874,48.8439,2.3533363,307.0968,NaN,,44.303226,,0 / 25,10812,2022-01-10 17:04:43:341
-1.478465,7.22782,4.862515,-1.690361,6.863008,6.797954,-0.245861,0.699715,-1.005328,-0.099866,-0.175497,-0.447797,23.0,-8.175,-1.65,-40.2,33.4994,-49.969,14.4988,5.0,33.84874,48.8439,2.3533363,307.0968,NaN,,44.303226,,0 / 25,10818,2022-01-10 17:04:43:347
-1.478465,7.22782,4.862515,-1.690361,6.863008,6.797954,-0.245861,0.699715,-1.005328,-0.099866,-0.175497,-0.447797,23.0,-8.175,-1.65,-40.2,33.4994,-49.969,14.4988,5.0,33.84874,48.8439,2.3533363,307.0968,NaN,,44.303226,,0 / 25,10823,2022-01-10 17:04:43:352
-1.157528,6.286544,6.825527,-1.690361,6.863008,6.797954,-0.245861,0.699715,-1.005328,-1.175751,-0.321967,-0.031558,23.0,-8.175,-1.65,-40.2,33.4994,-49.969,14.4988,5.0,33.84874,48.8439,2.3533363,307.0968,NaN,,44.303226,,0 / 25,10828,2022-01-10 17:04:43:357
-1.157528,6.286544,6.825527,-1.690361,6.863008,6.797954,-0.245861,0.699715,-1.005328,-1.175751,-0.321967,-0.031558,23.0,-8.175,-1.65,-40.2,33.4994,-49.969,14.4988,5.0,33.84874,48.8439,2.3533363,307.0968,NaN,,44.303226,,0 / 25,10833,2022-01-10 17:04:43:362
-1.157528,6.286544,6.825527,-1.690361,6.863008,6.797954,-0.245861,0.699715,-1.005328,-1.175751,-0.321967,-0.031558,23.0,-8.175,-1.65,-40.2,33.4994,-49.969,14.4988,5.0,33.84874,48.8439,2.3533363,307.0968,NaN,,44.303226,,0 / 25,10838,2022-01-10 17:04:43:367
-1.157528,6.286544,6.825527,-1.690361,6.863008,6.797954,-0.245861,0.699715,-1.005328,-1.175751,-0.321967,-0.031558,23.0,-8.175,-1.65,-40.2,33.4994,-49.969,14.4988,5.0,33.84874,48.8439,2.3533363,307.0968,NaN,,44.303226,,0 / 25,10843,2022-01-10 17:04:43:372
-1.157528,6.286544,6.825527,-1.690361,6.863008,6.797954,-0.245861,0.699715,-1.005328,-1.175751,-0.321967,-0.031558,23.0,-8.175,-1.65,-40.2,33.4994,-49.969,14.4988,5.0,33.84874,48.8439,2.3533363,307.0968,NaN,,44.303226,,0 / 25,10848,2022-01-10 17:04:43:377
-1.157528,6.286544,6.825527,-1.690361,6.863008,6.797954,-0.245861,0.699715,-1.005328,-1.175751,-0.321967,-0.031558,23.0,-8.175,-1.65,-40.2,33.4994,-49.969,14.4988,5.0,33.84874,48.8439,2.3533363,307.0968,NaN,,44.303226,,0 / 25,10854,2022-01-10 17:04:43:383
-1.157528,6.286544,6.825527,-1.690361,6.863008,6.797954,-0.245861,0.699715,-1.005328,-1.175751,-0.321967,-0.031558,23.0,-8.175,-1.65,-40.2,33.4994,-49.969,14.4988,5.0,33.84874,48.8439,2.3533363,307.0968,NaN,,44.303226,,0 / 25,10858,2022-01-10 17:04:43:387
-1.157528,6.286544,6.825527,-1.690361,6.863008,6.797954,-0.245861,0.699715,-1.005328,-1.175751,-0.321967,-0.031558,23.0,-7.65,-10.425,-40.125,43.0067,-44.4135,13.9638,5.0,33.84874,48.8439,2.3533363,307.0968,NaN,,44.303226,,0 / 25,10862,2022-01-10 17:04:43:391
-1.157528,6.286544,6.825527,-1.690361,6.863008,6.797954,-0.245861,0.699715,-1.005328,-1.175751,-0.321967,-0.031558,23.0,-7.65,-10.425,-40.125,43.0067,-44.4135,13.9638,5.0,33.84874,48.8439,2.3533363,307.0968,NaN,,44.303226,,0 / 25,10869,2022-01-10 17:04:43:398
-1.157528,6.286544,6.825527,-1.690361,6.863008,6.797954,-0.245861,0.699715,-1.005328,-1.175751,-0.321967,-0.031558,23.0,-7.65,-10.425,-40.125,43.0067,-44.4135,13.9638,5.0,33.84874,48.8439,2.3533363,307.0968,NaN,,44.303226,,0 / 25,10872,2022-01-10 17:04:43:401
-1.157528,6.286544,6.825527,-1.690361,6.863008,6.797954,-0.245861,0.699715,-1.005328,-1.175751,-0.321967,-0.031558,23.0,-7.65,-10.425,-40.125,43.0067,-44.4135,13.9638,5.0,33.84874,48.8439,2.3533363,307.0968,NaN,,44.303226,,0 / 25,10877,2022-01-10 17:04:43:406
-1.157528,6.286544,6.825527,-1.690361,6.863008,6.797954,-0.245861,0.699715,-1.005328,-1.175751,-0.321967,-0.031558,23.0,-7.65,-10.425,-40.125,43.0067,-44.4135,13.9638,5.0,33.84874,48.8439,2.3533363,307.0968,NaN,,44.303226,,0 / 25,10883,2022-01-10 17:04:43:412
-1.157528,6.286544,6.825527,-1.690361,6.863008,6.797954,-0.245861,0.699715,-1.005328,-1.175751,-0.321967,-0.031558,23.0,-7.65,-10.425,-40.125,43.0067,-44.4135,13.9638,5.0,33.84874,48.843918,2.3532498,329.3662,NaN,2.16,121.032265,297.0,0 / 25,10888,2022-01-10 17:04:43:417
-1.157528,6.286544,6.825527,-1.690361,6.863008,6.797954,-0.245861,0.699715,-1.005328,-1.175751,-0.321967,-0.031558,23.0,-7.65,-10.425,-40.125,43.0067,-44.4135,13.9638,5.0,33.84874,48.843918,2.3532498,329.3662,NaN,2.16,121.032265,297.0,0 / 25,10892,2022-01-10 17:04:43:421
-1.157528,6.286544,6.825527,-1.690361,6.863008,6.797954,-0.245861,0.699715,-1.005328,-1.175751,-0.321967,-0.031558,23.0,-7.65,-10.425,-40.125,43.0067,-44.4135,13.9638,5.0,33.84874,48.843918,2.3532498,329.3662,NaN,2.16,121.032265,297.0,0 / 25,10897,2022-01-10 17:04:43:426
-1.157528,6.286544,6.825527,-1.690361,6.863008,6.797954,-0.245861,0.699715,-1.005328,-1.175751,-0.321967,-0.031558,23.0,-7.65,-10.425,-40.125,43.0067,-44.4135,13.9638,5.0,33.84874,48.843918,2.3532498,329.3662,NaN,2.16,121.032265,297.0,0 / 25,10904,2022-01-10 17:04:43:433
-1.157528,6.286544,6.825527,-1.690361,6.863008,6.797954,-0.245861,0.699715,-1.005328,-1.175751,-0.321967,-0.031558,23.0,-7.65,-10.425,-40.125,43.0067,-44.4135,13.9638,5.0,33.84874,48.843918,2.3532498,329.3662,NaN,2.16,121.032265,297.0,0 / 25,10908,2022-01-10 17:04:43:437
-1.157528,6.286544,6.825527,-1.690361,6.863008,6.797954,-0.245861,0.699715,-1.005328,-1.175751,-0.321967,-0.031558,23.0,-7.65,-10.425,-40.125,43.0067,-44.4135,13.9638,5.0,33.84874,48.843918,2.3532498,329.3662,NaN,2.16,121.032265,297.0,0 / 25,10913,2022-01-10 17:04:43:442
-1.157528,6.286544,6.825527,-1.690361,6.863008,6.797954,-0.245861,0.699715,-1.005328,-1.175751,-0.321967,-0.031558,23.0,-7.65,-10.425,-40.125,43.0067,-44.4135,13.9638,5.0,33.84874,48.843918,2.3532498,329.3662,NaN,2.16,121.032265,297.0,0 / 25,10919,2022-01-10 17:04:43:448
-1.157528,6.286544,6.825527,-1.690361,6.863008,6.797954,-0.245861,0.699715,-1.005328,-1.175751,-0.321967,-0.031558,23.0,-7.65,-10.425,-40.125,43.0067,-44.4135,13.9638,5.0,33.84874,48.843918,2.3532498,329.3662,NaN,2.16,121.032265,297.0,0 / 25,10923,2022-01-10 17:04:43:452
0.17677,6.601499,4.073183,-1.447617,5.906898,7.693071,0.490372,1.028577,-0.403278,-1.175751,-0.321967,-0.031558,23.0,-7.65,-10.425,-40.125,43.0067,-44.4135,13.9638,5.0,33.84874,48.843918,2.3532498,329.3662,NaN,2.16,121.032265,297.0,0 / 25,10929,2022-01-10 17:04:43:458
0.17677,6.601499,4.073183,-1.447617,5.906898,7.693071,0.490372,1.028577,-0.403278,-1.175751,-0.321967,-0.031558,23.0,-7.65,-10.425,-40.125,43.0067,-44.4135,13.9638,5.0,33.84874,48.843918,2.3532498,329.3662,NaN,2.16,121.032265,297.0,0 / 25,10933,2022-01-10 17:04:43:462
0.17677,6.601499,4.073183,-1.447617,5.906898,7.693071,0.490372,1.028577,-0.403278,-1.175751,-0.321967,-0.031558,23.0,-7.65,-10.425,-40.125,43.0067,-44.4135,13.9638,5.0,33.84874,48.843918,2.3532498,329.3662,NaN,2.16,121.032265,297.0,0 / 25,10938,2022-01-10 17:04:43:467
0.17677,6.601499,4.073183,-1.447617,5.906898,7.693071,0.490372,1.028577,-0.403278,-1.175751,-0.321967,-0.031558,23.0,-7.65,-10.425,-40.125,43.0067,-44.4135,13.9638,5.0,33.84874,48.843918,2.3532498,329.3662,NaN,2.16,121.032265,297.0,0 / 25,10942,2022-01-10 17:04:43:471
0.17677,6.601499,4.073183,-1.447617,5.906898,7.693071,0.490372,1.028577,-0.403278,-1.175751,-0.321967,-0.031558,23.0,-7.65,-10.425,-40.125,43.0067,-44.4135,13.9638,5.0,33.84874,48.843918,2.3532498,329.3662,NaN,2.16,121.032265,297.0,0 / 25,10948,2022-01-10 17:04:43:477
0.17677,6.601499,4.073183,-1.447617,5.906898,7.693071,0.490372,1.028577,-0.403278,-1.175751,-0.321967,-0.031558,23.0,-7.65,-10.425,-40.125,43.0067,-44.4135,13.9638,5.0,33.84874,48.843918,2.3532498,329.3662,NaN,2.16,121.032265,297.0,0 / 25,10954,2022-01-10 17:04:43:483
0.17677,6.601499,4.073183,-1.447617,5.906898,7.693071,0.490372,1.028577,-0.403278,-1.175751,-0.321967,-0.031558,23.0,-7.65,-10.425,-40.125,43.0067,-44.4135,13.9638,5.0,33.84874,48.843918,2.3532498,329.3662,NaN,2.16,121.032265,297.0,0 / 25,10958,2022-01-10 17:04:43:487
0.17677,6.601499,4.073183,-1.447617,5.906898,7.693071,0.490372,1.028577,-0.403278,-2.656425,0.146736,0.426093,23.0,-7.65,-10.425,-40.125,43.0067,-44.4135,13.9638,5.0,33.84874,48.843918,2.3532498,329.3662,NaN,2.16,121.032265,297.0,0 / 25,10963,2022-01-10 17:04:43:492
0.17677,6.601499,4.073183,-1.447617,5.906898,7.693071,0.490372,1.028577,-0.403278,-2.656425,0.146736,0.426093,23.0,-7.65,-10.425,-40.125,43.0067,-44.4135,13.9638,5.0,33.84874,48.843918,2.3532498,329.3662,NaN,2.16,121.032265,297.0,0 / 25,10968,2022-01-10 17:04:43:497
0.17677,6.601499,4.073183,-1.447617,5.906898,7.693071,0.490372,1.028577,-0.403278,-2.656425,0.146736,0.426093,23.0,-7.65,-10.425,-40.125,43.0067,-44.4135,13.9638,5.0,33.84874,48.843918,2.3532498,329.3662,NaN,2.16,121.032265,297.0,0 / 25,10974,2022-01-10 17:04:43:503
0.17677,6.601499,4.073183,-1.447617,5.906898,7.693071,0.490372,1.028577,-0.403278,-2.656425,0.146736,0.426093,23.0,-7.65,-10.425,-40.125,43.0067,-44.4135,13.9638,5.0,33.84874,48.843918,2.3532498,329.3662,NaN,2.16,121.032265,297.0,0 / 25,10978,2022-01-10 17:04:43:507
0.17677,6.601499,4.073183,-1.447617,5.906898,7.693071,0.490372,1.028577,-0.403278,-2.656425,0.146736,0.426093,23.0,-7.65,-10.425,-40.125,43.0067,-44.4135,13.9638,5.0,33.84874,48.843918,2.3532498,329.3662,NaN,2.16,121.032265,297.0,0 / 25,10983,2022-01-10 17:04:43:512
0.17677,6.601499,4.073183,-1.447617,5.906898,7.693071,0.490372,1.028577,-0.403278,-2.656425,0.146736,0.426093,25.0,-7.65,-10.425,-40.125,43.0067,-44.4135,13.9638,5.0,33.84874,48.843918,2.3532498,329.3662,NaN,2.16,121.032265,297.0,0 / 25,10988,2022-01-10 17:04:43:517
0.17677,6.601499,4.073183,-1.447617,5.906898,7.693071,0.490372,1.028577,-0.403278,-2.656425,0.146736,0.426093,25.0,-7.125,-13.8,-39.75,50.6094,-37.0374,10.6568,5.0,33.84874,48.843918,2.3532498,329.3662,NaN,2.16,121.032265,297.0,0 / 25,10994,2022-01-10 17:04:43:523
0.17677,6.601499,4.073183,-1.447617,5.906898,7.693071,0.490372,1.028577,-0.403278,-2.656425,0.146736,0.426093,25.0,-7.125,-13.8,-39.75,50.6094,-37.0374,10.6568,5.0,33.84874,48.843918,2.3532498,329.3662,NaN,2.16,121.032265,297.0,0 / 25,10998,2022-01-10 17:04:43:527
0.17677,6.601499,4.073183,-1.447617,5.906898,7.693071,0.490372,1.028577,-0.403278,-2.656425,0.146736,0.426093,25.0,-7.125,-13.8,-39.75,50.6094,-37.0374,10.6568,5.0,33.84874,48.843918,2.3532498,329.3662,NaN,2.16,121.032265,297.0,0 / 25,11002,2022-01-10 17:04:43:531
0.17677,6.601499,4.073183,-1.447617,5.906898,7.693071,0.490372,1.028577,-0.403278,-2.656425,0.146736,0.426093,25.0,-7.125,-13.8,-39.75,50.6094,-37.0374,10.6568,5.0,33.84874,48.843918,2.3532498,329.3662,NaN,2.16,121.032265,297.0,0 / 25,11008,2022-01-10 17:04:43:537
0.17677,6.601499,4.073183,-1.447617,5.906898,7.693071,0.490372,1.028577,-0.403278,-2.656425,0.146736,0.426093,25.0,-7.125,-13.8,-39.75,50.6094,-37.0374,10.6568,5.0,33.84874,48.843918,2.3532498,329.3662,NaN,2.16,121.032265,297.0,0 / 25,11013,2022-01-10 17:04:43:542
0.17677,6.601499,4.073183,-1.447617,5.906898,7.693071,0.490372,1.028577,-0.403278,-2.656425,0.146736,0.426093,25.0,-7.125,-13.8,-39.75,50.6094,-37.0374,10.6568,5.0,29.60426,48.843918,2.3532498,329.3662,NaN,2.16,121.032265,297.0,0 / 25,11019,2022-01-10 17:04:43:548
0.17677,6.601499,4.073183,-1.447617,5.906898,7.693071,0.490372,1.028577,-0.403278,-2.656425,0.146736,0.426093,25.0,-7.125,-13.8,-39.75,50.6094,-37.0374,10.6568,5.0,29.60426,48.843918,2.3532498,329.3662,NaN,2.16,121.032265,297.0,0 / 25,11022,2022-01-10 17:04:43:551
0.17677,6.601499,4.073183,-1.447617,5.906898,7.693071,0.490372,1.028577,-0.403278,-2.656425,0.146736,0.426093,25.0,-7.125,-13.8,-39.75,50.6094,-37.0374,10.6568,5.0,29.60426,48.843918,2.3532498,329.3662,NaN,2.16,121.032265,297.0,0 / 25,11028,2022-01-10 17:04:43:557
-0.47348,3.535097,7.383653,-1.447617,5.906898,7.693071,0.490372,1.028577,-0.403278,-2.656425,0.146736,0.426093,25.0,-7.125,-13.8,-39.75,50.6094,-37.0374,10.6568,5.0,29.60426,48.843918,2.3532498,329.3662,NaN,2.16,121.032265,297.0,0 / 25,11032,2022-01-10 17:04:43:561
-0.47348,3.535097,7.383653,-1.447617,5.906898,7.693071,0.490372,1.028577,-0.403278,-2.656425,0.146736,0.426093,25.0,-7.125,-13.8,-39.75,50.6094,-37.0374,10.6568,5.0,29.60426,48.843918,2.3532498,329.3662,NaN,2.16,121.032265,297.0,0 / 25,11038,2022-01-10 17:04:43:567
-0.47348,3.535097,7.383653,-1.447617,5.906898,7.693071,0.490372,1.028577,-0.403278,-2.656425,0.146736,0.426093,25.0,-7.125,-13.8,-39.75,50.6094,-37.0374,10.6568,5.0,29.60426,48.843918,2.3532498,329.3662,NaN,2.16,121.032265,297.0,0 / 25,11043,2022-01-10 17:04:43:572
-0.47348,3.535097,7.383653,-1.447617,5.906898,7.693071,0.490372,1.028577,-0.403278,-2.656425,0.146736,0.426093,25.0,-7.125,-13.8,-39.75,50.6094,-37.0374,10.6568,5.0,29.60426,48.843918,2.3532498,329.3662,NaN,2.16,121.032265,297.0,0 / 25,11048,2022-01-10 17:04:43:577
-0.47348,3.535097,7.383653,-1.447617,5.906898,7.693071,0.490372,1.028577,-0.403278,-2.656425,0.146736,0.426093,25.0,-7.125,-13.8,-39.75,50.6094,-37.0374,10.6568,5.0,29.60426,48.843918,2.3532498,329.3662,NaN,2.16,121.032265,297.0,0 / 25,11053,2022-01-10 17:04:43:582
-0.47348,3.535097,7.383653,-1.447617,5.906898,7.693071,0.490372,1.028577,-0.403278,-2.656425,0.146736,0.426093,25.0,-7.125,-13.8,-39.75,50.6094,-37.0374,10.6568,5.0,29.60426,48.843918,2.3532498,329.3662,NaN,2.16,121.032265,297.0,0 / 25,11058,2022-01-10 17:04:43:587
-0.47348,3.535097,7.383653,-1.447617,5.906898,7.693071,0.490372,1.028577,-0.403278,-2.656425,0.146736,0.426093,25.0,-7.125,-13.8,-39.75,50.6094,-37.0374,10.6568,5.0,29.60426,48.843918,2.3532498,329.3662,NaN,2.16,121.032265,297.0,0 / 25,11064,2022-01-10 17:04:43:593
-0.47348,3.535097,7.383653,-0.992575,2.237897,9.496157,-0.465621,2.240046,-1.653003,-2.656425,0.146736,0.426093,25.0,-7.125,-13.8,-39.75,50.6094,-37.0374,10.6568,5.0,29.60426,48.843918,2.3532498,329.3662,NaN,2.16,121.032265,297.0,0 / 25,11068,2022-01-10 17:04:43:597
-0.47348,3.535097,7.383653,-0.992575,2.237897,9.496157,-0.465621,2.240046,-1.653003,-2.656425,0.146736,0.426093,25.0,-7.125,-13.8,-39.75,50.6094,-37.0374,10.6568,5.0,29.60426,48.843918,2.3532498,329.3662,NaN,2.16,121.032265,297.0,0 / 25,11072,2022-01-10 17:04:43:601
-0.47348,3.535097,7.383653,-0.992575,2.237897,9.496157,-0.465621,2.240046,-1.653003,-2.656425,0.146736,0.426093,25.0,-7.125,-13.8,-39.75,50.6094,-37.0374,10.6568,5.0,29.60426,48.843918,2.3532498,329.3662,NaN,2.16,121.032265,297.0,0 / 25,11078,2022-01-10 17:04:43:607
-0.47348,3.535097,7.383653,-0.992575,2.237897,9.496157,-0.465621,2.240046,-1.653003,-2.656425,0.146736,0.426093,25.0,-7.125,-13.8,-39.75,50.6094,-37.0374,10.6568,5.0,29.60426,48.843918,2.3532498,329.3662,NaN,2.16,121.032265,297.0,0 / 25,11082,2022-01-10 17:04:43:611
-0.47348,3.535097,7.383653,-0.992575,2.237897,9.496157,-0.465621,2.240046,-1.653003,-2.656425,0.146736,0.426093,25.0,-7.125,-13.8,-39.75,50.6094,-37.0374,10.6568,5.0,29.60426,48.843918,2.3532498,329.3662,NaN,2.16,121.032265,297.0,0 / 25,11088,2022-01-10 17:04:43:617
-0.47348,3.535097,7.383653,-0.992575,2.237897,9.496157,-0.465621,2.240046,-1.653003,-2.656425,0.146736,0.426093,25.0,-7.125,-13.8,-39.75,50.6094,-37.0374,10.6568,5.0,29.60426,48.843918,2.3532498,329.3662,NaN,2.16,121.032265,297.0,0 / 25,11093,2022-01-10 17:04:43:622
-0.47348,3.535097,7.383653,-0.992575,2.237897,9.496157,-0.465621,2.240046,-1.653003,-2.656425,0.146736,0.426093,25.0,-7.125,-13.8,-39.75,50.6094,-37.0374,10.6568,5.0,29.60426,48.843918,2.3532498,329.3662,NaN,2.16,121.032265,297.0,0 / 25,11098,2022-01-10 17:04:43:627
-0.47348,3.535097,7.383653,-0.992575,2.237897,9.496157,-0.465621,2.240046,-1.653003,-4.407268,0.924755,1.114633,25.0,-7.125,-13.8,-39.75,50.6094,-37.0374,10.6568,5.0,29.60426,48.843918,2.3532498,329.3662,NaN,2.16,121.032265,297.0,0 / 25,11103,2022-01-10 17:04:43:632
-0.47348,3.535097,7.383653,-0.992575,2.237897,9.496157,-0.465621,2.240046,-1.653003,-4.407268,0.924755,1.114633,25.0,-7.125,-13.8,-39.75,50.6094,-37.0374,10.6568,5.0,29.60426,48.843918,2.3532498,329.3662,NaN,2.16,121.032265,297.0,0 / 25,11108,2022-01-10 17:04:43:637
-0.47348,3.535097,7.383653,-0.992575,2.237897,9.496157,-0.465621,2.240046,-1.653003,-4.407268,0.924755,1.114633,25.0,-7.125,-13.8,-39.75,50.6094,-37.0374,10.6568,5.0,29.60426,48.843918,2.3532498,329.3662,NaN,2.16,121.032265,297.0,0 / 25,11113,2022-01-10 17:04:43:642
-0.47348,3.535097,7.383653,-0.992575,2.237897,9.496157,-0.465621,2.240046,-1.653003,-4.407268,0.924755,1.114633,25.0,-7.125,-13.8,-39.75,50.6094,-37.0374,10.6568,5.0,29.60426,48.843918,2.3532498,329.3662,NaN,2.16,121.032265,297.0,0 / 25,11117,2022-01-10 17:04:43:646
-0.47348,3.535097,7.383653,-0.992575,2.237897,9.496157,-0.465621,2.240046,-1.653003,-4.407268,0.924755,1.114633,25.0,-7.125,-13.8,-39.75,50.6094,-37.0374,10.6568,5.0,29.60426,48.843918,2.3532498,329.3662,NaN,2.16,121.032265,297.0,0 / 25,11123,2022-01-10 17:04:43:652
-0.47348,3.535097,7.383653,-0.992575,2.237897,9.496157,-0.465621,2.240046,-1.653003,-4.407268,0.924755,1.114633,25.0,-7.125,-13.8,-39.75,50.6094,-37.0374,10.6568,5.0,29.60426,48.843918,2.3532498,329.3662,NaN,2.16,121.032265,297.0,0 / 25,11128,2022-01-10 17:04:43:657
-0.045763,-1.75035,13.154243,-0.992575,2.237897,9.496157,-0.465621,2.240046,-1.653003,-4.407268,0.924755,1.114633,25.0,-7.125,-7.575,-40.05,84.2302,-13.1912,5.9671,5.0,29.60426,48.843918,2.3532498,329.3662,NaN,2.16,121.032265,297.0,0 / 25,11133,2022-01-10 17:04:43:662
-0.045763,-1.75035,13.154243,-0.992575,2.237897,9.496157,-0.465621,2.240046,-1.653003,-4.407268,0.924755,1.114633,25.0,-7.125,-7.575,-40.05,84.2302,-13.1912,5.9671,5.0,29.60426,48.843918,2.3532498,329.3662,NaN,2.16,121.032265,297.0,0 / 25,11137,2022-01-10 17:04:43:666
-0.045763,-1.75035,13.154243,-0.992575,2.237897,9.496157,-0.465621,2.240046,-1.653003,-4.407268,0.924755,1.114633,25.0,-7.125,-7.575,-40.05,84.2302,-13.1912,5.9671,5.0,29.60426,48.843918,2.3532498,329.3662,NaN,2.16,121.032265,297.0,0 / 25,11143,2022-01-10 17:04:43:672
-0.045763,-1.75035,13.154243,-0.992575,2.237897,9.496157,-0.465621,2.240046,-1.653003,-4.407268,0.924755,1.114633,25.0,-7.125,-7.575,-40.05,84.2302,-13.1912,5.9671,5.0,29.60426,48.843918,2.3532498,329.3662,NaN,2.16,121.032265,297.0,0 / 25,11148,2022-01-10 17:04:43:677
-0.045763,-1.75035,13.154243,-0.992575,2.237897,9.496157,-0.465621,2.240046,-1.653003,-4.407268,0.924755,1.114633,25.0,-7.125,-7.575,-40.05,84.2302,-13.1912,5.9671,5.0,29.60426,48.843918,2.3532498,329.3662,NaN,2.16,121.032265,297.0,0 / 25,11153,2022-01-10 17:04:43:682
-0.045763,-1.75035,13.154243,-0.992575,2.237897,9.496157,-0.465621,2.240046,-1.653003,-4.407268,0.924755,1.114633,25.0,-7.125,-7.575,-40.05,84.2302,-13.1912,5.9671,5.0,29.60426,48.843918,2.3532498,329.3662,NaN,2.16,121.032265,297.0,0 / 25,11159,2022-01-10 17:04:43:688
-0.045763,-1.75035,13.154243,-0.992575,2.237897,9.496157,-0.465621,2.240046,-1.653003,-4.407268,0.924755,1.114633,98.0,-7.125,-7.575,-40.05,84.2302,-13.1912,5.9671,5.0,29.60426,48.843918,2.3532498,329.3662,NaN,2.16,121.032265,297.0,0 / 25,11163,2022-01-10 17:04:43:692
-0.045763,-1.75035,13.154243,-0.992575,2.237897,9.496157,-0.465621,2.240046,-1.653003,-4.407268,0.924755,1.114633,98.0,-7.125,-7.575,-40.05,84.2302,-13.1912,5.9671,5.0,29.60426,48.843918,2.3532498,329.3662,NaN,2.16,121.032265,297.0,0 / 25,11168,2022-01-10 17:04:43:697
-0.045763,-1.75035,13.154243,-0.992575,2.237897,9.496157,-0.465621,2.240046,-1.653003,-4.407268,0.924755,1.114633,98.0,-7.125,-7.575,-40.05,84.2302,-13.1912,5.9671,5.0,29.60426,48.843918,2.3532498,329.3662,NaN,2.16,121.032265,297.0,0 / 25,11173,2022-01-10 17:04:43:702
-0.045763,-1.75035,13.154243,-0.992575,2.237897,9.496157,-0.465621,2.240046,-1.653003,-4.407268,0.924755,1.114633,98.0,-7.125,-7.575,-40.05,84.2302,-13.1912,5.9671,5.0,29.60426,48.843918,2.3532498,329.3662,NaN,2.16,121.032265,297.0,0 / 25,11178,2022-01-10 17:04:43:707
-0.045763,-1.75035,13.154243,-0.992575,2.237897,9.496157,-0.465621,2.240046,-1.653003,-4.407268,0.924755,1.114633,98.0,-7.125,-7.575,-40.05,84.2302,-13.1912,5.9671,5.0,29.60426,48.843918,2.3532498,329.3662,NaN,2.16,121.032265,297.0,0 / 25,11184,2022-01-10 17:04:43:713
-0.045763,-1.75035,13.154243,-1.819306,-1.910492,9.445133,1.157442,0.313742,2.474643,-4.407268,0.924755,1.114633,98.0,-7.125,-7.575,-40.05,84.2302,-13.1912,5.9671,5.0,29.60426,48.843918,2.3532498,329.3662,NaN,2.16,121.032265,297.0,0 / 25,11187,2022-01-10 17:04:43:716
-0.045763,-1.75035,13.154243,-1.819306,-1.910492,9.445133,1.157442,0.313742,2.474643,-4.407268,0.924755,1.114633,98.0,-7.125,-7.575,-40.05,84.2302,-13.1912,5.9671,5.0,29.60426,48.843918,2.3532498,329.3662,NaN,2.16,121.032265,297.0,0 / 25,11194,2022-01-10 17:04:43:723
-0.045763,-1.75035,13.154243,-1.819306,-1.910492,9.445133,1.157442,0.313742,2.474643,-4.407268,0.924755,1.114633,98.0,-7.125,-7.575,-40.05,84.2302,-13.1912,5.9671,5.0,29.60426,48.843918,2.3532498,329.3662,NaN,2.16,121.032265,297.0,0 / 25,11198,2022-01-10 17:04:43:727
-0.045763,-1.75035,13.154243,-1.819306,-1.910492,9.445133,1.157442,0.313742,2.474643,-4.407268,0.924755,1.114633,98.0,-7.125,-7.575,-40.05,84.2302,-13.1912,5.9671,5.0,29.60426,48.843918,2.3532498,329.3662,NaN,2.16,121.032265,297.0,0 / 25,11202,2022-01-10 17:04:43:731
-0.045763,-1.75035,13.154243,-1.819306,-1.910492,9.445133,1.157442,0.313742,2.474643,-4.407268,0.924755,1.114633,98.0,-7.125,-7.575,-40.05,84.2302,-13.1912,5.9671,5.0,29.60426,48.843918,2.3532498,329.3662,NaN,2.16,121.032265,297.0,0 / 25,11209,2022-01-10 17:04:43:738
-0.045763,-1.75035,13.154243,-1.819306,-1.910492,9.445133,1.157442,0.313742,2.474643,-4.407268,0.924755,1.114633,98.0,-7.125,-7.575,-40.05,84.2302,-13.1912,5.9671,5.0,29.60426,48.843918,2.3532498,329.3662,NaN,2.16,121.032265,297.0,0 / 25,11213,2022-01-10 17:04:43:742
-0.045763,-1.75035,13.154243,-1.819306,-1.910492,9.445133,1.157442,0.313742,2.474643,-4.407268,0.924755,1.114633,98.0,-7.125,-7.575,-40.05,84.2302,-13.1912,5.9671,5.0,29.60426,48.843918,2.3532498,329.3662,NaN,2.16,121.032265,297.0,0 / 25,11218,2022-01-10 17:04:43:747
-0.045763,-1.75035,13.154243,-1.819306,-1.910492,9.445133,1.157442,0.313742,2.474643,-4.407268,0.924755,1.114633,98.0,-7.125,-7.575,-40.05,84.2302,-13.1912,5.9671,5.0,29.60426,48.843918,2.3532498,329.3662,NaN,2.16,121.032265,297.0,0 / 25,11223,2022-01-10 17:04:43:752
0.273978,-2.515754,10.279865,-1.819306,-1.910492,9.445133,1.157442,0.313742,2.474643,-4.407268,0.924755,1.114633,98.0,-7.125,-7.575,-40.05,84.2302,-13.1912,5.9671,5.0,29.60426,48.843918,2.3532498,329.3662,NaN,2.16,121.032265,297.0,0 / 25,11228,2022-01-10 17:04:43:757
0.273978,-2.515754,10.279865,-1.819306,-1.910492,9.445133,1.157442,0.313742,2.474643,-4.407268,0.924755,1.114633,98.0,-7.125,-7.575,-40.05,84.2302,-13.1912,5.9671,5.0,29.60426,48.843918,2.3532498,329.3662,NaN,2.16,121.032265,297.0,0 / 25,11233,2022-01-10 17:04:43:762
0.273978,-2.515754,10.279865,-1.819306,-1.910492,9.445133,1.157442,0.313742,2.474643,-4.407268,0.924755,1.114633,98.0,-7.125,-7.575,-40.05,84.2302,-13.1912,5.9671,5.0,29.60426,48.843918,2.3532498,329.3662,NaN,2.16,121.032265,297.0,0 / 25,11238,2022-01-10 17:04:43:767
0.273978,-2.515754,10.279865,-1.819306,-1.910492,9.445133,1.157442,0.313742,2.474643,-4.407268,0.924755,1.114633,98.0,-7.125,-7.575,-40.05,84.2302,-13.1912,5.9671,5.0,29.60426,48.843918,2.3532498,329.3662,NaN,2.16,121.032265,297.0,0 / 25,11243,2022-01-10 17:04:43:772
0.273978,-2.515754,10.279865,-1.819306,-1.910492,9.445133,1.157442,0.313742,2.474643,-1.59958,0.151529,0.125431,98.0,-7.125,-7.575,-40.05,84.2302,-13.1912,5.9671,5.0,29.60426,48.843918,2.3532498,329.3662,NaN,2.16,121.032265,297.0,0 / 25,11247,2022-01-10 17:04:43:776
0.273978,-2.515754,10.279865,-1.819306,-1.910492,9.445133,1.157442,0.313742,2.474643,-1.59958,0.151529,0.125431,98.0,-6.45,3.75,-39.375,104.0329,11.234,10.9027,5.0,29.60426,48.843918,2.3532498,329.3662,NaN,2.16,121.032265,297.0,0 / 25,11254,2022-01-10 17:04:43:783
0.273978,-2.515754,10.279865,-1.819306,-1.910492,9.445133,1.157442,0.313742,2.474643,-1.59958,0.151529,0.125431,98.0,-6.45,3.75,-39.375,104.0329,11.234,10.9027,5.0,29.60426,48.843918,2.3532498,329.3662,NaN,2.16,121.032265,297.0,0 / 25,11258,2022-01-10 17:04:43:787
0.273978,-2.515754,10.279865,-1.819306,-1.910492,9.445133,1.157442,0.313742,2.474643,-1.59958,0.151529,0.125431,98.0,-6.45,3.75,-39.375,104.0329,11.234,10.9027,5.0,29.60426,48.843918,2.3532498,329.3662,NaN,2.16,121.032265,297.0,0 / 25,11262,2022-01-10 17:04:43:791
0.273978,-2.515754,10.279865,-1.819306,-1.910492,9.445133,1.157442,0.313742,2.474643,-1.59958,0.151529,0.125431,98.0,-6.45,3.75,-39.375,104.0329,11.234,10.9027,5.0,29.60426,48.843918,2.3532498,329.3662,NaN,2.16,121.032265,297.0,0 / 25,11268,2022-01-10 17:04:43:797
0.273978,-2.515754,10.279865,-1.819306,-1.910492,9.445133,1.157442,0.313742,2.474643,-1.59958,0.151529,0.125431,98.0,-6.45,3.75,-39.375,104.0329,11.234,10.9027,5.0,29.60426,48.843918,2.3532498,329.3662,NaN,2.16,121.032265,297.0,0 / 25,11272,2022-01-10 17:04:43:801
0.273978,-2.515754,10.279865,-1.819306,-1.910492,9.445133,1.157442,0.313742,2.474643,-1.59958,0.151529,0.125431,98.0,-6.45,3.75,-39.375,104.0329,11.234,10.9027,5.0,29.60426,48.843918,2.3532498,329.3662,NaN,2.16,121.032265,297.0,0 / 25,11277,2022-01-10 17:04:43:806
0.273978,-2.515754,10.279865,-1.819306,-1.910492,9.445133,1.157442,0.313742,2.474643,-1.59958,0.151529,0.125431,98.0,-6.45,3.75,-39.375,104.0329,11.234,10.9027,5.0,29.60426,48.843918,2.3532498,329.3662,NaN,2.16,121.032265,297.0,0 / 25,11283,2022-01-10 17:04:43:812
0.273978,-2.515754,10.279865,-1.819306,-1.910492,9.445133,1.157442,0.313742,2.474643,-1.59958,0.151529,0.125431,98.0,-6.45,3.75,-39.375,104.0329,11.234,10.9027,5.0,29.60426,48.843918,2.3532498,329.3662,NaN,2.16,121.032265,297.0,0 / 25,11287,2022-01-10 17:04:43:816
0.273978,-2.515754,10.279865,-1.819306,-1.910492,9.445133,1.157442,0.313742,2.474643,-1.59958,0.151529,0.125431,98.0,-6.45,3.75,-39.375,104.0329,11.234,10.9027,5.0,29.60426,48.843918,2.3532498,329.3662,NaN,2.16,121.032265,297.0,0 / 25,11293,2022-01-10 17:04:43:822
0.273978,-2.515754,10.279865,-1.275929,-4.14647,8.794838,0.862148,1.04131,1.087768,-1.59958,0.151529,0.125431,98.0,-6.45,3.75,-39.375,104.0329,11.234,10.9027,5.0,29.60426,48.843918,2.3532498,329.3662,NaN,2.16,121.032265,297.0,0 / 25,11297,2022-01-10 17:04:43:826
0.273978,-2.515754,10.279865,-1.275929,-4.14647,8.794838,0.862148,1.04131,1.087768,-1.59958,0.151529,0.125431,98.0,-6.45,3.75,-39.375,104.0329,11.234,10.9027,5.0,29.60426,48.843918,2.3532498,329.3662,NaN,2.16,121.032265,297.0,0 / 25,11302,2022-01-10 17:04:43:831
0.273978,-2.515754,10.279865,-1.275929,-4.14647,8.794838,0.862148,1.04131,1.087768,-1.59958,0.151529,0.125431,98.0,-6.45,3.75,-39.375,104.0329,11.234,10.9027,5.0,29.60426,48.843918,2.3532498,329.3662,NaN,2.16,121.032265,297.0,0 / 25,11308,2022-01-10 17:04:43:837
0.273978,-2.515754,10.279865,-1.275929,-4.14647,8.794838,0.862148,1.04131,1.087768,-1.59958,0.151529,0.125431,98.0,-6.45,3.75,-39.375,104.0329,11.234,10.9027,5.0,29.60426,48.843918,2.3532498,329.3662,NaN,2.16,121.032265,297.0,0 / 25,11313,2022-01-10 17:04:43:842
0.273978,-2.515754,10.279865,-1.275929,-4.14647,8.794838,0.862148,1.04131,1.087768,-1.59958,0.151529,0.125431,98.0,-6.45,3.75,-39.375,104.0329,11.234,10.9027,5.0,29.60426,48.843918,2.3532498,329.3662,NaN,2.16,121.032265,297.0,0 / 25,11317,2022-01-10 17:04:43:846
0.273978,-2.515754,10.279865,-1.275929,-4.14647,8.794838,0.862148,1.04131,1.087768,-1.59958,0.151529,0.125431,98.0,-6.45,3.75,-39.375,104.0329,11.234,10.9027,5.0,29.60426,48.843918,2.3532498,329.3662,NaN,2.16,121.032265,297.0,0 / 25,11322,2022-01-10 17:04:43:851
0.273978,-2.515754,10.279865,-1.275929,-4.14647,8.794838,0.862148,1.04131,1.087768,-1.59958,0.151529,0.125431,98.0,-6.45,3.75,-39.375,104.0329,11.234,10.9027,5.0,29.60426,48.843918,2.3532498,329.3662,NaN,2.16,121.032265,297.0,0 / 25,11328,2022-01-10 17:04:43:857
0.273978,-2.515754,10.279865,-1.275929,-4.14647,8.794838,0.862148,1.04131,1.087768,-1.59958,0.151529,0.125431,98.0,-6.45,3.75,-39.375,104.0329,11.234,10.9027,5.0,25.13799,48.843918,2.3532498,329.3662,NaN,2.16,121.032265,297.0,0 / 25,11332,2022-01-10 17:04:43:861
0.273978,-2.515754,10.279865,-1.275929,-4.14647,8.794838,0.862148,1.04131,1.087768,-1.59958,0.151529,0.125431,98.0,-6.45,3.75,-39.375,104.0329,11.234,10.9027,5.0,25.13799,48.843918,2.3532498,329.3662,NaN,2.16,121.032265,297.0,0 / 25,11337,2022-01-10 17:04:43:866
-0.189631,-5.494519,10.542178,-1.275929,-4.14647,8.794838,0.862148,1.04131,1.087768,-1.59958,0.151529,0.125431,187.0,-6.45,3.75,-39.375,104.0329,11.234,10.9027,5.0,25.13799,48.843918,2.3532498,329.3662,NaN,2.16,121.032265,297.0,0 / 25,11342,2022-01-10 17:04:43:871
-0.189631,-5.494519,10.542178,-1.275929,-4.14647,8.794838,0.862148,1.04131,1.087768,-1.59958,0.151529,0.125431,187.0,-6.45,3.75,-39.375,104.0329,11.234,10.9027,5.0,25.13799,48.843918,2.3532498,329.3662,NaN,2.16,121.032265,297.0,0 / 25,11348,2022-01-10 17:04:43:877
-0.189631,-5.494519,10.542178,-1.275929,-4.14647,8.794838,0.862148,1.04131,1.087768,-1.59958,0.151529,0.125431,187.0,-6.45,3.75,-39.375,104.0329,11.234,10.9027,5.0,25.13799,48.843918,2.3532498,329.3662,NaN,2.16,121.032265,297.0,0 / 25,11352,2022-01-10 17:04:43:881
-0.189631,-5.494519,10.542178,-1.275929,-4.14647,8.794838,0.862148,1.04131,1.087768,-1.59958,0.151529,0.125431,187.0,-6.45,3.75,-39.375,104.0329,11.234,10.9027,5.0,25.13799,48.843918,2.3532498,329.3662,NaN,2.16,121.032265,297.0,0 / 25,11357,2022-01-10 17:04:43:886
-0.189631,-5.494519,10.542178,-1.275929,-4.14647,8.794838,0.862148,1.04131,1.087768,-1.59958,0.151529,0.125431,187.0,-6.45,3.75,-39.375,104.0329,11.234,10.9027,5.0,25.13799,48.843918,2.3532498,329.3662,NaN,2.16,121.032265,297.0,0 / 25,11363,2022-01-10 17:04:43:892
-0.189631,-5.494519,10.542178,-1.275929,-4.14647,8.794838,0.862148,1.04131,1.087768,-1.59958,0.151529,0.125431,187.0,-6.45,3.75,-39.375,104.0329,11.234,10.9027,5.0,25.13799,48.843918,2.3532498,329.3662,NaN,2.16,121.032265,297.0,0 / 25,11367,2022-01-10 17:04:43:896
-0.189631,-5.494519,10.542178,-1.275929,-4.14647,8.794838,0.862148,1.04131,1.087768,-1.59958,0.151529,0.125431,187.0,-6.45,3.75,-39.375,104.0329,11.234,10.9027,5.0,25.13799,48.843918,2.3532498,329.3662,NaN,2.16,121.032265,297.0,0 / 25,11373,2022-01-10 17:04:43:902
-0.189631,-5.494519,10.542178,-1.275929,-4.14647,8.794838,0.862148,1.04131,1.087768,-2.291582,-0.263246,0.099732,187.0,-6.45,3.75,-39.375,104.0329,11.234,10.9027,5.0,25.13799,48.843918,2.3532498,329.3662,NaN,2.16,121.032265,297.0,0 / 25,11378,2022-01-10 17:04:43:907
-0.189631,-5.494519,10.542178,-1.275929,-4.14647,8.794838,0.862148,1.04131,1.087768,-2.291582,-0.263246,0.099732,187.0,-6.45,3.75,-39.375,104.0329,11.234,10.9027,5.0,25.13799,48.843918,2.3532498,329.3662,NaN,2.16,121.032265,297.0,0 / 25,11382,2022-01-10 17:04:43:911
-0.189631,-5.494519,10.542178,-1.275929,-4.14647,8.794838,0.862148,1.04131,1.087768,-2.291582,-0.263246,0.099732,187.0,-6.45,3.75,-39.375,104.0329,11.234,10.9027,5.0,25.13799,48.843918,2.3532498,329.3662,NaN,2.16,121.032265,297.0,0 / 25,11388,2022-01-10 17:04:43:917
-0.189631,-5.494519,10.542178,-1.275929,-4.14647,8.794838,0.862148,1.04131,1.087768,-2.291582,-0.263246,0.099732,187.0,-6.225,16.5,-36.075,86.3631,25.0129,8.2547,5.0,25.13799,48.843918,2.3532498,329.3662,NaN,2.16,121.032265,297.0,0 / 25,11393,2022-01-10 17:04:43:922
-0.189631,-5.494519,10.542178,-1.275929,-4.14647,8.794838,0.862148,1.04131,1.087768,-2.291582,-0.263246,0.099732,187.0,-6.225,16.5,-36.075,86.3631,25.0129,8.2547,5.0,25.13799,48.843918,2.3532498,329.3662,NaN,2.16,121.032265,297.0,0 / 25,11398,2022-01-10 17:04:43:927
-0.189631,-5.494519,10.542178,-1.275929,-4.14647,8.794838,0.862148,1.04131,1.087768,-2.291582,-0.263246,0.099732,187.0,-6.225,16.5,-36.075,86.3631,25.0129,8.2547,5.0,25.13799,48.843918,2.3532498,329.3662,NaN,2.16,121.032265,297.0,0 / 25,11404,2022-01-10 17:04:43:933
-0.189631,-5.494519,10.542178,-1.275929,-4.14647,8.794838,0.862148,1.04131,1.087768,-2.291582,-0.263246,0.099732,187.0,-6.225,16.5,-36.075,86.3631,25.0129,8.2547,5.0,25.13799,48.843918,2.3532498,329.3662,NaN,2.16,121.032265,297.0,0 / 25,11408,2022-01-10 17:04:43:937
-0.189631,-5.494519,10.542178,-1.275929,-4.14647,8.794838,0.862148,1.04131,1.087768,-2.291582,-0.263246,0.099732,187.0,-6.225,16.5,-36.075,86.3631,25.0129,8.2547,5.0,25.13799,48.843918,2.3532498,329.3662,NaN,2.16,121.032265,297.0,0 / 25,11415,2022-01-10 17:04:43:944
-0.189631,-5.494519,10.542178,-1.275929,-4.14647,8.794838,0.862148,1.04131,1.087768,-2.291582,-0.263246,0.099732,187.0,-6.225,16.5,-36.075,86.3631,25.0129,8.2547,5.0,25.13799,48.843918,2.3532498,329.3662,NaN,2.16,121.032265,297.0,0 / 25,11418,2022-01-10 17:04:43:947
-0.189631,-5.494519,10.542178,-1.083093,-5.86886,7.781631,1.042703,-0.238186,3.408687,-2.291582,-0.263246,0.099732,187.0,-6.225,16.5,-36.075,86.3631,25.0129,8.2547,5.0,25.13799,48.843918,2.3532498,329.3662,NaN,2.16,121.032265,297.0,0 / 25,11422,2022-01-10 17:04:43:951
-0.189631,-5.494519,10.542178,-1.083093,-5.86886,7.781631,1.042703,-0.238186,3.408687,-2.291582,-0.263246,0.099732,187.0,-6.225,16.5,-36.075,86.3631,25.0129,8.2547,5.0,25.13799,48.843918,2.3532498,329.3662,NaN,2.16,121.032265,297.0,0 / 25,11427,2022-01-10 17:04:43:956
-0.189631,-5.494519,10.542178,-1.083093,-5.86886,7.781631,1.042703,-0.238186,3.408687,-2.291582,-0.263246,0.099732,187.0,-6.225,16.5,-36.075,86.3631,25.0129,8.2547,5.0,25.13799,48.843918,2.3532498,329.3662,NaN,2.16,121.032265,297.0,0 / 25,11433,2022-01-10 17:04:43:962
-0.189631,-5.494519,10.542178,-1.083093,-5.86886,7.781631,1.042703,-0.238186,3.408687,-2.291582,-0.263246,0.099732,187.0,-6.225,16.5,-36.075,86.3631,25.0129,8.2547,5.0,25.13799,48.843918,2.3532498,329.3662,NaN,2.16,121.032265,297.0,0 / 25,11437,2022-01-10 17:04:43:966
-0.189631,-5.494519,10.542178,-1.083093,-5.86886,7.781631,1.042703,-0.238186,3.408687,-2.291582,-0.263246,0.099732,187.0,-6.225,16.5,-36.075,86.3631,25.0129,8.2547,5.0,25.13799,48.843918,2.3532498,329.3662,NaN,2.16,121.032265,297.0,0 / 25,11443,2022-01-10 17:04:43:972
-0.189631,-5.494519,10.542178,-1.083093,-5.86886,7.781631,1.042703,-0.238186,3.408687,-2.291582,-0.263246,0.099732,187.0,-6.225,16.5,-36.075,86.3631,25.0129,8.2547,5.0,25.13799,48.843918,2.3532498,329.3662,NaN,2.16,121.032265,297.0,0 / 25,11448,2022-01-10 17:04:43:977
-0.189631,-5.494519,10.542178,-1.083093,-5.86886,7.781631,1.042703,-0.238186,3.408687,-2.291582,-0.263246,0.099732,187.0,-6.225,16.5,-36.075,86.3631,25.0129,8.2547,5.0,25.13799,48.843918,2.3532498,329.3662,NaN,2.16,121.032265,297.0,0 / 25,11452,2022-01-10 17:04:43:981
-0.113061,-5.496912,7.472187,-1.083093,-5.86886,7.781631,1.042703,-0.238186,3.408687,-2.291582,-0.263246,0.099732,187.0,-6.225,16.5,-36.075,86.3631,25.0129,8.2547,5.0,25.13799,48.843918,2.3532498,329.3662,NaN,2.16,121.032265,297.0,0 / 25,11458,2022-01-10 17:04:43:987
-0.113061,-5.496912,7.472187,-1.083093,-5.86886,7.781631,1.042703,-0.238186,3.408687,-2.291582,-0.263246,0.099732,187.0,-6.225,16.5,-36.075,86.3631,25.0129,8.2547,5.0,25.13799,48.843918,2.3532498,329.3662,NaN,2.16,121.032265,297.0,0 / 25,11463,2022-01-10 17:04:43:992
-0.113061,-5.496912,7.472187,-1.083093,-5.86886,7.781631,1.042703,-0.238186,3.408687,-2.291582,-0.263246,0.099732,187.0,-6.225,16.5,-36.075,86.3631,25.0129,8.2547,5.0,25.13799,48.843918,2.3532498,329.3662,NaN,2.16,121.032265,297.0,0 / 25,11468,2022-01-10 17:04:43:997
-0.113061,-5.496912,7.472187,-1.083093,-5.86886,7.781631,1.042703,-0.238186,3.408687,-2.291582,-0.263246,0.099732,187.0,-6.225,16.5,-36.075,86.3631,25.0129,8.2547,5.0,25.13799,48.843918,2.3532498,329.3662,NaN,2.16,121.032265,297.0,0 / 25,11473,2022-01-10 17:04:44:002
-0.113061,-5.496912,7.472187,-1.083093,-5.86886,7.781631,1.042703,-0.238186,3.408687,-2.291582,-0.263246,0.099732,187.0,-6.225,16.5,-36.075,86.3631,25.0129,8.2547,5.0,25.13799,48.843918,2.3532498,329.3662,NaN,2.16,121.032265,297.0,0 / 25,11480,2022-01-10 17:04:44:009
-0.113061,-5.496912,7.472187,-1.083093,-5.86886,7.781631,1.042703,-0.238186,3.408687,-2.291582,-0.263246,0.099732,187.0,-6.225,16.5,-36.075,86.3631,25.0129,8.2547,5.0,25.13799,48.843918,2.3532498,329.3662,NaN,2.16,121.032265,297.0,0 / 25,11482,2022-01-10 17:04:44:011
-0.113061,-5.496912,7.472187,-1.083093,-5.86886,7.781631,1.042703,-0.238186,3.408687,-2.291582,-0.263246,0.099732,187.0,-6.225,16.5,-36.075,86.3631,25.0129,8.2547,5.0,25.13799,48.843918,2.3532498,329.3662,NaN,2.16,121.032265,297.0,0 / 25,11489,2022-01-10 17:04:44:018
-0.113061,-5.496912,7.472187,-1.083093,-5.86886,7.781631,1.042703,-0.238186,3.408687,-2.291582,-0.263246,0.099732,187.0,-6.225,16.5,-36.075,86.3631,25.0129,8.2547,5.0,25.13799,48.843918,2.3532498,329.3662,NaN,2.16,121.032265,297.0,0 / 25,11493,2022-01-10 17:04:44:022
-0.113061,-5.496912,7.472187,-1.083093,-5.86886,7.781631,1.042703,-0.238186,3.408687,0.95365,-0.867899,0.345269,187.0,-6.225,16.5,-36.075,86.3631,25.0129,8.2547,5.0,25.13799,48.843918,2.3532498,329.3662,NaN,2.16,121.032265,297.0,0 / 25,11498,2022-01-10 17:04:44:027
-0.113061,-5.496912,7.472187,-1.083093,-5.86886,7.781631,1.042703,-0.238186,3.408687,0.95365,-0.867899,0.345269,187.0,-6.225,16.5,-36.075,86.3631,25.0129,8.2547,5.0,25.13799,48.843918,2.3532498,329.3662,NaN,2.16,121.032265,297.0,0 / 25,11503,2022-01-10 17:04:44:032
-0.113061,-5.496912,7.472187,-1.083093,-5.86886,7.781631,1.042703,-0.238186,3.408687,0.95365,-0.867899,0.345269,187.0,-6.225,16.5,-36.075,86.3631,25.0129,8.2547,5.0,25.13799,48.843918,2.3532498,329.3662,NaN,2.16,121.032265,297.0,0 / 25,11508,2022-01-10 17:04:44:037
-0.113061,-5.496912,7.472187,-1.083093,-5.86886,7.781631,1.042703,-0.238186,3.408687,0.95365,-0.867899,0.345269,202.0,-6.225,16.5,-36.075,86.3631,25.0129,8.2547,5.0,25.13799,48.843918,2.3532498,329.3662,NaN,2.16,121.032265,297.0,0 / 25,11513,2022-01-10 17:04:44:042
-0.113061,-5.496912,7.472187,-1.083093,-5.86886,7.781631,1.042703,-0.238186,3.408687,0.95365,-0.867899,0.345269,202.0,-6.225,16.5,-36.075,86.3631,25.0129,8.2547,5.0,25.13799,48.843918,2.3532498,329.3662,NaN,2.16,121.032265,297.0,0 / 25,11518,2022-01-10 17:04:44:047
-0.113061,-5.496912,7.472187,-1.083093,-5.86886,7.781631,1.042703,-0.238186,3.408687,0.95365,-0.867899,0.345269,202.0,-6.225,16.5,-36.075,86.3631,25.0129,8.2547,5.0,25.13799,48.843918,2.3532498,329.3662,NaN,2.16,121.032265,297.0,0 / 25,11523,2022-01-10 17:04:44:052
-0.113061,-5.496912,7.472187,-1.083093,-5.86886,7.781631,1.042703,-0.238186,3.408687,0.95365,-0.867899,0.345269,202.0,-6.225,16.5,-36.075,86.3631,25.0129,8.2547,5.0,25.13799,48.843918,2.3532498,329.3662,NaN,2.16,121.032265,297.0,0 / 25,11529,2022-01-10 17:04:44:058
-0.113061,-5.496912,7.472187,-1.083093,-5.86886,7.781631,1.042703,-0.238186,3.408687,0.95365,-0.867899,0.345269,202.0,-5.625,27.825,-31.575,69.0725,36.7595,7.9239,5.0,25.13799,48.843918,2.3532498,329.3662,NaN,2.16,121.032265,297.0,0 / 25,11535,2022-01-10 17:04:44:064
-0.113061,-5.496912,7.472187,-1.083093,-5.86886,7.781631,1.042703,-0.238186,3.408687,0.95365,-0.867899,0.345269,202.0,-5.625,27.825,-31.575,69.0725,36.7595,7.9239,5.0,25.13799,48.843918,2.3532498,329.3662,NaN,2.16,121.032265,297.0,0 / 25,11538,2022-01-10 17:04:44:067
0.951745,-5.493322,8.206485,-0.87571,-4.869979,8.466806,0.84027,-0.626304,0.486996,0.95365,-0.867899,0.345269,202.0,-5.625,27.825,-31.575,69.0725,36.7595,7.9239,5.0,25.13799,48.843918,2.3532498,329.3662,NaN,2.16,121.032265,297.0,0 / 25,11543,2022-01-10 17:04:44:072
0.951745,-5.493322,8.206485,-0.87571,-4.869979,8.466806,0.84027,-0.626304,0.486996,0.95365,-0.867899,0.345269,202.0,-5.625,27.825,-31.575,69.0725,36.7595,7.9239,5.0,25.13799,48.843918,2.3532498,329.3662,NaN,2.16,121.032265,297.0,0 / 25,11548,2022-01-10 17:04:44:077
0.951745,-5.493322,8.206485,-0.87571,-4.869979,8.466806,0.84027,-0.626304,0.486996,0.95365,-0.867899,0.345269,202.0,-5.625,27.825,-31.575,69.0725,36.7595,7.9239,5.0,25.13799,48.843918,2.3532498,329.3662,NaN,2.16,121.032265,297.0,0 / 25,11553,2022-01-10 17:04:44:082
0.951745,-5.493322,8.206485,-0.87571,-4.869979,8.466806,0.84027,-0.626304,0.486996,0.95365,-0.867899,0.345269,202.0,-5.625,27.825,-31.575,69.0725,36.7595,7.9239,5.0,25.13799,48.843918,2.3532498,329.3662,NaN,2.16,121.032265,297.0,0 / 25,11558,2022-01-10 17:04:44:087
0.951745,-5.493322,8.206485,-0.87571,-4.869979,8.466806,0.84027,-0.626304,0.486996,0.95365,-0.867899,0.345269,202.0,-5.625,27.825,-31.575,69.0725,36.7595,7.9239,5.0,25.13799,48.843918,2.3532498,329.3662,NaN,2.16,121.032265,297.0,0 / 25,11563,2022-01-10 17:04:44:092
0.951745,-5.493322,8.206485,-0.87571,-4.869979,8.466806,0.84027,-0.626304,0.486996,0.95365,-0.867899,0.345269,202.0,-5.625,27.825,-31.575,69.0725,36.7595,7.9239,5.0,25.13799,48.843918,2.3532498,329.3662,NaN,2.16,121.032265,297.0,0 / 25,11568,2022-01-10 17:04:44:097
0.951745,-5.493322,8.206485,-0.87571,-4.869979,8.466806,0.84027,-0.626304,0.486996,0.95365,-0.867899,0.345269,202.0,-5.625,27.825,-31.575,69.0725,36.7595,7.9239,5.0,25.13799,48.843918,2.3532498,329.3662,NaN,2.16,121.032265,297.0,0 / 25,11574,2022-01-10 17:04:44:103
0.951745,-5.493322,8.206485,-0.87571,-4.869979,8.466806,0.84027,-0.626304,0.486996,0.95365,-0.867899,0.345269,202.0,-5.625,27.825,-31.575,69.0725,36.7595,7.9239,5.0,25.13799,48.843918,2.3532498,329.3662,NaN,2.16,121.032265,297.0,0 / 25,11577,2022-01-10 17:04:44:106
0.951745,-5.493322,8.206485,-0.87571,-4.869979,8.466806,0.84027,-0.626304,0.486996,0.95365,-0.867899,0.345269,202.0,-5.625,27.825,-31.575,69.0725,36.7595,7.9239,5.0,25.13799,48.843918,2.3532498,329.3662,NaN,2.16,121.032265,297.0,0 / 25,11583,2022-01-10 17:04:44:112
0.951745,-5.493322,8.206485,-0.87571,-4.869979,8.466806,0.84027,-0.626304,0.486996,0.95365,-0.867899,0.345269,202.0,-5.625,27.825,-31.575,69.0725,36.7595,7.9239,5.0,25.13799,48.843918,2.3532498,329.3662,NaN,2.16,121.032265,297.0,0 / 25,11588,2022-01-10 17:04:44:117
0.951745,-5.493322,8.206485,-0.87571,-4.869979,8.466806,0.84027,-0.626304,0.486996,0.95365,-0.867899,0.345269,202.0,-5.625,27.825,-31.575,69.0725,36.7595,7.9239,5.0,25.13799,48.843918,2.3532498,329.3662,NaN,2.16,121.032265,297.0,0 / 25,11593,2022-01-10 17:04:44:122
0.951745,-5.493322,8.206485,-0.87571,-4.869979,8.466806,0.84027,-0.626304,0.486996,0.95365,-0.867899,0.345269,202.0,-5.625,27.825,-31.575,69.0725,36.7595,7.9239,5.0,25.13799,48.843918,2.3532498,329.3662,NaN,2.16,121.032265,297.0,0 / 25,11597,2022-01-10 17:04:44:126
0.951745,-5.493322,8.206485,-0.87571,-4.869979,8.466806,0.84027,-0.626304,0.486996,0.95365,-0.867899,0.345269,202.0,-5.625,27.825,-31.575,69.0725,36.7595,7.9239,5.0,25.13799,48.843918,2.3532498,329.3662,NaN,2.16,121.032265,297.0,0 / 25,11602,2022-01-10 17:04:44:131
0.951745,-5.493322,8.206485,-0.87571,-4.869979,8.466806,0.84027,-0.626304,0.486996,0.95365,-0.867899,0.345269,202.0,-5.625,27.825,-31.575,69.0725,36.7595,7.9239,5.0,25.13799,48.843918,2.3532498,329.3662,NaN,2.16,121.032265,297.0,0 / 25,11608,2022-01-10 17:04:44:137
0.951745,-5.493322,8.206485,-0.87571,-4.869979,8.466806,0.84027,-0.626304,0.486996,0.95365,-0.867899,0.345269,202.0,-5.625,27.825,-31.575,69.0725,36.7595,7.9239,5.0,25.13799,48.843918,2.3532498,329.3662,NaN,2.16,121.032265,297.0,0 / 25,11612,2022-01-10 17:04:44:141
0.951745,-5.493322,8.206485,-0.87571,-4.869979,8.466806,0.84027,-0.626304,0.486996,0.95365,-0.867899,0.345269,202.0,-5.625,27.825,-31.575,69.0725,36.7595,7.9239,5.0,25.13799,48.843918,2.3532498,329.3662,NaN,2.16,121.032265,297.0,0 / 25,11618,2022-01-10 17:04:44:147
0.951745,-5.493322,8.206485,-0.87571,-4.869979,8.466806,0.84027,-0.626304,0.486996,0.95365,-0.867899,0.345269,202.0,-5.625,27.825,-31.575,69.0725,36.7595,7.9239,5.0,25.13799,48.843918,2.3532498,329.3662,NaN,2.16,121.032265,297.0,0 / 25,11623,2022-01-10 17:04:44:152
0.895514,-3.387638,10.270294,-0.87571,-4.869979,8.466806,0.84027,-0.626304,0.486996,1.340729,-1.103848,-0.147535,202.0,-5.625,27.825,-31.575,69.0725,36.7595,7.9239,5.0,25.13799,48.843918,2.3532498,329.3662,NaN,2.16,121.032265,297.0,0 / 25,11629,2022-01-10 17:04:44:158
0.895514,-3.387638,10.270294,-0.87571,-4.869979,8.466806,0.84027,-0.626304,0.486996,1.340729,-1.103848,-0.147535,202.0,-5.625,27.825,-31.575,69.0725,36.7595,7.9239,5.0,25.13799,48.843918,2.3532498,329.3662,NaN,2.16,121.032265,297.0,0 / 25,11633,2022-01-10 17:04:44:162
0.895514,-3.387638,10.270294,-0.87571,-4.869979,8.466806,0.84027,-0.626304,0.486996,1.340729,-1.103848,-0.147535,202.0,-5.625,27.825,-31.575,69.0725,36.7595,7.9239,5.0,25.13799,48.843918,2.3532498,329.3662,NaN,2.16,121.032265,297.0,0 / 25,11638,2022-01-10 17:04:44:167
0.895514,-3.387638,10.270294,-0.87571,-4.869979,8.466806,0.84027,-0.626304,0.486996,1.340729,-1.103848,-0.147535,202.0,-5.625,27.825,-31.575,69.0725,36.7595,7.9239,5.0,25.13799,48.843918,2.3532498,329.3662,NaN,2.16,121.032265,297.0,0 / 25,11643,2022-01-10 17:04:44:172
0.895514,-3.387638,10.270294,-0.87571,-4.869979,8.466806,0.84027,-0.626304,0.486996,1.340729,-1.103848,-0.147535,202.0,-5.625,27.825,-31.575,69.0725,36.7595,7.9239,5.0,25.13799,48.843918,2.3532498,329.3662,NaN,2.16,121.032265,297.0,0 / 25,11648,2022-01-10 17:04:44:177
0.895514,-3.387638,10.270294,-0.87571,-4.869979,8.466806,0.84027,-0.626304,0.486996,1.340729,-1.103848,-0.147535,202.0,-5.625,27.825,-31.575,69.0725,36.7595,7.9239,5.0,25.13799,48.843918,2.3532498,329.3662,NaN,2.16,121.032265,297.0,0 / 25,11653,2022-01-10 17:04:44:182
0.895514,-3.387638,10.270294,-0.87571,-4.869979,8.466806,0.84027,-0.626304,0.486996,1.340729,-1.103848,-0.147535,202.0,-5.475,33.375,-28.275,27.5309,29.7753,5.905,5.0,25.13799,48.843918,2.3532498,329.3662,NaN,2.16,121.032265,297.0,0 / 25,11658,2022-01-10 17:04:44:187
0.895514,-3.387638,10.270294,-0.87571,-4.869979,8.466806,0.84027,-0.626304,0.486996,1.340729,-1.103848,-0.147535,202.0,-5.475,33.375,-28.275,27.5309,29.7753,5.905,5.0,25.13799,48.843918,2.3532498,329.3662,NaN,2.16,121.032265,297.0,0 / 25,11665,2022-01-10 17:04:44:194
0.895514,-3.387638,10.270294,-0.87571,-4.869979,8.466806,0.84027,-0.626304,0.486996,1.340729,-1.103848,-0.147535,202.0,-5.475,33.375,-28.275,27.5309,29.7753,5.905,5.0,25.13799,48.843918,2.3532498,329.3662,NaN,2.16,121.032265,297.0,0 / 25,11668,2022-01-10 17:04:44:197
0.895514,-3.387638,10.270294,-0.147501,-3.33944,9.21937,0.305412,-1.208695,0.363375,1.340729,-1.103848,-0.147535,202.0,-5.475,33.375,-28.275,27.5309,29.7753,5.905,5.0,31.5744,48.843918,2.3532498,329.3662,NaN,2.16,121.032265,297.0,0 / 25,11673,2022-01-10 17:04:44:202
0.895514,-3.387638,10.270294,-0.147501,-3.33944,9.21937,0.305412,-1.208695,0.363375,1.340729,-1.103848,-0.147535,202.0,-5.475,33.375,-28.275,27.5309,29.7753,5.905,5.0,31.5744,48.843918,2.3532498,329.3662,NaN,2.16,121.032265,297.0,0 / 25,11677,2022-01-10 17:04:44:206
0.895514,-3.387638,10.270294,-0.147501,-3.33944,9.21937,0.305412,-1.208695,0.363375,1.340729,-1.103848,-0.147535,202.0,-5.475,33.375,-28.275,27.5309,29.7753,5.905,5.0,31.5744,48.843918,2.3532498,329.3662,NaN,2.16,121.032265,297.0,0 / 25,11683,2022-01-10 17:04:44:212
0.895514,-3.387638,10.270294,-0.147501,-3.33944,9.21937,0.305412,-1.208695,0.363375,1.340729,-1.103848,-0.147535,138.0,-5.475,33.375,-28.275,27.5309,29.7753,5.905,5.0,31.5744,48.843918,2.3532498,329.3662,NaN,2.16,121.032265,297.0,0 / 25,11688,2022-01-10 17:04:44:217
0.895514,-3.387638,10.270294,-0.147501,-3.33944,9.21937,0.305412,-1.208695,0.363375,1.340729,-1.103848,-0.147535,138.0,-5.475,33.375,-28.275,27.5309,29.7753,5.905,5.0,31.5744,48.843918,2.3532498,329.3662,NaN,2.16,121.032265,297.0,0 / 25,11693,2022-01-10 17:04:44:222
0.895514,-3.387638,10.270294,-0.147501,-3.33944,9.21937,0.305412,-1.208695,0.363375,1.340729,-1.103848,-0.147535,138.0,-5.475,33.375,-28.275,27.5309,29.7753,5.905,5.0,31.5744,48.843918,2.3532498,329.3662,NaN,2.16,121.032265,297.0,0 / 25,11699,2022-01-10 17:04:44:228
0.895514,-3.387638,10.270294,-0.147501,-3.33944,9.21937,0.305412,-1.208695,0.363375,1.340729,-1.103848,-0.147535,138.0,-5.475,33.375,-28.275,27.5309,29.7753,5.905,5.0,31.5744,48.843918,2.3532498,329.3662,NaN,2.16,121.032265,297.0,0 / 25,11703,2022-01-10 17:04:44:232
0.895514,-3.387638,10.270294,-0.147501,-3.33944,9.21937,0.305412,-1.208695,0.363375,1.340729,-1.103848,-0.147535,138.0,-5.475,33.375,-28.275,27.5309,29.7753,5.905,5.0,31.5744,48.843918,2.3532498,329.3662,NaN,2.16,121.032265,297.0,0 / 25,11707,2022-01-10 17:04:44:236
0.895514,-3.387638,10.270294,-0.147501,-3.33944,9.21937,0.305412,-1.208695,0.363375,1.340729,-1.103848,-0.147535,138.0,-5.475,33.375,-28.275,27.5309,29.7753,5.905,5.0,31.5744,48.843918,2.3532498,329.3662,NaN,2.16,121.032265,297.0,0 / 25,11713,2022-01-10 17:04:44:242
0.895514,-3.387638,10.270294,-0.147501,-3.33944,9.21937,0.305412,-1.208695,0.363375,1.340729,-1.103848,-0.147535,138.0,-5.475,33.375,-28.275,27.5309,29.7753,5.905,5.0,31.5744,48.843918,2.3532498,329.3662,NaN,2.16,121.032265,297.0,0 / 25,11717,2022-01-10 17:04:44:246
0.895514,-3.387638,10.270294,-0.147501,-3.33944,9.21937,0.305412,-1.208695,0.363375,1.340729,-1.103848,-0.147535,138.0,-5.475,33.375,-28.275,27.5309,29.7753,5.905,5.0,31.5744,48.843918,2.3532498,329.3662,NaN,2.16,121.032265,297.0,0 / 25,11722,2022-01-10 17:04:44:251
0.895514,-3.387638,10.270294,-0.147501,-3.33944,9.21937,0.305412,-1.208695,0.363375,1.340729,-1.103848,-0.147535,138.0,-5.475,33.375,-28.275,27.5309,29.7753,5.905,5.0,31.5744,48.843918,2.3532498,329.3662,NaN,2.16,121.032265,297.0,0 / 25,11727,2022-01-10 17:04:44:256
0.134895,-2.312065,9.349057,-0.147501,-3.33944,9.21937,0.305412,-1.208695,0.363375,1.340729,-1.103848,-0.147535,138.0,-5.475,33.375,-28.275,27.5309,29.7753,5.905,5.0,31.5744,48.843918,2.3532498,329.3662,NaN,2.16,121.032265,297.0,0 / 25,11733,2022-01-10 17:04:44:262
0.134895,-2.312065,9.349057,-0.147501,-3.33944,9.21937,0.305412,-1.208695,0.363375,1.340729,-1.103848,-0.147535,138.0,-5.475,33.375,-28.275,27.5309,29.7753,5.905,5.0,31.5744,48.843918,2.3532498,329.3662,NaN,2.16,121.032265,297.0,0 / 25,11737,2022-01-10 17:04:44:266
0.134895,-2.312065,9.349057,-0.147501,-3.33944,9.21937,0.305412,-1.208695,0.363375,1.340729,-1.103848,-0.147535,138.0,-5.475,33.375,-28.275,27.5309,29.7753,5.905,5.0,31.5744,48.843918,2.3532498,329.3662,NaN,2.16,121.032265,297.0,0 / 25,11743,2022-01-10 17:04:44:272
0.134895,-2.312065,9.349057,-0.147501,-3.33944,9.21937,0.305412,-1.208695,0.363375,1.340729,-1.103848,-0.147535,138.0,-5.475,33.375,-28.275,27.5309,29.7753,5.905,5.0,31.5744,48.843918,2.3532498,329.3662,NaN,2.16,121.032265,297.0,0 / 25,11747,2022-01-10 17:04:44:276
0.134895,-2.312065,9.349057,-0.147501,-3.33944,9.21937,0.305412,-1.208695,0.363375,1.340729,-1.103848,-0.147535,138.0,-5.475,33.375,-28.275,27.5309,29.7753,5.905,5.0,31.5744,48.843918,2.3532498,329.3662,NaN,2.16,121.032265,297.0,0 / 25,11752,2022-01-10 17:04:44:281
0.134895,-2.312065,9.349057,-0.147501,-3.33944,9.21937,0.305412,-1.208695,0.363375,1.340729,-1.103848,-0.147535,138.0,-5.475,33.375,-28.275,27.5309,29.7753,5.905,5.0,31.5744,48.843918,2.3532498,329.3662,NaN,2.16,121.032265,297.0,0 / 25,11758,2022-01-10 17:04:44:287
0.134895,-2.312065,9.349057,-0.147501,-3.33944,9.21937,0.305412,-1.208695,0.363375,1.340729,-1.103848,-0.147535,138.0,-5.475,33.375,-28.275,27.5309,29.7753,5.905,5.0,31.5744,48.843918,2.3532498,329.3662,NaN,2.16,121.032265,297.0,0 / 25,11764,2022-01-10 17:04:44:293
0.134895,-2.312065,9.349057,-0.147501,-3.33944,9.21937,0.305412,-1.208695,0.363375,2.993438,1.571485,0.124765,138.0,-5.475,33.375,-28.275,27.5309,29.7753,5.905,5.0,31.5744,48.843918,2.3532498,329.3662,NaN,2.16,121.032265,297.0,0 / 25,11768,2022-01-10 17:04:44:297
0.134895,-2.312065,9.349057,-0.147501,-3.33944,9.21937,0.305412,-1.208695,0.363375,2.993438,1.571485,0.124765,138.0,-5.475,33.375,-28.275,27.5309,29.7753,5.905,5.0,31.5744,48.843918,2.3532498,329.3662,NaN,2.16,121.032265,297.0,0 / 25,11773,2022-01-10 17:04:44:302
0.134895,-2.312065,9.349057,-0.147501,-3.33944,9.21937,0.305412,-1.208695,0.363375,2.993438,1.571485,0.124765,138.0,-5.475,33.375,-28.275,27.5309,29.7753,5.905,5.0,31.5744,48.843918,2.3532498,329.3662,NaN,2.16,121.032265,297.0,0 / 25,11778,2022-01-10 17:04:44:307
0.134895,-2.312065,9.349057,-0.147501,-3.33944,9.21937,0.305412,-1.208695,0.363375,2.993438,1.571485,0.124765,138.0,-5.475,33.375,-28.275,27.5309,29.7753,5.905,5.0,31.5744,48.843918,2.3532498,329.3662,NaN,2.16,121.032265,297.0,0 / 25,11783,2022-01-10 17:04:44:312
0.134895,-2.312065,9.349057,-1.499375,0.346403,9.685157,1.763478,-2.311447,0.30664,2.993438,1.571485,0.124765,138.0,-5.475,33.375,-28.275,27.5309,29.7753,5.905,5.0,31.5744,48.843918,2.3532498,329.3662,NaN,2.16,121.032265,297.0,0 / 25,11788,2022-01-10 17:04:44:317
0.134895,-2.312065,9.349057,-1.499375,0.346403,9.685157,1.763478,-2.311447,0.30664,2.993438,1.571485,0.124765,138.0,-5.55,32.175,-29.025,17.4586,-2.0243,8.8002,5.0,31.5744,48.843918,2.3532498,329.3662,NaN,2.16,121.032265,297.0,0 / 25,11792,2022-01-10 17:04:44:321
0.134895,-2.312065,9.349057,-1.499375,0.346403,9.685157,1.763478,-2.311447,0.30664,2.993438,1.571485,0.124765,138.0,-5.55,32.175,-29.025,17.4586,-2.0243,8.8002,5.0,31.5744,48.843918,2.3532498,329.3662,NaN,2.16,121.032265,297.0,0 / 25,11798,2022-01-10 17:04:44:327
0.134895,-2.312065,9.349057,-1.499375,0.346403,9.685157,1.763478,-2.311447,0.30664,2.993438,1.571485,0.124765,138.0,-5.55,32.175,-29.025,17.4586,-2.0243,8.8002,5.0,31.5744,48.843918,2.3532498,329.3662,NaN,2.16,121.032265,297.0,0 / 25,11802,2022-01-10 17:04:44:331
0.134895,-2.312065,9.349057,-1.499375,0.346403,9.685157,1.763478,-2.311447,0.30664,2.993438,1.571485,0.124765,138.0,-5.55,32.175,-29.025,17.4586,-2.0243,8.8002,5.0,31.5744,48.843918,2.3532498,329.3662,NaN,2.16,121.032265,297.0,0 / 25,11808,2022-01-10 17:04:44:337
0.134895,-2.312065,9.349057,-1.499375,0.346403,9.685157,1.763478,-2.311447,0.30664,2.993438,1.571485,0.124765,138.0,-5.55,32.175,-29.025,17.4586,-2.0243,8.8002,5.0,31.5744,48.843918,2.3532498,329.3662,NaN,2.16,121.032265,297.0,0 / 25,11813,2022-01-10 17:04:44:342
0.134895,-2.312065,9.349057,-1.499375,0.346403,9.685157,1.763478,-2.311447,0.30664,2.993438,1.571485,0.124765,138.0,-5.55,32.175,-29.025,17.4586,-2.0243,8.8002,5.0,31.5744,48.843918,2.3532498,329.3662,NaN,2.16,121.032265,297.0,0 / 25,11818,2022-01-10 17:04:44:347
0.134895,-2.312065,9.349057,-1.499375,0.346403,9.685157,1.763478,-2.311447,0.30664,2.993438,1.571485,0.124765,138.0,-5.55,32.175,-29.025,17.4586,-2.0243,8.8002,5.0,31.5744,48.843918,2.3532498,329.3662,NaN,2.16,121.032265,297.0,0 / 25,11822,2022-01-10 17:04:44:351
0.134895,-2.312065,9.349057,-1.499375,0.346403,9.685157,1.763478,-2.311447,0.30664,2.993438,1.571485,0.124765,138.0,-5.55,32.175,-29.025,17.4586,-2.0243,8.8002,5.0,31.5744,48.843918,2.3532498,329.3662,NaN,2.16,121.032265,297.0,0 / 25,11827,2022-01-10 17:04:44:356
-1.377668,2.207977,7.007681,-1.499375,0.346403,9.685157,1.763478,-2.311447,0.30664,2.993438,1.571485,0.124765,138.0,-5.55,32.175,-29.025,17.4586,-2.0243,8.8002,5.0,31.5744,48.843918,2.3532498,329.3662,NaN,2.16,121.032265,297.0,0 / 25,11832,2022-01-10 17:04:44:361
-1.377668,2.207977,7.007681,-1.499375,0.346403,9.685157,1.763478,-2.311447,0.30664,2.993438,1.571485,0.124765,138.0,-5.55,32.175,-29.025,17.4586,-2.0243,8.8002,5.0,31.5744,48.843918,2.3532498,329.3662,NaN,2.16,121.032265,297.0,0 / 25,11837,2022-01-10 17:04:44:366
-1.377668,2.207977,7.007681,-1.499375,0.346403,9.685157,1.763478,-2.311447,0.30664,2.993438,1.571485,0.124765,138.0,-5.55,32.175,-29.025,17.4586,-2.0243,8.8002,5.0,31.5744,48.843918,2.3532498,329.3662,NaN,2.16,121.032265,297.0,0 / 25,11842,2022-01-10 17:04:44:371
-1.377668,2.207977,7.007681,-1.499375,0.346403,9.685157,1.763478,-2.311447,0.30664,2.993438,1.571485,0.124765,138.0,-5.55,32.175,-29.025,17.4586,-2.0243,8.8002,5.0,31.5744,48.843918,2.3532498,329.3662,NaN,2.16,121.032265,297.0,0 / 25,11850,2022-01-10 17:04:44:379
-1.377668,2.207977,7.007681,-1.499375,0.346403,9.685157,1.763478,-2.311447,0.30664,2.993438,1.571485,0.124765,138.0,-5.55,32.175,-29.025,17.4586,-2.0243,8.8002,5.0,31.5744,48.843918,2.3532498,329.3662,NaN,2.16,121.032265,297.0,0 / 25,11856,2022-01-10 17:04:44:385
-1.377668,2.207977,7.007681,-1.499375,0.346403,9.685157,1.763478,-2.311447,0.30664,2.993438,1.571485,0.124765,138.0,-5.55,32.175,-29.025,17.4586,-2.0243,8.8002,5.0,31.5744,48.843918,2.3532498,329.3662,NaN,2.16,121.032265,297.0,4 / 25,11858,2022-01-10 17:04:44:387
-1.377668,2.207977,7.007681,-1.499375,0.346403,9.685157,1.763478,-2.311447,0.30664,2.993438,1.571485,0.124765,138.0,-5.55,32.175,-29.025,17.4586,-2.0243,8.8002,5.0,31.5744,48.843918,2.3532498,329.3662,NaN,2.16,121.032265,297.0,4 / 25,11864,2022-01-10 17:04:44:393
-1.377668,2.207977,7.007681,-1.499375,0.346403,9.685157,1.763478,-2.311447,0.30664,2.993438,1.571485,0.124765,138.0,-5.55,32.175,-29.025,17.4586,-2.0243,8.8002,5.0,31.5744,48.843918,2.3532498,329.3662,NaN,2.16,121.032265,297.0,4 / 25,11867,2022-01-10 17:04:44:396
-1.377668,2.207977,7.007681,-1.499375,0.346403,9.685157,1.763478,-2.311447,0.30664,2.993438,1.571485,0.124765,50.0,-5.55,32.175,-29.025,17.4586,-2.0243,8.8002,5.0,31.5744,48.843918,2.3532498,329.3662,NaN,2.16,121.032265,297.0,4 / 25,11873,2022-01-10 17:04:44:402
-1.377668,2.207977,7.007681,-1.499375,0.346403,9.685157,1.763478,-2.311447,0.30664,2.993438,1.571485,0.124765,50.0,-5.55,32.175,-29.025,17.4586,-2.0243,8.8002,5.0,31.5744,48.843918,2.3532498,329.3662,NaN,2.16,121.032265,297.0,4 / 25,11878,2022-01-10 17:04:44:407
-1.377668,2.207977,7.007681,-1.499375,0.346403,9.685157,1.763478,-2.311447,0.30664,2.993438,1.571485,0.124765,50.0,-5.55,32.175,-29.025,17.4586,-2.0243,8.8002,5.0,31.5744,48.843918,2.3532498,329.3662,NaN,2.16,121.032265,297.0,4 / 25,11885,2022-01-10 17:04:44:414
-1.377668,2.207977,7.007681,-1.499375,0.346403,9.685157,1.763478,-2.311447,0.30664,2.993438,1.571485,0.124765,50.0,-5.55,32.175,-29.025,17.4586,-2.0243,8.8002,5.0,31.5744,48.843925,2.3532596,343.7618,NaN,3.276,100.283875,324.1,4 / 25,11890,2022-01-10 17:04:44:419
-1.377668,2.207977,7.007681,-1.499375,0.346403,9.685157,1.763478,-2.311447,0.30664,2.993438,1.571485,0.124765,50.0,-5.55,32.175,-29.025,17.4586,-2.0243,8.8002,5.0,31.5744,48.843925,2.3532596,343.7618,NaN,3.276,100.283875,324.1,4 / 25,11894,2022-01-10 17:04:44:423
-1.377668,2.207977,7.007681,-1.499375,0.346403,9.685157,1.763478,-2.311447,0.30664,2.993438,1.571485,0.124765,50.0,-5.55,32.175,-29.025,17.4586,-2.0243,8.8002,5.0,31.5744,48.843925,2.3532596,343.7618,NaN,3.276,100.283875,324.1,4 / 25,11897,2022-01-10 17:04:44:426
-1.377668,2.207977,7.007681,-1.499375,0.346403,9.685157,1.763478,-2.311447,0.30664,0.23555,4.293688,-0.991998,50.0,-5.55,32.175,-29.025,17.4586,-2.0243,8.8002,5.0,31.5744,48.843925,2.3532596,343.7618,NaN,3.276,100.283875,324.1,4 / 25,11903,2022-01-10 17:04:44:432
-1.377668,2.207977,7.007681,-1.499375,0.346403,9.685157,1.763478,-2.311447,0.30664,0.23555,4.293688,-0.991998,50.0,-5.55,32.175,-29.025,17.4586,-2.0243,8.8002,5.0,31.5744,48.843925,2.3532596,343.7618,NaN,3.276,100.283875,324.1,4 / 25,11909,2022-01-10 17:04:44:438
-4.732704,2.895615,7.160821,-5.091866,1.112808,8.306922,2.679875,1.096212,-0.760727,0.23555,4.293688,-0.991998,50.0,-5.55,32.175,-29.025,17.4586,-2.0243,8.8002,5.0,31.5744,48.843925,2.3532596,343.7618,NaN,3.276,100.283875,324.1,4 / 25,11913,2022-01-10 17:04:44:442
-4.732704,2.895615,7.160821,-5.091866,1.112808,8.306922,2.679875,1.096212,-0.760727,0.23555,4.293688,-0.991998,50.0,-5.55,32.175,-29.025,17.4586,-2.0243,8.8002,5.0,31.5744,48.843925,2.3532596,343.7618,NaN,3.276,100.283875,324.1,4 / 25,11918,2022-01-10 17:04:44:447
-4.732704,2.895615,7.160821,-5.091866,1.112808,8.306922,2.679875,1.096212,-0.760727,0.23555,4.293688,-0.991998,50.0,-5.55,32.175,-29.025,17.4586,-2.0243,8.8002,5.0,31.5744,48.843925,2.3532596,343.7618,NaN,3.276,100.283875,324.1,4 / 25,11922,2022-01-10 17:04:44:451
-4.732704,2.895615,7.160821,-5.091866,1.112808,8.306922,2.679875,1.096212,-0.760727,0.23555,4.293688,-0.991998,50.0,-5.55,32.175,-29.025,17.4586,-2.0243,8.8002,5.0,31.5744,48.843925,2.3532596,343.7618,NaN,3.276,100.283875,324.1,4 / 25,11927,2022-01-10 17:04:44:456
-4.732704,2.895615,7.160821,-5.091866,1.112808,8.306922,2.679875,1.096212,-0.760727,0.23555,4.293688,-0.991998,50.0,-5.55,32.175,-29.025,17.4586,-2.0243,8.8002,5.0,31.5744,48.843925,2.3532596,343.7618,NaN,3.276,100.283875,324.1,4 / 25,11933,2022-01-10 17:04:44:462
-4.732704,2.895615,7.160821,-5.091866,1.112808,8.306922,2.679875,1.096212,-0.760727,0.23555,4.293688,-0.991998,50.0,-2.1,27.075,-32.25,31.7303,-6.5157,31.5069,5.0,31.5744,48.843925,2.3532596,343.7618,NaN,3.276,100.283875,324.1,4 / 25,11938,2022-01-10 17:04:44:467
-4.732704,2.895615,7.160821,-5.091866,1.112808,8.306922,2.679875,1.096212,-0.760727,0.23555,4.293688,-0.991998,50.0,-2.1,27.075,-32.25,31.7303,-6.5157,31.5069,5.0,31.5744,48.843925,2.3532596,343.7618,NaN,3.276,100.283875,324.1,4 / 25,11943,2022-01-10 17:04:44:472
-4.732704,2.895615,7.160821,-5.091866,1.112808,8.306922,2.679875,1.096212,-0.760727,0.23555,4.293688,-0.991998,50.0,-2.1,27.075,-32.25,31.7303,-6.5157,31.5069,5.0,31.5744,48.843925,2.3532596,343.7618,NaN,3.276,100.283875,324.1,4 / 25,11948,2022-01-10 17:04:44:477
-4.732704,2.895615,7.160821,-5.091866,1.112808,8.306922,2.679875,1.096212,-0.760727,0.23555,4.293688,-0.991998,50.0,-2.1,27.075,-32.25,31.7303,-6.5157,31.5069,5.0,31.5744,48.843925,2.3532596,343.7618,NaN,3.276,100.283875,324.1,4 / 25,11952,2022-01-10 17:04:44:481
-4.732704,2.895615,7.160821,-5.091866,1.112808,8.306922,2.679875,1.096212,-0.760727,0.23555,4.293688,-0.991998,50.0,-2.1,27.075,-32.25,31.7303,-6.5157,31.5069,5.0,31.5744,48.843925,2.3532596,343.7618,NaN,3.276,100.283875,324.1,4 / 25,11959,2022-01-10 17:04:44:488
-4.732704,2.895615,7.160821,-5.091866,1.112808,8.306922,2.679875,1.096212,-0.760727,0.23555,4.293688,-0.991998,50.0,-2.1,27.075,-32.25,31.7303,-6.5157,31.5069,5.0,31.5744,48.843925,2.3532596,343.7618,NaN,3.276,100.283875,324.1,4 / 25,11963,2022-01-10 17:04:44:492
-4.732704,2.895615,7.160821,-5.091866,1.112808,8.306922,2.679875,1.096212,-0.760727,0.23555,4.293688,-0.991998,50.0,-2.1,27.075,-32.25,31.7303,-6.5157,31.5069,5.0,31.5744,48.843925,2.3532596,343.7618,NaN,3.276,100.283875,324.1,4 / 25,11969,2022-01-10 17:04:44:498
-4.732704,2.895615,7.160821,-5.091866,1.112808,8.306922,2.679875,1.096212,-0.760727,0.23555,4.293688,-0.991998,50.0,-2.1,27.075,-32.25,31.7303,-6.5157,31.5069,5.0,31.5744,48.843925,2.3532596,343.7618,NaN,3.276,100.283875,324.1,4 / 25,11972,2022-01-10 17:04:44:501
-4.732704,2.895615,7.160821,-5.091866,1.112808,8.306922,2.679875,1.096212,-0.760727,0.23555,4.293688,-0.991998,50.0,-2.1,27.075,-32.25,31.7303,-6.5157,31.5069,5.0,31.5744,48.843925,2.3532596,343.7618,NaN,3.276,100.283875,324.1,4 / 25,11977,2022-01-10 17:04:44:506
-4.732704,2.895615,7.160821,-5.091866,1.112808,8.306922,2.679875,1.096212,-0.760727,0.23555,4.293688,-0.991998,50.0,-2.1,27.075,-32.25,31.7303,-6.5157,31.5069,5.0,31.33843,48.843925,2.3532596,343.7618,NaN,3.276,100.283875,324.1,4 / 25,11983,2022-01-10 17:04:44:512
-4.732704,2.895615,7.160821,-5.091866,1.112808,8.306922,2.679875,1.096212,-0.760727,0.23555,4.293688,-0.991998,50.0,-2.1,27.075,-32.25,31.7303,-6.5157,31.5069,5.0,31.33843,48.843925,2.3532596,343.7618,NaN,3.276,100.283875,324.1,4 / 25,11988,2022-01-10 17:04:44:517
-4.732704,2.895615,7.160821,-5.091866,1.112808,8.306922,2.679875,1.096212,-0.760727,0.23555,4.293688,-0.991998,50.0,-2.1,27.075,-32.25,31.7303,-6.5157,31.5069,5.0,31.33843,48.843925,2.3532596,343.7618,NaN,3.276,100.283875,324.1,4 / 25,11993,2022-01-10 17:04:44:522
-4.732704,2.895615,7.160821,-5.091866,1.112808,8.306922,2.679875,1.096212,-0.760727,0.23555,4.293688,-0.991998,50.0,-2.1,27.075,-32.25,31.7303,-6.5157,31.5069,5.0,31.33843,48.843925,2.3532596,343.7618,NaN,3.276,100.283875,324.1,4 / 25,11998,2022-01-10 17:04:44:527
-4.732704,2.895615,7.160821,-5.091866,1.112808,8.306922,2.679875,1.096212,-0.760727,0.23555,4.293688,-0.991998,50.0,-2.1,27.075,-32.25,31.7303,-6.5157,31.5069,5.0,31.33843,48.843925,2.3532596,343.7618,NaN,3.276,100.283875,324.1,4 / 25,12004,2022-01-10 17:04:44:533
-4.732704,2.895615,7.160821,-5.091866,1.112808,8.306922,2.679875,1.096212,-0.760727,0.23555,4.293688,-0.991998,50.0,-2.1,27.075,-32.25,31.7303,-6.5157,31.5069,5.0,31.33843,48.843925,2.3532596,343.7618,NaN,3.276,100.283875,324.1,4 / 25,12009,2022-01-10 17:04:44:538
-4.732704,2.895615,7.160821,-5.091866,1.112808,8.306922,2.679875,1.096212,-0.760727,0.23555,4.293688,-0.991998,50.0,-2.1,27.075,-32.25,31.7303,-6.5157,31.5069,5.0,31.33843,48.843925,2.3532596,343.7618,NaN,3.276,100.283875,324.1,4 / 25,12013,2022-01-10 17:04:44:542
-4.732704,2.895615,7.160821,-5.091866,1.112808,8.306922,2.679875,1.096212,-0.760727,0.23555,4.293688,-0.991998,50.0,-2.1,27.075,-32.25,31.7303,-6.5157,31.5069,5.0,31.33843,48.843925,2.3532596,343.7618,NaN,3.276,100.283875,324.1,4 / 25,12018,2022-01-10 17:04:44:547
-4.732704,2.895615,7.160821,-5.091866,1.112808,8.306922,2.679875,1.096212,-0.760727,0.23555,4.293688,-0.991998,50.0,-2.1,27.075,-32.25,31.7303,-6.5157,31.5069,5.0,31.33843,48.843925,2.3532596,343.7618,NaN,3.276,100.283875,324.1,4 / 25,12023,2022-01-10 17:04:44:552
-4.732704,2.895615,7.160821,-5.091866,1.112808,8.306922,2.679875,1.096212,-0.760727,0.23555,4.293688,-0.991998,50.0,-2.1,27.075,-32.25,31.7303,-6.5157,31.5069,5.0,31.33843,48.843925,2.3532596,343.7618,NaN,3.276,100.283875,324.1,4 / 25,12027,2022-01-10 17:04:44:556
-8.821739,1.452443,6.560821,-8.581845,0.538157,4.715156,0.401655,1.710785,1.552156,-0.416772,3.109815,-0.004128,50.0,-2.1,27.075,-32.25,31.7303,-6.5157,31.5069,5.0,31.33843,48.843925,2.3532596,343.7618,NaN,3.276,100.283875,324.1,4 / 25,12032,2022-01-10 17:04:44:561
-8.821739,1.452443,6.560821,-8.581845,0.538157,4.715156,0.401655,1.710785,1.552156,-0.416772,3.109815,-0.004128,50.0,-2.1,27.075,-32.25,31.7303,-6.5157,31.5069,5.0,31.33843,48.843925,2.3532596,343.7618,NaN,3.276,100.283875,324.1,4 / 25,12037,2022-01-10 17:04:44:566
-8.821739,1.452443,6.560821,-8.581845,0.538157,4.715156,0.401655,1.710785,1.552156,-0.416772,3.109815,-0.004128,50.0,-2.1,27.075,-32.25,31.7303,-6.5157,31.5069,5.0,31.33843,48.843925,2.3532596,343.7618,NaN,3.276,100.283875,324.1,4 / 25,12043,2022-01-10 17:04:44:572
-8.821739,1.452443,6.560821,-8.581845,0.538157,4.715156,0.401655,1.710785,1.552156,-0.416772,3.109815,-0.004128,50.0,-2.1,27.075,-32.25,31.7303,-6.5157,31.5069,5.0,31.33843,48.843925,2.3532596,343.7618,NaN,3.276,100.283875,324.1,4 / 25,12047,2022-01-10 17:04:44:576
-8.821739,1.452443,6.560821,-8.581845,0.538157,4.715156,0.401655,1.710785,1.552156,-0.416772,3.109815,-0.004128,50.0,-2.1,27.075,-32.25,31.7303,-6.5157,31.5069,5.0,31.33843,48.843925,2.3532596,343.7618,NaN,3.276,100.283875,324.1,4 / 25,12052,2022-01-10 17:04:44:581
-8.821739,1.452443,6.560821,-8.581845,0.538157,4.715156,0.401655,1.710785,1.552156,-0.416772,3.109815,-0.004128,50.0,6.825,21.75,-32.475,46.8273,-3.1458,61.2141,5.0,31.33843,48.843925,2.3532596,343.7618,NaN,3.276,100.283875,324.1,4 / 25,12058,2022-01-10 17:04:44:587
-8.821739,1.452443,6.560821,-8.581845,0.538157,4.715156,0.401655,1.710785,1.552156,-0.416772,3.109815,-0.004128,50.0,6.825,21.75,-32.475,46.8273,-3.1458,61.2141,5.0,31.33843,48.843925,2.3532596,343.7618,NaN,3.276,100.283875,324.1,4 / 25,12063,2022-01-10 17:04:44:592
-8.821739,1.452443,6.560821,-8.581845,0.538157,4.715156,0.401655,1.710785,1.552156,-0.416772,3.109815,-0.004128,50.0,6.825,21.75,-32.475,46.8273,-3.1458,61.2141,5.0,31.33843,48.843925,2.3532596,343.7618,NaN,3.276,100.283875,324.1,4 / 25,12070,2022-01-10 17:04:44:599
-8.821739,1.452443,6.560821,-8.581845,0.538157,4.715156,0.401655,1.710785,1.552156,-0.416772,3.109815,-0.004128,50.0,6.825,21.75,-32.475,46.8273,-3.1458,61.2141,5.0,31.33843,48.843925,2.3532596,343.7618,NaN,3.276,100.283875,324.1,4 / 25,12072,2022-01-10 17:04:44:601
-8.821739,1.452443,6.560821,-8.581845,0.538157,4.715156,0.401655,1.710785,1.552156,-0.416772,3.109815,-0.004128,50.0,6.825,21.75,-32.475,46.8273,-3.1458,61.2141,5.0,31.33843,48.843925,2.3532596,343.7618,NaN,3.276,100.283875,324.1,4 / 25,12078,2022-01-10 17:04:44:607
-8.821739,1.452443,6.560821,-8.581845,0.538157,4.715156,0.401655,1.710785,1.552156,-0.416772,3.109815,-0.004128,50.0,6.825,21.75,-32.475,46.8273,-3.1458,61.2141,5.0,31.33843,48.843925,2.3532596,343.7618,NaN,3.276,100.283875,324.1,4 / 25,12083,2022-01-10 17:04:44:612
-8.821739,1.452443,6.560821,-8.581845,0.538157,4.715156,0.401655,1.710785,1.552156,-0.416772,3.109815,-0.004128,50.0,6.825,21.75,-32.475,46.8273,-3.1458,61.2141,5.0,31.33843,48.843925,2.3532596,343.7618,NaN,3.276,100.283875,324.1,4 / 25,12088,2022-01-10 17:04:44:617
-8.821739,1.452443,6.560821,-8.581845,0.538157,4.715156,0.401655,1.710785,1.552156,-0.416772,3.109815,-0.004128,50.0,6.825,21.75,-32.475,46.8273,-3.1458,61.2141,5.0,31.33843,48.843925,2.3532596,343.7618,NaN,3.276,100.283875,324.1,4 / 25,12092,2022-01-10 17:04:44:621
-8.821739,1.452443,6.560821,-8.581845,0.538157,4.715156,0.401655,1.710785,1.552156,-0.416772,3.109815,-0.004128,50.0,6.825,21.75,-32.475,46.8273,-3.1458,61.2141,5.0,31.33843,48.843925,2.3532596,343.7618,NaN,3.276,100.283875,324.1,4 / 25,12098,2022-01-10 17:04:44:627
-8.821739,1.452443,6.560821,-8.581845,0.538157,4.715156,0.401655,1.710785,1.552156,-0.416772,3.109815,-0.004128,50.0,6.825,21.75,-32.475,46.8273,-3.1458,61.2141,5.0,31.33843,48.843925,2.3532596,343.7618,NaN,3.276,100.283875,324.1,4 / 25,12103,2022-01-10 17:04:44:632
-8.821739,1.452443,6.560821,-8.581845,0.538157,4.715156,0.401655,1.710785,1.552156,-0.416772,3.109815,-0.004128,50.0,6.825,21.75,-32.475,46.8273,-3.1458,61.2141,5.0,31.33843,48.843925,2.3532596,343.7618,NaN,3.276,100.283875,324.1,4 / 25,12107,2022-01-10 17:04:44:636
-8.821739,1.452443,6.560821,-8.581845,0.538157,4.715156,0.401655,1.710785,1.552156,-0.416772,3.109815,-0.004128,50.0,6.825,21.75,-32.475,46.8273,-3.1458,61.2141,5.0,31.33843,48.843925,2.3532596,343.7618,NaN,3.276,100.283875,324.1,4 / 25,12113,2022-01-10 17:04:44:642
-8.821739,1.452443,6.560821,-8.581845,0.538157,4.715156,0.401655,1.710785,1.552156,-0.416772,3.109815,-0.004128,50.0,6.825,21.75,-32.475,46.8273,-3.1458,61.2141,5.0,31.33843,48.843925,2.3532596,343.7618,NaN,3.276,100.283875,324.1,4 / 25,12118,2022-01-10 17:04:44:647
-8.821739,1.452443,6.560821,-8.581845,0.538157,4.715156,0.401655,1.710785,1.552156,-0.416772,3.109815,-0.004128,50.0,6.825,21.75,-32.475,46.8273,-3.1458,61.2141,5.0,31.33843,48.843925,2.3532596,343.7618,NaN,3.276,100.283875,324.1,4 / 25,12123,2022-01-10 17:04:44:652
-8.821739,1.452443,6.560821,-8.581845,0.538157,4.715156,0.401655,1.710785,1.552156,-0.416772,3.109815,-0.004128,50.0,6.825,21.75,-32.475,46.8273,-3.1458,61.2141,5.0,31.33843,48.843925,2.3532596,343.7618,NaN,3.276,100.283875,324.1,4 / 25,12128,2022-01-10 17:04:44:657
-8.821739,1.452443,6.560821,-8.581845,0.538157,4.715156,0.401655,1.710785,1.552156,-0.416772,3.109815,-0.004128,50.0,6.825,21.75,-32.475,46.8273,-3.1458,61.2141,5.0,31.33843,48.843925,2.3532596,343.7618,NaN,3.276,100.283875,324.1,4 / 25,12132,2022-01-10 17:04:44:661
-8.362915,1.33011,6.807581,-8.581845,0.538157,4.715156,0.401655,1.710785,1.552156,-0.416772,3.109815,-0.004128,50.0,6.825,21.75,-32.475,46.8273,-3.1458,61.2141,5.0,31.33843,48.843925,2.3532596,343.7618,NaN,3.276,100.283875,324.1,4 / 25,12138,2022-01-10 17:04:44:667
-8.362915,1.33011,6.807581,-8.581845,0.538157,4.715156,0.401655,1.710785,1.552156,-0.416772,3.109815,-0.004128,50.0,6.825,21.75,-32.475,46.8273,-3.1458,61.2141,5.0,31.33843,48.843925,2.3532596,343.7618,NaN,3.276,100.283875,324.1,4 / 25,12143,2022-01-10 17:04:44:672
-8.362915,1.33011,6.807581,-8.581845,0.538157,4.715156,0.401655,1.710785,1.552156,-0.416772,3.109815,-0.004128,50.0,6.825,21.75,-32.475,46.8273,-3.1458,61.2141,5.0,31.33843,48.843925,2.3532596,343.7618,NaN,3.276,100.283875,324.1,4 / 25,12147,2022-01-10 17:04:44:676
-8.362915,1.33011,6.807581,-8.581845,0.538157,4.715156,0.401655,1.710785,1.552156,-0.416772,3.109815,-0.004128,50.0,6.825,21.75,-32.475,46.8273,-3.1458,61.2141,5.0,31.33843,48.843925,2.3532596,343.7618,NaN,3.276,100.283875,324.1,4 / 25,12152,2022-01-10 17:04:44:681
-8.362915,1.33011,6.807581,-8.166399,0.401717,5.414697,-1.030608,1.228367,0.762011,-0.416772,3.109815,-0.004128,50.0,6.825,21.75,-32.475,46.8273,-3.1458,61.2141,5.0,31.33843,48.843925,2.3532596,343.7618,NaN,3.276,100.283875,324.1,4 / 25,12157,2022-01-10 17:04:44:686
-8.362915,1.33011,6.807581,-8.166399,0.401717,5.414697,-1.030608,1.228367,0.762011,0.359117,-3.056952,-0.134086,50.0,6.825,21.75,-32.475,46.8273,-3.1458,61.2141,5.0,31.33843,48.843925,2.3532596,343.7618,NaN,3.276,100.283875,324.1,4 / 25,12163,2022-01-10 17:04:44:692
-8.362915,1.33011,6.807581,-8.166399,0.401717,5.414697,-1.030608,1.228367,0.762011,0.359117,-3.056952,-0.134086,50.0,6.825,21.75,-32.475,46.8273,-3.1458,61.2141,5.0,31.33843,48.843925,2.3532596,343.7618,NaN,3.276,100.283875,324.1,4 / 25,12167,2022-01-10 17:04:44:696
-8.362915,1.33011,6.807581,-8.166399,0.401717,5.414697,-1.030608,1.228367,0.762011,0.359117,-3.056952,-0.134086,50.0,6.825,21.75,-32.475,46.8273,-3.1458,61.2141,5.0,31.33843,48.843925,2.3532596,343.7618,NaN,3.276,100.283875,324.1,4 / 25,12173,2022-01-10 17:04:44:702
-8.362915,1.33011,6.807581,-8.166399,0.401717,5.414697,-1.030608,1.228367,0.762011,0.359117,-3.056952,-0.134086,50.0,6.825,21.75,-32.475,46.8273,-3.1458,61.2141,5.0,31.33843,48.843925,2.3532596,343.7618,NaN,3.276,100.283875,324.1,4 / 25,12178,2022-01-10 17:04:44:707
-8.362915,1.33011,6.807581,-8.166399,0.401717,5.414697,-1.030608,1.228367,0.762011,0.359117,-3.056952,-0.134086,50.0,6.825,21.75,-32.475,46.8273,-3.1458,61.2141,5.0,31.33843,48.843925,2.3532596,343.7618,NaN,3.276,100.283875,324.1,4 / 25,12183,2022-01-10 17:04:44:712
-8.362915,1.33011,6.807581,-8.166399,0.401717,5.414697,-1.030608,1.228367,0.762011,0.359117,-3.056952,-0.134086,50.0,6.825,21.75,-32.475,46.8273,-3.1458,61.2141,5.0,31.33843,48.843925,2.3532596,343.7618,NaN,3.276,100.283875,324.1,4 / 25,12187,2022-01-10 17:04:44:716
-8.362915,1.33011,6.807581,-8.166399,0.401717,5.414697,-1.030608,1.228367,0.762011,0.359117,-3.056952,-0.134086,50.0,6.825,21.75,-32.475,46.8273,-3.1458,61.2141,5.0,31.33843,48.843925,2.3532596,343.7618,NaN,3.276,100.283875,324.1,4 / 25,12192,2022-01-10 17:04:44:721
-8.362915,1.33011,6.807581,-8.166399,0.401717,5.414697,-1.030608,1.228367,0.762011,0.359117,-3.056952,-0.134086,50.0,14.775,17.625,-32.025,43.7196,-2.3477,56.4538,5.0,31.33843,48.843925,2.3532596,343.7618,NaN,3.276,100.283875,324.1,4 / 25,12199,2022-01-10 17:04:44:728
-8.362915,1.33011,6.807581,-8.166399,0.401717,5.414697,-1.030608,1.228367,0.762011,0.359117,-3.056952,-0.134086,50.0,14.775,17.625,-32.025,43.7196,-2.3477,56.4538,5.0,31.33843,48.843925,2.3532596,343.7618,NaN,3.276,100.283875,324.1,4 / 25,12202,2022-01-10 17:04:44:731
-8.362915,1.33011,6.807581,-8.166399,0.401717,5.414697,-1.030608,1.228367,0.762011,0.359117,-3.056952,-0.134086,50.0,14.775,17.625,-32.025,43.7196,-2.3477,56.4538,5.0,31.33843,48.843925,2.3532596,343.7618,NaN,3.276,100.283875,324.1,4 / 25,12207,2022-01-10 17:04:44:736
-8.362915,1.33011,6.807581,-8.166399,0.401717,5.414697,-1.030608,1.228367,0.762011,0.359117,-3.056952,-0.134086,50.0,14.775,17.625,-32.025,43.7196,-2.3477,56.4538,5.0,31.33843,48.843925,2.3532596,343.7618,NaN,3.276,100.283875,324.1,4 / 25,12213,2022-01-10 17:04:44:742
-8.362915,1.33011,6.807581,-8.166399,0.401717,5.414697,-1.030608,1.228367,0.762011,0.359117,-3.056952,-0.134086,50.0,14.775,17.625,-32.025,43.7196,-2.3477,56.4538,5.0,31.33843,48.843925,2.3532596,343.7618,NaN,3.276,100.283875,324.1,4 / 25,12218,2022-01-10 17:04:44:747
-5.045266,0.831805,8.859426,-8.166399,0.401717,5.414697,-1.030608,1.228367,0.762011,0.359117,-3.056952,-0.134086,54.0,14.775,17.625,-32.025,43.7196,-2.3477,56.4538,5.0,31.33843,48.843925,2.3532596,343.7618,NaN,3.276,100.283875,324.1,4 / 25,12222,2022-01-10 17:04:44:751
-5.045266,0.831805,8.859426,-8.166399,0.401717,5.414697,-1.030608,1.228367,0.762011,0.359117,-3.056952,-0.134086,54.0,14.775,17.625,-32.025,43.7196,-2.3477,56.4538,5.0,31.33843,48.843925,2.3532596,343.7618,NaN,3.276,100.283875,324.1,4 / 25,12229,2022-01-10 17:04:44:758
-5.045266,0.831805,8.859426,-8.166399,0.401717,5.414697,-1.030608,1.228367,0.762011,0.359117,-3.056952,-0.134086,54.0,14.775,17.625,-32.025,43.7196,-2.3477,56.4538,5.0,31.33843,48.843925,2.3532596,343.7618,NaN,3.276,100.283875,324.1,4 / 25,12232,2022-01-10 17:04:44:761
-5.045266,0.831805,8.859426,-8.166399,0.401717,5.414697,-1.030608,1.228367,0.762011,0.359117,-3.056952,-0.134086,54.0,14.775,17.625,-32.025,43.7196,-2.3477,56.4538,5.0,31.33843,48.843925,2.3532596,343.7618,NaN,3.276,100.283875,324.1,4 / 25,12239,2022-01-10 17:04:44:768
-5.045266,0.831805,8.859426,-8.166399,0.401717,5.414697,-1.030608,1.228367,0.762011,0.359117,-3.056952,-0.134086,54.0,14.775,17.625,-32.025,43.7196,-2.3477,56.4538,5.0,31.33843,48.843925,2.3532596,343.7618,NaN,3.276,100.283875,324.1,4 / 25,12243,2022-01-10 17:04:44:772
-5.045266,0.831805,8.859426,-8.166399,0.401717,5.414697,-1.030608,1.228367,0.762011,0.359117,-3.056952,-0.134086,54.0,14.775,17.625,-32.025,43.7196,-2.3477,56.4538,5.0,31.33843,48.843925,2.3532596,343.7618,NaN,3.276,100.283875,324.1,4 / 25,12248,2022-01-10 17:04:44:777
-5.045266,0.831805,8.859426,-8.166399,0.401717,5.414697,-1.030608,1.228367,0.762011,0.359117,-3.056952,-0.134086,54.0,14.775,17.625,-32.025,43.7196,-2.3477,56.4538,5.0,31.33843,48.843925,2.3532596,343.7618,NaN,3.276,100.283875,324.1,4 / 25,12252,2022-01-10 17:04:44:781
-5.045266,0.831805,8.859426,-8.166399,0.401717,5.414697,-1.030608,1.228367,0.762011,0.359117,-3.056952,-0.134086,54.0,14.775,17.625,-32.025,43.7196,-2.3477,56.4538,5.0,31.33843,48.843925,2.3532596,343.7618,NaN,3.276,100.283875,324.1,4 / 25,12258,2022-01-10 17:04:44:787
-5.045266,0.831805,8.859426,-8.166399,0.401717,5.414697,-1.030608,1.228367,0.762011,0.359117,-3.056952,-0.134086,54.0,14.775,17.625,-32.025,43.7196,-2.3477,56.4538,5.0,31.33843,48.843925,2.3532596,343.7618,NaN,3.276,100.283875,324.1,4 / 25,12262,2022-01-10 17:04:44:791
-5.045266,0.831805,8.859426,-8.166399,0.401717,5.414697,-1.030608,1.228367,0.762011,0.359117,-3.056952,-0.134086,54.0,14.775,17.625,-32.025,43.7196,-2.3477,56.4538,5.0,31.33843,48.843925,2.3532596,343.7618,NaN,3.276,100.283875,324.1,4 / 25,12268,2022-01-10 17:04:44:797
-5.045266,0.831805,8.859426,-1.082095,0.097217,9.746282,-4.531076,0.650605,-0.500668,0.359117,-3.056952,-0.134086,54.0,14.775,17.625,-32.025,43.7196,-2.3477,56.4538,5.0,31.33843,48.843925,2.3532596,343.7618,NaN,3.276,100.283875,324.1,4 / 25,12272,2022-01-10 17:04:44:801
-5.045266,0.831805,8.859426,-1.082095,0.097217,9.746282,-4.531076,0.650605,-0.500668,0.359117,-3.056952,-0.134086,54.0,14.775,17.625,-32.025,43.7196,-2.3477,56.4538,5.0,31.33843,48.843925,2.3532596,343.7618,NaN,3.276,100.283875,324.1,4 / 25,12277,2022-01-10 17:04:44:806
-5.045266,0.831805,8.859426,-1.082095,0.097217,9.746282,-4.531076,0.650605,-0.500668,0.359117,-3.056952,-0.134086,54.0,14.775,17.625,-32.025,43.7196,-2.3477,56.4538,5.0,31.33843,48.843925,2.3532596,343.7618,NaN,3.276,100.283875,324.1,4 / 25,12283,2022-01-10 17:04:44:812
-5.045266,0.831805,8.859426,-1.082095,0.097217,9.746282,-4.531076,0.650605,-0.500668,0.359117,-3.056952,-0.134086,54.0,14.775,17.625,-32.025,43.7196,-2.3477,56.4538,5.0,31.33843,48.843925,2.3532596,343.7618,NaN,3.276,100.283875,324.1,4 / 25,12287,2022-01-10 17:04:44:816
-5.045266,0.831805,8.859426,-1.082095,0.097217,9.746282,-4.531076,0.650605,-0.500668,0.359117,-3.056952,-0.134086,54.0,14.775,17.625,-32.025,43.7196,-2.3477,56.4538,5.0,31.33843,48.843925,2.3532596,343.7618,NaN,3.276,100.283875,324.1,4 / 25,12293,2022-01-10 17:04:44:822
-5.045266,0.831805,8.859426,-1.082095,0.097217,9.746282,-4.531076,0.650605,-0.500668,0.359117,-3.056952,-0.134086,54.0,14.775,17.625,-32.025,43.7196,-2.3477,56.4538,5.0,31.33843,48.843925,2.3532596,343.7618,NaN,3.276,100.283875,324.1,4 / 25,12297,2022-01-10 17:04:44:826
-5.045266,0.831805,8.859426,-1.082095,0.097217,9.746282,-4.531076,0.650605,-0.500668,0.359117,-3.056952,-0.134086,54.0,14.775,17.625,-32.025,43.7196,-2.3477,56.4538,5.0,31.33843,48.843925,2.3532596,343.7618,NaN,3.276,100.283875,324.1,4 / 25,12303,2022-01-10 17:04:44:832
-5.045266,0.831805,8.859426,-1.082095,0.097217,9.746282,-4.531076,0.650605,-0.500668,0.359117,-3.056952,-0.134086,54.0,14.775,17.625,-32.025,43.7196,-2.3477,56.4538,5.0,31.33843,48.843925,2.3532596,343.7618,NaN,3.276,100.283875,324.1,4 / 25,12307,2022-01-10 17:04:44:836
-5.045266,0.831805,8.859426,-1.082095,0.097217,9.746282,-4.531076,0.650605,-0.500668,-0.475627,-6.063839,-0.456985,54.0,14.775,17.625,-32.025,43.7196,-2.3477,56.4538,5.0,34.96446,48.843925,2.3532596,343.7618,NaN,3.276,100.283875,324.1,4 / 25,12313,2022-01-10 17:04:44:842
-5.045266,0.831805,8.859426,-1.082095,0.097217,9.746282,-4.531076,0.650605,-0.500668,-0.475627,-6.063839,-0.456985,54.0,14.775,17.625,-32.025,43.7196,-2.3477,56.4538,5.0,34.96446,48.843925,2.3532596,343.7618,NaN,3.276,100.283875,324.1,4 / 25,12317,2022-01-10 17:04:44:846
-5.045266,0.831805,8.859426,-1.082095,0.097217,9.746282,-4.531076,0.650605,-0.500668,-0.475627,-6.063839,-0.456985,54.0,14.775,17.625,-32.025,43.7196,-2.3477,56.4538,5.0,34.96446,48.843925,2.3532596,343.7618,NaN,3.276,100.283875,324.1,4 / 25,12323,2022-01-10 17:04:44:852
-5.045266,0.831805,8.859426,-1.082095,0.097217,9.746282,-4.531076,0.650605,-0.500668,-0.475627,-6.063839,-0.456985,54.0,14.775,17.625,-32.025,43.7196,-2.3477,56.4538,5.0,34.96446,48.843925,2.3532596,343.7618,NaN,3.276,100.283875,324.1,4 / 25,12327,2022-01-10 17:04:44:856
-5.045266,0.831805,8.859426,-1.082095,0.097217,9.746282,-4.531076,0.650605,-0.500668,-0.475627,-6.063839,-0.456985,54.0,14.775,17.625,-32.025,43.7196,-2.3477,56.4538,5.0,34.96446,48.843925,2.3532596,343.7618,NaN,3.276,100.283875,324.1,4 / 25,12333,2022-01-10 17:04:44:862
-5.045266,0.831805,8.859426,-1.082095,0.097217,9.746282,-4.531076,0.650605,-0.500668,-0.475627,-6.063839,-0.456985,54.0,14.775,17.625,-32.025,43.7196,-2.3477,56.4538,5.0,34.96446,48.843925,2.3532596,343.7618,NaN,3.276,100.283875,324.1,4 / 25,12338,2022-01-10 17:04:44:867
-5.045266,0.831805,8.859426,-1.082095,0.097217,9.746282,-4.531076,0.650605,-0.500668,-0.475627,-6.063839,-0.456985,54.0,14.775,17.625,-32.025,43.7196,-2.3477,56.4538,5.0,34.96446,48.843925,2.3532596,343.7618,NaN,3.276,100.283875,324.1,4 / 25,12342,2022-01-10 17:04:44:871
-5.045266,0.831805,8.859426,-1.082095,0.097217,9.746282,-4.531076,0.650605,-0.500668,-0.475627,-6.063839,-0.456985,54.0,14.775,17.625,-32.025,43.7196,-2.3477,56.4538,5.0,34.96446,48.843925,2.3532596,343.7618,NaN,3.276,100.283875,324.1,4 / 25,12347,2022-01-10 17:04:44:876
-5.045266,0.831805,8.859426,-1.082095,0.097217,9.746282,-4.531076,0.650605,-0.500668,-0.475627,-6.063839,-0.456985,54.0,14.775,17.625,-32.025,43.7196,-2.3477,56.4538,5.0,34.96446,48.843925,2.3532596,343.7618,NaN,3.276,100.283875,324.1,4 / 25,12353,2022-01-10 17:04:44:882
1.300499,-0.016152,7.537092,-1.082095,0.097217,9.746282,-4.531076,0.650605,-0.500668,-0.475627,-6.063839,-0.456985,54.0,15.3,16.5,-31.95,326.7162,-0.568,6.3354,5.0,34.96446,48.843925,2.3532596,343.7618,NaN,3.276,100.283875,324.1,4 / 25,12358,2022-01-10 17:04:44:887
1.300499,-0.016152,7.537092,-1.082095,0.097217,9.746282,-4.531076,0.650605,-0.500668,-0.475627,-6.063839,-0.456985,54.0,15.3,16.5,-31.95,326.7162,-0.568,6.3354,5.0,34.96446,48.843925,2.3532596,343.7618,NaN,3.276,100.283875,324.1,4 / 25,12362,2022-01-10 17:04:44:891
1.300499,-0.016152,7.537092,-1.082095,0.097217,9.746282,-4.531076,0.650605,-0.500668,-0.475627,-6.063839,-0.456985,54.0,15.3,16.5,-31.95,326.7162,-0.568,6.3354,5.0,34.96446,48.843925,2.3532596,343.7618,NaN,3.276,100.283875,324.1,4 / 25,12367,2022-01-10 17:04:44:896
1.300499,-0.016152,7.537092,-1.082095,0.097217,9.746282,-4.531076,0.650605,-0.500668,-0.475627,-6.063839,-0.456985,54.0,15.3,16.5,-31.95,326.7162,-0.568,6.3354,5.0,34.96446,48.843925,2.3532596,343.7618,NaN,3.276,100.283875,324.1,4 / 25,12373,2022-01-10 17:04:44:902
1.300499,-0.016152,7.537092,-1.082095,0.097217,9.746282,-4.531076,0.650605,-0.500668,-0.475627,-6.063839,-0.456985,54.0,15.3,16.5,-31.95,326.7162,-0.568,6.3354,5.0,34.96446,48.843925,2.3532596,343.7618,NaN,3.276,100.283875,324.1,4 / 25,12378,2022-01-10 17:04:44:907
1.300499,-0.016152,7.537092,-1.082095,0.097217,9.746282,-4.531076,0.650605,-0.500668,-0.475627,-6.063839,-0.456985,54.0,15.3,16.5,-31.95,326.7162,-0.568,6.3354,5.0,34.96446,48.843925,2.3532596,343.7618,NaN,3.276,100.283875,324.1,4 / 25,12382,2022-01-10 17:04:44:911
1.300499,-0.016152,7.537092,-1.082095,0.097217,9.746282,-4.531076,0.650605,-0.500668,-0.475627,-6.063839,-0.456985,54.0,15.3,16.5,-31.95,326.7162,-0.568,6.3354,5.0,34.96446,48.843925,2.3532596,343.7618,NaN,3.276,100.283875,324.1,4 / 25,12387,2022-01-10 17:04:44:916
1.300499,-0.016152,7.537092,-1.082095,0.097217,9.746282,-4.531076,0.650605,-0.500668,-0.475627,-6.063839,-0.456985,54.0,15.3,16.5,-31.95,326.7162,-0.568,6.3354,5.0,34.96446,48.843925,2.3532596,343.7618,NaN,3.276,100.283875,324.1,4 / 25,12393,2022-01-10 17:04:44:922
1.300499,-0.016152,7.537092,-1.082095,0.097217,9.746282,-4.531076,0.650605,-0.500668,-0.475627,-6.063839,-0.456985,54.0,15.3,16.5,-31.95,326.7162,-0.568,6.3354,5.0,34.96446,48.843925,2.3532596,343.7618,NaN,3.276,100.283875,324.1,4 / 25,12398,2022-01-10 17:04:44:927
1.300499,-0.016152,7.537092,-1.082095,0.097217,9.746282,-4.531076,0.650605,-0.500668,-0.475627,-6.063839,-0.456985,54.0,15.3,16.5,-31.95,326.7162,-0.568,6.3354,5.0,34.96446,48.843925,2.3532596,343.7618,NaN,3.276,100.283875,324.1,4 / 25,12402,2022-01-10 17:04:44:931
1.300499,-0.016152,7.537092,4.345955,-1.163853,8.713697,-2.117392,1.102849,-0.14646,-0.475627,-6.063839,-0.456985,54.0,15.3,16.5,-31.95,326.7162,-0.568,6.3354,5.0,34.96446,48.843925,2.3532596,343.7618,NaN,3.276,100.283875,324.1,4 / 25,12407,2022-01-10 17:04:44:936
1.300499,-0.016152,7.537092,4.345955,-1.163853,8.713697,-2.117392,1.102849,-0.14646,-0.475627,-6.063839,-0.456985,54.0,15.3,16.5,-31.95,326.7162,-0.568,6.3354,5.0,34.96446,48.843925,2.3532596,343.7618,NaN,3.276,100.283875,324.1,4 / 25,12412,2022-01-10 17:04:44:941
1.300499,-0.016152,7.537092,4.345955,-1.163853,8.713697,-2.117392,1.102849,-0.14646,-0.475627,-6.063839,-0.456985,54.0,15.3,16.5,-31.95,326.7162,-0.568,6.3354,5.0,34.96446,48.843925,2.3532596,343.7618,NaN,3.276,100.283875,324.1,4 / 25,12418,2022-01-10 17:04:44:947
1.300499,-0.016152,7.537092,4.345955,-1.163853,8.713697,-2.117392,1.102849,-0.14646,-0.475627,-6.063839,-0.456985,54.0,15.3,16.5,-31.95,326.7162,-0.568,6.3354,5.0,34.96446,48.843925,2.3532596,343.7618,NaN,3.276,100.283875,324.1,4 / 25,12422,2022-01-10 17:04:44:951
1.300499,-0.016152,7.537092,4.345955,-1.163853,8.713697,-2.117392,1.102849,-0.14646,-0.475627,-6.063839,-0.456985,54.0,15.3,16.5,-31.95,326.7162,-0.568,6.3354,5.0,34.96446,48.843925,2.3532596,343.7618,NaN,3.276,100.283875,324.1,4 / 25,12428,2022-01-10 17:04:44:957
1.300499,-0.016152,7.537092,4.345955,-1.163853,8.713697,-2.117392,1.102849,-0.14646,-0.475627,-6.063839,-0.456985,54.0,15.3,16.5,-31.95,326.7162,-0.568,6.3354,5.0,34.96446,48.843925,2.3532596,343.7618,NaN,3.276,100.283875,324.1,4 / 25,12433,2022-01-10 17:04:44:962
1.300499,-0.016152,7.537092,4.345955,-1.163853,8.713697,-2.117392,1.102849,-0.14646,-0.475627,-6.063839,-0.456985,54.0,15.3,16.5,-31.95,326.7162,-0.568,6.3354,5.0,34.96446,48.843925,2.3532596,343.7618,NaN,3.276,100.283875,324.1,4 / 25,12437,2022-01-10 17:04:44:966
1.300499,-0.016152,7.537092,4.345955,-1.163853,8.713697,-2.117392,1.102849,-0.14646,-0.475627,-6.063839,-0.456985,54.0,15.3,16.5,-31.95,326.7162,-0.568,6.3354,5.0,34.96446,48.843925,2.3532596,343.7618,NaN,3.276,100.283875,324.1,4 / 25,12442,2022-01-10 17:04:44:971
5.644669,-2.154138,7.405188,4.345955,-1.163853,8.713697,-2.117392,1.102849,-0.14646,-1.116897,-2.836316,-0.851387,175.0,15.3,16.5,-31.95,326.7162,-0.568,6.3354,5.0,34.96446,48.843925,2.3532596,343.7618,NaN,3.276,100.283875,324.1,4 / 25,12448,2022-01-10 17:04:44:977
5.644669,-2.154138,7.405188,4.345955,-1.163853,8.713697,-2.117392,1.102849,-0.14646,-1.116897,-2.836316,-0.851387,175.0,15.3,16.5,-31.95,326.7162,-0.568,6.3354,5.0,34.96446,48.843925,2.3532596,343.7618,NaN,3.276,100.283875,324.1,4 / 25,12453,2022-01-10 17:04:44:982
5.644669,-2.154138,7.405188,4.345955,-1.163853,8.713697,-2.117392,1.102849,-0.14646,-1.116897,-2.836316,-0.851387,175.0,15.3,16.5,-31.95,326.7162,-0.568,6.3354,5.0,34.96446,48.843925,2.3532596,343.7618,NaN,3.276,100.283875,324.1,4 / 25,12457,2022-01-10 17:04:44:986
5.644669,-2.154138,7.405188,4.345955,-1.163853,8.713697,-2.117392,1.102849,-0.14646,-1.116897,-2.836316,-0.851387,175.0,15.3,16.5,-31.95,326.7162,-0.568,6.3354,5.0,34.96446,48.843925,2.3532596,343.7618,NaN,3.276,100.283875,324.1,4 / 25,12462,2022-01-10 17:04:44:991
5.644669,-2.154138,7.405188,4.345955,-1.163853,8.713697,-2.117392,1.102849,-0.14646,-1.116897,-2.836316,-0.851387,175.0,15.3,16.5,-31.95,326.7162,-0.568,6.3354,5.0,34.96446,48.843925,2.3532596,343.7618,NaN,3.276,100.283875,324.1,4 / 25,12468,2022-01-10 17:04:44:997
5.644669,-2.154138,7.405188,4.345955,-1.163853,8.713697,-2.117392,1.102849,-0.14646,-1.116897,-2.836316,-0.851387,175.0,15.3,16.5,-31.95,326.7162,-0.568,6.3354,5.0,34.96446,48.843925,2.3532596,343.7618,NaN,3.276,100.283875,324.1,4 / 25,12472,2022-01-10 17:04:45:001
5.644669,-2.154138,7.405188,4.345955,-1.163853,8.713697,-2.117392,1.102849,-0.14646,-1.116897,-2.836316,-0.851387,175.0,15.3,16.5,-31.95,326.7162,-0.568,6.3354,5.0,34.96446,48.843925,2.3532596,343.7618,NaN,3.276,100.283875,324.1,4 / 25,12477,2022-01-10 17:04:45:006
5.644669,-2.154138,7.405188,4.345955,-1.163853,8.713697,-2.117392,1.102849,-0.14646,-1.116897,-2.836316,-0.851387,175.0,15.3,16.5,-31.95,326.7162,-0.568,6.3354,5.0,34.96446,48.843925,2.3532596,343.7618,NaN,3.276,100.283875,324.1,4 / 25,12482,2022-01-10 17:04:45:011
5.644669,-2.154138,7.405188,4.345955,-1.163853,8.713697,-2.117392,1.102849,-0.14646,-1.116897,-2.836316,-0.851387,175.0,15.3,16.5,-31.95,326.7162,-0.568,6.3354,5.0,34.96446,48.843925,2.3532596,343.7618,NaN,3.276,100.283875,324.1,4 / 25,12488,2022-01-10 17:04:45:017
5.644669,-2.154138,7.405188,4.345955,-1.163853,8.713697,-2.117392,1.102849,-0.14646,-1.116897,-2.836316,-0.851387,175.0,15.3,16.5,-31.95,326.7162,-0.568,6.3354,5.0,34.96446,48.843925,2.3532596,343.7618,NaN,3.276,100.283875,324.1,4 / 25,12492,2022-01-10 17:04:45:021
5.644669,-2.154138,7.405188,4.345955,-1.163853,8.713697,-2.117392,1.102849,-0.14646,-1.116897,-2.836316,-0.851387,175.0,15.3,16.5,-31.95,326.7162,-0.568,6.3354,5.0,34.96446,48.843925,2.3532596,343.7618,NaN,3.276,100.283875,324.1,4 / 25,12497,2022-01-10 17:04:45:026
5.644669,-2.154138,7.405188,4.345955,-1.163853,8.713697,-2.117392,1.102849,-0.14646,-1.116897,-2.836316,-0.851387,175.0,15.3,16.5,-31.95,326.7162,-0.568,6.3354,5.0,34.96446,48.843925,2.3532596,343.7618,NaN,3.276,100.283875,324.1,4 / 25,12503,2022-01-10 17:04:45:032
5.644669,-2.154138,7.405188,4.345955,-1.163853,8.713697,-2.117392,1.102849,-0.14646,-1.116897,-2.836316,-0.851387,175.0,15.3,16.5,-31.95,326.7162,-0.568,6.3354,5.0,34.96446,48.843925,2.3532596,343.7618,NaN,3.276,100.283875,324.1,4 / 25,12507,2022-01-10 17:04:45:036
5.644669,-2.154138,7.405188,6.351647,-1.37761,7.343649,0.539598,-0.814838,0.239873,-1.116897,-2.836316,-0.851387,175.0,15.3,16.5,-31.95,326.7162,-0.568,6.3354,5.0,34.96446,48.843925,2.3532596,343.7618,NaN,3.276,100.283875,324.1,4 / 25,12513,2022-01-10 17:04:45:042
5.644669,-2.154138,7.405188,6.351647,-1.37761,7.343649,0.539598,-0.814838,0.239873,-1.116897,-2.836316,-0.851387,175.0,15.3,16.5,-31.95,326.7162,-0.568,6.3354,5.0,34.96446,48.843925,2.3532596,343.7618,NaN,3.276,100.283875,324.1,4 / 25,12518,2022-01-10 17:04:45:047
5.644669,-2.154138,7.405188,6.351647,-1.37761,7.343649,0.539598,-0.814838,0.239873,-1.116897,-2.836316,-0.851387,175.0,15.3,16.5,-31.95,326.7162,-0.568,6.3354,5.0,34.96446,48.843925,2.3532596,343.7618,NaN,3.276,100.283875,324.1,4 / 25,12530,2022-01-10 17:04:45:059
5.644669,-2.154138,7.405188,6.351647,-1.37761,7.343649,0.539598,-0.814838,0.239873,-1.116897,-2.836316,-0.851387,175.0,-0.825,18.75,-27.825,311.8793,8.0755,-40.8571,5.0,34.96446,48.843925,2.3532596,343.7618,NaN,3.276,100.283875,324.1,4 / 25,12533,2022-01-10 17:04:45:062
5.644669,-2.154138,7.405188,6.351647,-1.37761,7.343649,0.539598,-0.814838,0.239873,-1.116897,-2.836316,-0.851387,175.0,-0.825,18.75,-27.825,311.8793,8.0755,-40.8571,5.0,34.96446,48.843925,2.3532596,343.7618,NaN,3.276,100.283875,324.1,4 / 25,12533,2022-01-10 17:04:45:062
8.123932,-1.447359,6.055337,6.351647,-1.37761,7.343649,0.539598,-0.814838,0.239873,-1.116897,-2.836316,-0.851387,175.0,-0.825,18.75,-27.825,311.8793,8.0755,-40.8571,5.0,34.96446,48.843925,2.3532596,343.7618,NaN,3.276,100.283875,324.1,4 / 25,12542,2022-01-10 17:04:45:071
8.123932,-1.447359,6.055337,6.351647,-1.37761,7.343649,0.539598,-0.814838,0.239873,-1.116897,-2.836316,-0.851387,175.0,-0.825,18.75,-27.825,311.8793,8.0755,-40.8571,5.0,34.96446,48.843925,2.3532596,343.7618,NaN,3.276,100.283875,324.1,4 / 25,12542,2022-01-10 17:04:45:071
8.123932,-1.447359,6.055337,6.351647,-1.37761,7.343649,0.539598,-0.814838,0.239873,-1.116897,-2.836316,-0.851387,175.0,-0.825,18.75,-27.825,311.8793,8.0755,-40.8571,5.0,34.96446,48.843925,2.3532596,343.7618,NaN,3.276,100.283875,324.1,4 / 25,12555,2022-01-10 17:04:45:084
8.123932,-1.447359,6.055337,6.351647,-1.37761,7.343649,0.539598,-0.814838,0.239873,-1.116897,-2.836316,-0.851387,175.0,-0.825,18.75,-27.825,311.8793,8.0755,-40.8571,5.0,34.96446,48.843925,2.3532596,343.7618,NaN,3.276,100.283875,324.1,4 / 25,12555,2022-01-10 17:04:45:084
8.123932,-1.447359,6.055337,6.351647,-1.37761,7.343649,0.539598,-0.814838,0.239873,-1.116897,-2.836316,-0.851387,175.0,-0.825,18.75,-27.825,311.8793,8.0755,-40.8571,5.0,34.96446,48.843925,2.3532596,343.7618,NaN,3.276,100.283875,324.1,4 / 25,12557,2022-01-10 17:04:45:086
8.123932,-1.447359,6.055337,6.351647,-1.37761,7.343649,0.539598,-0.814838,0.239873,-1.116897,-2.836316,-0.851387,175.0,-0.825,18.75,-27.825,311.8793,8.0755,-40.8571,5.0,34.96446,48.843925,2.3532596,343.7618,NaN,3.276,100.283875,324.1,4 / 25,12562,2022-01-10 17:04:45:091
8.123932,-1.447359,6.055337,6.351647,-1.37761,7.343649,0.539598,-0.814838,0.239873,-1.116897,-2.836316,-0.851387,175.0,-0.825,18.75,-27.825,311.8793,8.0755,-40.8571,5.0,34.96446,48.843925,2.3532596,343.7618,NaN,3.276,100.283875,324.1,4 / 25,12569,2022-01-10 17:04:45:098
8.123932,-1.447359,6.055337,6.351647,-1.37761,7.343649,0.539598,-0.814838,0.239873,-1.116897,-2.836316,-0.851387,175.0,-0.825,18.75,-27.825,311.8793,8.0755,-40.8571,5.0,34.96446,48.843925,2.3532596,343.7618,NaN,3.276,100.283875,324.1,4 / 25,12573,2022-01-10 17:04:45:102
8.123932,-1.447359,6.055337,6.351647,-1.37761,7.343649,0.539598,-0.814838,0.239873,-0.090412,0.923024,-0.898923,175.0,-0.825,18.75,-27.825,311.8793,8.0755,-40.8571,5.0,34.96446,48.843925,2.3532596,343.7618,NaN,3.276,100.283875,324.1,4 / 25,12577,2022-01-10 17:04:45:106
8.123932,-1.447359,6.055337,6.351647,-1.37761,7.343649,0.539598,-0.814838,0.239873,-0.090412,0.923024,-0.898923,175.0,-0.825,18.75,-27.825,311.8793,8.0755,-40.8571,5.0,34.96446,48.843925,2.3532596,343.7618,NaN,3.276,100.283875,324.1,4 / 25,12582,2022-01-10 17:04:45:111
8.123932,-1.447359,6.055337,6.351647,-1.37761,7.343649,0.539598,-0.814838,0.239873,-0.090412,0.923024,-0.898923,175.0,-0.825,18.75,-27.825,311.8793,8.0755,-40.8571,5.0,34.96446,48.843925,2.3532596,343.7618,NaN,3.276,100.283875,324.1,4 / 25,12589,2022-01-10 17:04:45:118
8.123932,-1.447359,6.055337,6.351647,-1.37761,7.343649,0.539598,-0.814838,0.239873,-0.090412,0.923024,-0.898923,175.0,-0.825,18.75,-27.825,311.8793,8.0755,-40.8571,5.0,34.96446,48.843925,2.3532596,343.7618,NaN,3.276,100.283875,324.1,4 / 25,12593,2022-01-10 17:04:45:122
8.123932,-1.447359,6.055337,6.351647,-1.37761,7.343649,0.539598,-0.814838,0.239873,-0.090412,0.923024,-0.898923,175.0,-0.825,18.75,-27.825,311.8793,8.0755,-40.8571,5.0,34.96446,48.843925,2.3532596,343.7618,NaN,3.276,100.283875,324.1,4 / 25,12598,2022-01-10 17:04:45:127
8.123932,-1.447359,6.055337,6.351647,-1.37761,7.343649,0.539598,-0.814838,0.239873,-0.090412,0.923024,-0.898923,175.0,-0.825,18.75,-27.825,311.8793,8.0755,-40.8571,5.0,34.96446,48.843925,2.3532596,343.7618,NaN,3.276,100.283875,324.1,4 / 25,12603,2022-01-10 17:04:45:132
8.123932,-1.447359,6.055337,6.351647,-1.37761,7.343649,0.539598,-0.814838,0.239873,-0.090412,0.923024,-0.898923,175.0,-0.825,18.75,-27.825,311.8793,8.0755,-40.8571,5.0,34.96446,48.843925,2.3532596,343.7618,NaN,3.276,100.283875,324.1,4 / 25,12607,2022-01-10 17:04:45:136
8.123932,-1.447359,6.055337,6.351647,-1.37761,7.343649,0.539598,-0.814838,0.239873,-0.090412,0.923024,-0.898923,175.0,-0.825,18.75,-27.825,311.8793,8.0755,-40.8571,5.0,34.96446,48.843925,2.3532596,343.7618,NaN,3.276,100.283875,324.1,4 / 25,12613,2022-01-10 17:04:45:142
8.123932,-1.447359,6.055337,6.351647,-1.37761,7.343649,0.539598,-0.814838,0.239873,-0.090412,0.923024,-0.898923,175.0,-0.825,18.75,-27.825,311.8793,8.0755,-40.8571,5.0,34.96446,48.843925,2.3532596,343.7618,NaN,3.276,100.283875,324.1,4 / 25,12617,2022-01-10 17:04:45:146
8.123932,-1.447359,6.055337,6.351647,-1.37761,7.343649,0.539598,-0.814838,0.239873,-0.090412,0.923024,-0.898923,175.0,-0.825,18.75,-27.825,311.8793,8.0755,-40.8571,5.0,34.96446,48.843925,2.3532596,343.7618,NaN,3.276,100.283875,324.1,4 / 25,12623,2022-01-10 17:04:45:152
8.123932,-1.447359,6.055337,6.351647,-1.37761,7.343649,0.539598,-0.814838,0.239873,-0.090412,0.923024,-0.898923,175.0,-0.825,18.75,-27.825,311.8793,8.0755,-40.8571,5.0,34.96446,48.843925,2.3532596,343.7618,NaN,3.276,100.283875,324.1,4 / 25,12628,2022-01-10 17:04:45:157
8.123932,-1.447359,6.055337,6.351647,-1.37761,7.343649,0.539598,-0.814838,0.239873,-0.090412,0.923024,-0.898923,175.0,-0.825,18.75,-27.825,311.8793,8.0755,-40.8571,5.0,34.96446,48.843925,2.3532596,343.7618,NaN,3.276,100.283875,324.1,4 / 25,12632,2022-01-10 17:04:45:161
8.123932,-1.447359,6.055337,6.351647,-1.37761,7.343649,0.539598,-0.814838,0.239873,-0.090412,0.923024,-0.898923,175.0,-0.825,18.75,-27.825,311.8793,8.0755,-40.8571,5.0,34.96446,48.843925,2.3532596,343.7618,NaN,3.276,100.283875,324.1,4 / 25,12638,2022-01-10 17:04:45:167
8.123932,-1.447359,6.055337,6.351647,-1.37761,7.343649,0.539598,-0.814838,0.239873,-0.090412,0.923024,-0.898923,175.0,-0.825,18.75,-27.825,311.8793,8.0755,-40.8571,5.0,34.96446,48.843925,2.3532596,343.7618,NaN,3.276,100.283875,324.1,4 / 25,12642,2022-01-10 17:04:45:171
8.123932,-1.508375,6.95115,3.737482,-0.182076,9.064683,5.070603,-1.325104,-2.58684,-0.090412,0.923024,-0.898923,158.0,-0.825,18.75,-27.825,311.8793,8.0755,-40.8571,5.0,34.96446,48.843925,2.3532596,343.7618,NaN,3.276,100.283875,324.1,4 / 25,12647,2022-01-10 17:04:45:176
8.123932,-1.508375,6.95115,3.737482,-0.182076,9.064683,5.070603,-1.325104,-2.58684,-0.090412,0.923024,-0.898923,158.0,-0.825,18.75,-27.825,311.8793,8.0755,-40.8571,5.0,34.96446,48.843925,2.3532596,343.7618,NaN,3.276,100.283875,324.1,4 / 25,12653,2022-01-10 17:04:45:182
8.123932,-1.508375,6.95115,3.737482,-0.182076,9.064683,5.070603,-1.325104,-2.58684,-0.090412,0.923024,-0.898923,158.0,-0.825,18.75,-27.825,311.8793,8.0755,-40.8571,5.0,34.96446,48.843925,2.3532596,343.7618,NaN,3.276,100.283875,324.1,4 / 25,12660,2022-01-10 17:04:45:189
8.123932,-1.508375,6.95115,3.737482,-0.182076,9.064683,5.070603,-1.325104,-2.58684,-0.090412,0.923024,-0.898923,158.0,-15.9,18.75,-28.65,11.4913,1.0638,-22.407,5.0,34.96446,48.843925,2.3532596,343.7618,NaN,3.276,100.283875,324.1,4 / 25,12662,2022-01-10 17:04:45:191
8.123932,-1.508375,6.95115,3.737482,-0.182076,9.064683,5.070603,-1.325104,-2.58684,-0.090412,0.923024,-0.898923,158.0,-15.9,18.75,-28.65,11.4913,1.0638,-22.407,5.0,34.96446,48.843925,2.3532596,343.7618,NaN,3.276,100.283875,324.1,4 / 25,12667,2022-01-10 17:04:45:196
8.123932,-1.508375,6.95115,3.737482,-0.182076,9.064683,5.070603,-1.325104,-2.58684,-0.090412,0.923024,-0.898923,158.0,-15.9,18.75,-28.65,11.4913,1.0638,-22.407,5.0,34.96446,48.843925,2.3532596,343.7618,NaN,3.276,100.283875,324.1,4 / 25,12672,2022-01-10 17:04:45:201
8.123932,-1.508375,6.95115,3.737482,-0.182076,9.064683,5.070603,-1.325104,-2.58684,-0.090412,0.923024,-0.898923,158.0,-15.9,18.75,-28.65,11.4913,1.0638,-22.407,5.0,34.96446,48.843925,2.3532596,343.7618,NaN,3.276,100.283875,324.1,4 / 25,12677,2022-01-10 17:04:45:206
8.123932,-1.508375,6.95115,3.737482,-0.182076,9.064683,5.070603,-1.325104,-2.58684,-0.090412,0.923024,-0.898923,158.0,-15.9,18.75,-28.65,11.4913,1.0638,-22.407,5.0,34.96446,48.843925,2.3532596,343.7618,NaN,3.276,100.283875,324.1,4 / 25,12683,2022-01-10 17:04:45:212
8.123932,-1.508375,6.95115,3.737482,-0.182076,9.064683,5.070603,-1.325104,-2.58684,-0.090412,0.923024,-0.898923,158.0,-15.9,18.75,-28.65,11.4913,1.0638,-22.407,5.0,34.96446,48.843925,2.3532596,343.7618,NaN,3.276,100.283875,324.1,4 / 25,12687,2022-01-10 17:04:45:216
8.123932,-1.508375,6.95115,3.737482,-0.182076,9.064683,5.070603,-1.325104,-2.58684,-0.090412,0.923024,-0.898923,158.0,-15.9,18.75,-28.65,11.4913,1.0638,-22.407,5.0,34.96446,48.843925,2.3532596,343.7618,NaN,3.276,100.283875,324.1,4 / 25,12692,2022-01-10 17:04:45:221
8.123932,-1.508375,6.95115,3.737482,-0.182076,9.064683,5.070603,-1.325104,-2.58684,-0.090412,0.923024,-0.898923,158.0,-15.9,18.75,-28.65,11.4913,1.0638,-22.407,5.0,34.96446,48.843925,2.3532596,343.7618,NaN,3.276,100.283875,324.1,4 / 25,12697,2022-01-10 17:04:45:226
8.123932,-1.508375,6.95115,3.737482,-0.182076,9.064683,5.070603,-1.325104,-2.58684,-0.090412,0.923024,-0.898923,158.0,-15.9,18.75,-28.65,11.4913,1.0638,-22.407,5.0,34.96446,48.843925,2.3532596,343.7618,NaN,3.276,100.283875,324.1,4 / 25,12703,2022-01-10 17:04:45:232
8.123932,-1.508375,6.95115,3.737482,-0.182076,9.064683,5.070603,-1.325104,-2.58684,-0.090412,0.923024,-0.898923,158.0,-15.9,18.75,-28.65,11.4913,1.0638,-22.407,5.0,34.96446,48.843925,2.3532596,343.7618,NaN,3.276,100.283875,324.1,4 / 25,12708,2022-01-10 17:04:45:237
8.123932,-1.508375,6.95115,3.737482,-0.182076,9.064683,5.070603,-1.325104,-2.58684,-0.090412,0.923024,-0.898923,158.0,-15.9,18.75,-28.65,11.4913,1.0638,-22.407,5.0,34.96446,48.843925,2.3532596,343.7618,NaN,3.276,100.283875,324.1,4 / 25,12712,2022-01-10 17:04:45:241
8.123932,-1.508375,6.95115,3.737482,-0.182076,9.064683,5.070603,-1.325104,-2.58684,-0.090412,0.923024,-0.898923,158.0,-15.9,18.75,-28.65,11.4913,1.0638,-22.407,5.0,34.96446,48.843925,2.3532596,343.7618,NaN,3.276,100.283875,324.1,4 / 25,12717,2022-01-10 17:04:45:246
8.123932,-1.508375,6.95115,3.737482,-0.182076,9.064683,5.070603,-1.325104,-2.58684,-0.090412,0.923024,-0.898923,158.0,-15.9,18.75,-28.65,11.4913,1.0638,-22.407,5.0,34.96446,48.843925,2.3532596,343.7618,NaN,3.276,100.283875,324.1,4 / 25,12723,2022-01-10 17:04:45:252
8.123932,-1.508375,6.95115,3.737482,-0.182076,9.064683,5.070603,-1.325104,-2.58684,-0.090412,0.923024,-0.898923,158.0,-15.9,18.75,-28.65,11.4913,1.0638,-22.407,5.0,34.96446,48.843925,2.3532596,343.7618,NaN,3.276,100.283875,324.1,4 / 25,12727,2022-01-10 17:04:45:256
8.123932,-1.508375,6.95115,3.737482,-0.182076,9.064683,5.070603,-1.325104,-2.58684,-0.090412,0.923024,-0.898923,158.0,-15.9,18.75,-28.65,11.4913,1.0638,-22.407,5.0,34.96446,48.843925,2.3532596,343.7618,NaN,3.276,100.283875,324.1,4 / 25,12733,2022-01-10 17:04:45:262
8.123932,-1.508375,6.95115,3.737482,-0.182076,9.064683,5.070603,-1.325104,-2.58684,-0.090412,0.923024,-0.898923,158.0,-15.9,18.75,-28.65,11.4913,1.0638,-22.407,5.0,34.96446,48.843925,2.3532596,343.7618,NaN,3.276,100.283875,324.1,4 / 25,12738,2022-01-10 17:04:45:267
8.123932,-1.508375,6.95115,3.737482,-0.182076,9.064683,5.070603,-1.325104,-2.58684,-0.090412,0.923024,-0.898923,158.0,-15.9,18.75,-28.65,11.4913,1.0638,-22.407,5.0,34.96446,48.843925,2.3532596,343.7618,NaN,3.276,100.283875,324.1,4 / 25,12742,2022-01-10 17:04:45:271
1.963909,0.132503,6.631409,-0.086119,0.58183,9.788996,5.407318,-1.241059,-2.238293,0.870295,6.485805,-1.466559,158.0,-15.9,18.75,-28.65,11.4913,1.0638,-22.407,5.0,34.96446,48.843925,2.3532596,343.7618,NaN,3.276,100.283875,324.1,4 / 25,12749,2022-01-10 17:04:45:278
1.963909,0.132503,6.631409,-0.086119,0.58183,9.788996,5.407318,-1.241059,-2.238293,0.870295,6.485805,-1.466559,158.0,-15.9,18.75,-28.65,11.4913,1.0638,-22.407,5.0,34.96446,48.843925,2.3532596,343.7618,NaN,3.276,100.283875,324.1,4 / 25,12752,2022-01-10 17:04:45:281
1.963909,0.132503,6.631409,-0.086119,0.58183,9.788996,5.407318,-1.241059,-2.238293,0.870295,6.485805,-1.466559,158.0,-15.9,18.75,-28.65,11.4913,1.0638,-22.407,5.0,34.96446,48.843925,2.3532596,343.7618,NaN,3.276,100.283875,324.1,4 / 25,12758,2022-01-10 17:04:45:287
1.963909,0.132503,6.631409,-0.086119,0.58183,9.788996,5.407318,-1.241059,-2.238293,0.870295,6.485805,-1.466559,158.0,-15.9,18.75,-28.65,11.4913,1.0638,-22.407,5.0,34.96446,48.843925,2.3532596,343.7618,NaN,3.276,100.283875,324.1,4 / 25,12762,2022-01-10 17:04:45:291
1.963909,0.132503,6.631409,-0.086119,0.58183,9.788996,5.407318,-1.241059,-2.238293,0.870295,6.485805,-1.466559,158.0,-15.9,18.75,-28.65,11.4913,1.0638,-22.407,5.0,34.96446,48.843925,2.3532596,343.7618,NaN,3.276,100.283875,324.1,4 / 25,12768,2022-01-10 17:04:45:297
1.963909,0.132503,6.631409,-0.086119,0.58183,9.788996,5.407318,-1.241059,-2.238293,0.870295,6.485805,-1.466559,158.0,-15.9,18.75,-28.65,11.4913,1.0638,-22.407,5.0,29.27086,48.843925,2.3532596,343.7618,NaN,3.276,100.283875,324.1,4 / 25,12773,2022-01-10 17:04:45:302
1.963909,0.132503,6.631409,-0.086119,0.58183,9.788996,5.407318,-1.241059,-2.238293,0.870295,6.485805,-1.466559,158.0,-15.9,18.75,-28.65,11.4913,1.0638,-22.407,5.0,29.27086,48.843925,2.3532596,343.7618,NaN,3.276,100.283875,324.1,4 / 25,12777,2022-01-10 17:04:45:306
1.963909,0.132503,6.631409,-0.086119,0.58183,9.788996,5.407318,-1.241059,-2.238293,0.870295,6.485805,-1.466559,158.0,-15.9,18.75,-28.65,11.4913,1.0638,-22.407,5.0,29.27086,48.843925,2.3532596,343.7618,NaN,3.276,100.283875,324.1,4 / 25,12783,2022-01-10 17:04:45:312
1.963909,0.132503,6.631409,-0.086119,0.58183,9.788996,5.407318,-1.241059,-2.238293,0.870295,6.485805,-1.466559,158.0,-15.9,18.75,-28.65,11.4913,1.0638,-22.407,5.0,29.27086,48.843925,2.3532596,343.7618,NaN,3.276,100.283875,324.1,4 / 25,12788,2022-01-10 17:04:45:317
1.963909,0.132503,6.631409,-0.086119,0.58183,9.788996,5.407318,-1.241059,-2.238293,0.870295,6.485805,-1.466559,158.0,-15.9,18.75,-28.65,11.4913,1.0638,-22.407,5.0,29.27086,48.843925,2.3532596,343.7618,NaN,3.276,100.283875,324.1,4 / 25,12793,2022-01-10 17:04:45:322
1.963909,0.132503,6.631409,-0.086119,0.58183,9.788996,5.407318,-1.241059,-2.238293,0.870295,6.485805,-1.466559,158.0,-21.45,17.025,-30.15,48.6106,-3.4014,0.504,5.0,29.27086,48.843925,2.3532596,343.7618,NaN,3.276,100.283875,324.1,4 / 25,12797,2022-01-10 17:04:45:326
1.963909,0.132503,6.631409,-0.086119,0.58183,9.788996,5.407318,-1.241059,-2.238293,0.870295,6.485805,-1.466559,158.0,-21.45,17.025,-30.15,48.6106,-3.4014,0.504,5.0,29.27086,48.843925,2.3532596,343.7618,NaN,3.276,100.283875,324.1,4 / 25,12802,2022-01-10 17:04:45:331
1.963909,0.132503,6.631409,-0.086119,0.58183,9.788996,5.407318,-1.241059,-2.238293,0.870295,6.485805,-1.466559,158.0,-21.45,17.025,-30.15,48.6106,-3.4014,0.504,5.0,29.27086,48.843925,2.3532596,343.7618,NaN,3.276,100.283875,324.1,4 / 25,12807,2022-01-10 17:04:45:336
1.963909,0.132503,6.631409,-0.086119,0.58183,9.788996,5.407318,-1.241059,-2.238293,0.870295,6.485805,-1.466559,158.0,-21.45,17.025,-30.15,48.6106,-3.4014,0.504,5.0,29.27086,48.843925,2.3532596,343.7618,NaN,3.276,100.283875,324.1,4 / 25,12813,2022-01-10 17:04:45:342
1.963909,0.132503,6.631409,-0.086119,0.58183,9.788996,5.407318,-1.241059,-2.238293,0.870295,6.485805,-1.466559,158.0,-21.45,17.025,-30.15,48.6106,-3.4014,0.504,5.0,29.27086,48.843925,2.3532596,343.7618,NaN,3.276,100.283875,324.1,4 / 25,12818,2022-01-10 17:04:45:347
1.963909,0.132503,6.631409,-0.086119,0.58183,9.788996,5.407318,-1.241059,-2.238293,0.870295,6.485805,-1.466559,158.0,-21.45,17.025,-30.15,48.6106,-3.4014,0.504,5.0,29.27086,48.843925,2.3532596,343.7618,NaN,3.276,100.283875,324.1,4 / 25,12822,2022-01-10 17:04:45:351
1.963909,0.132503,6.631409,-0.086119,0.58183,9.788996,5.407318,-1.241059,-2.238293,0.870295,6.485805,-1.466559,158.0,-21.45,17.025,-30.15,48.6106,-3.4014,0.504,5.0,29.27086,48.843925,2.3532596,343.7618,NaN,3.276,100.283875,324.1,4 / 25,12827,2022-01-10 17:04:45:356
1.963909,0.132503,6.631409,-0.086119,0.58183,9.788996,5.407318,-1.241059,-2.238293,0.870295,6.485805,-1.466559,158.0,-21.45,17.025,-30.15,48.6106,-3.4014,0.504,5.0,29.27086,48.843925,2.3532596,343.7618,NaN,3.276,100.283875,324.1,4 / 25,12833,2022-01-10 17:04:45:362
1.963909,0.132503,6.631409,-0.086119,0.58183,9.788996,5.407318,-1.241059,-2.238293,0.870295,6.485805,-1.466559,158.0,-21.45,17.025,-30.15,48.6106,-3.4014,0.504,5.0,29.27086,48.843925,2.3532596,343.7618,NaN,3.276,100.283875,324.1,4 / 25,12838,2022-01-10 17:04:45:367
1.963909,0.132503,6.631409,-0.086119,0.58183,9.788996,5.407318,-1.241059,-2.238293,0.870295,6.485805,-1.466559,158.0,-21.45,17.025,-30.15,48.6106,-3.4014,0.504,5.0,29.27086,48.843925,2.3532596,343.7618,NaN,3.276,100.283875,324.1,6 / 25,12842,2022-01-10 17:04:45:371
1.963909,0.132503,6.631409,-0.086119,0.58183,9.788996,5.407318,-1.241059,-2.238293,0.870295,6.485805,-1.466559,158.0,-21.45,17.025,-30.15,48.6106,-3.4014,0.504,5.0,29.27086,48.84393,2.3532736,370.4042,NaN,3.564,96.825806,24.5,6 / 25,12848,2022-01-10 17:04:45:377
1.963909,0.132503,6.631409,-0.086119,0.58183,9.788996,5.407318,-1.241059,-2.238293,0.870295,6.485805,-1.466559,158.0,-21.45,17.025,-30.15,48.6106,-3.4014,0.504,5.0,29.27086,48.84393,2.3532736,370.4042,NaN,3.564,96.825806,24.5,6 / 25,12852,2022-01-10 17:04:45:381
-6.573682,0.005384,9.18156,-0.086119,0.58183,9.788996,5.407318,-1.241059,-2.238293,0.870295,6.485805,-1.466559,158.0,-21.45,17.025,-30.15,48.6106,-3.4014,0.504,5.0,29.27086,48.84393,2.3532736,370.4042,NaN,3.564,96.825806,24.5,6 / 25,12858,2022-01-10 17:04:45:387
-6.573682,0.005384,9.18156,-0.086119,0.58183,9.788996,5.407318,-1.241059,-2.238293,0.870295,6.485805,-1.466559,27.0,-21.45,17.025,-30.15,48.6106,-3.4014,0.504,5.0,29.27086,48.84393,2.3532736,370.4042,NaN,3.564,96.825806,24.5,6 / 25,12863,2022-01-10 17:04:45:392
-6.573682,0.005384,9.18156,-0.086119,0.58183,9.788996,5.407318,-1.241059,-2.238293,0.870295,6.485805,-1.466559,27.0,-21.45,17.025,-30.15,48.6106,-3.4014,0.504,5.0,29.27086,48.84393,2.3532736,370.4042,NaN,3.564,96.825806,24.5,6 / 25,12868,2022-01-10 17:04:45:397
-6.573682,0.005384,9.18156,-0.086119,0.58183,9.788996,5.407318,-1.241059,-2.238293,0.870295,6.485805,-1.466559,27.0,-21.45,17.025,-30.15,48.6106,-3.4014,0.504,5.0,29.27086,48.84393,2.3532736,370.4042,NaN,3.564,96.825806,24.5,6 / 25,12872,2022-01-10 17:04:45:401
-6.573682,0.005384,9.18156,-0.086119,0.58183,9.788996,5.407318,-1.241059,-2.238293,0.870295,6.485805,-1.466559,27.0,-21.45,17.025,-30.15,48.6106,-3.4014,0.504,5.0,29.27086,48.84393,2.3532736,370.4042,NaN,3.564,96.825806,24.5,6 / 25,12878,2022-01-10 17:04:45:407
-6.573682,0.005384,9.18156,-0.086119,0.58183,9.788996,5.407318,-1.241059,-2.238293,0.870295,6.485805,-1.466559,27.0,-21.45,17.025,-30.15,48.6106,-3.4014,0.504,5.0,29.27086,48.84393,2.3532736,370.4042,NaN,3.564,96.825806,24.5,6 / 25,12882,2022-01-10 17:04:45:411
-6.573682,0.005384,9.18156,-6.026,0.0684,7.736475,0.358401,-0.226151,1.586181,0.870295,6.485805,-1.466559,27.0,-21.45,17.025,-30.15,48.6106,-3.4014,0.504,5.0,29.27086,48.84393,2.3532736,370.4042,NaN,3.564,96.825806,24.5,6 / 25,12887,2022-01-10 17:04:45:416
-6.573682,0.005384,9.18156,-6.026,0.0684,7.736475,0.358401,-0.226151,1.586181,0.870295,6.485805,-1.466559,27.0,-21.45,17.025,-30.15,48.6106,-3.4014,0.504,5.0,29.27086,48.84393,2.3532736,370.4042,NaN,3.564,96.825806,24.5,6 / 25,12893,2022-01-10 17:04:45:422
-6.573682,0.005384,9.18156,-6.026,0.0684,7.736475,0.358401,-0.226151,1.586181,0.870295,6.485805,-1.466559,27.0,-21.45,17.025,-30.15,48.6106,-3.4014,0.504,5.0,29.27086,48.84393,2.3532736,370.4042,NaN,3.564,96.825806,24.5,6 / 25,12897,2022-01-10 17:04:45:426
-6.573682,0.005384,9.18156,-6.026,0.0684,7.736475,0.358401,-0.226151,1.586181,0.870295,6.485805,-1.466559,27.0,-21.45,17.025,-30.15,48.6106,-3.4014,0.504,5.0,29.27086,48.84393,2.3532736,370.4042,NaN,3.564,96.825806,24.5,6 / 25,12903,2022-01-10 17:04:45:432
-6.573682,0.005384,9.18156,-6.026,0.0684,7.736475,0.358401,-0.226151,1.586181,0.870295,6.485805,-1.466559,27.0,-21.45,17.025,-30.15,48.6106,-3.4014,0.504,5.0,29.27086,48.84393,2.3532736,370.4042,NaN,3.564,96.825806,24.5,6 / 25,12907,2022-01-10 17:04:45:436
-6.573682,0.005384,9.18156,-6.026,0.0684,7.736475,0.358401,-0.226151,1.586181,0.164445,0.997458,-1.075619,27.0,-21.45,17.025,-30.15,48.6106,-3.4014,0.504,5.0,29.27086,48.84393,2.3532736,370.4042,NaN,3.564,96.825806,24.5,6 / 25,12912,2022-01-10 17:04:45:441
-6.573682,0.005384,9.18156,-6.026,0.0684,7.736475,0.358401,-0.226151,1.586181,0.164445,0.997458,-1.075619,27.0,-21.45,17.025,-30.15,48.6106,-3.4014,0.504,5.0,29.27086,48.84393,2.3532736,370.4042,NaN,3.564,96.825806,24.5,6 / 25,12918,2022-01-10 17:04:45:447
-6.573682,0.005384,9.18156,-6.026,0.0684,7.736475,0.358401,-0.226151,1.586181,0.164445,0.997458,-1.075619,27.0,-21.45,17.025,-30.15,48.6106,-3.4014,0.504,5.0,29.27086,48.84393,2.3532736,370.4042,NaN,3.564,96.825806,24.5,6 / 25,12922,2022-01-10 17:04:45:451
-6.573682,0.005384,9.18156,-6.026,0.0684,7.736475,0.358401,-0.226151,1.586181,0.164445,0.997458,-1.075619,27.0,-21.45,17.025,-30.15,48.6106,-3.4014,0.504,5.0,29.27086,48.84393,2.3532736,370.4042,NaN,3.564,96.825806,24.5,6 / 25,12928,2022-01-10 17:04:45:457
-6.573682,0.005384,9.18156,-6.026,0.0684,7.736475,0.358401,-0.226151,1.586181,0.164445,0.997458,-1.075619,27.0,-15.15,14.475,-31.65,65.8669,-0.3996,37.9153,5.0,29.27086,48.84393,2.3532736,370.4042,NaN,3.564,96.825806,24.5,6 / 25,12932,2022-01-10 17:04:45:461
-6.573682,0.005384,9.18156,-6.026,0.0684,7.736475,0.358401,-0.226151,1.586181,0.164445,0.997458,-1.075619,27.0,-15.15,14.475,-31.65,65.8669,-0.3996,37.9153,5.0,29.27086,48.84393,2.3532736,370.4042,NaN,3.564,96.825806,24.5,6 / 25,12938,2022-01-10 17:04:45:467
-6.573682,0.005384,9.18156,-6.026,0.0684,7.736475,0.358401,-0.226151,1.586181,0.164445,0.997458,-1.075619,27.0,-15.15,14.475,-31.65,65.8669,-0.3996,37.9153,5.0,29.27086,48.84393,2.3532736,370.4042,NaN,3.564,96.825806,24.5,6 / 25,12943,2022-01-10 17:04:45:472
-6.573682,0.005384,9.18156,-6.026,0.0684,7.736475,0.358401,-0.226151,1.586181,0.164445,0.997458,-1.075619,27.0,-15.15,14.475,-31.65,65.8669,-0.3996,37.9153,5.0,29.27086,48.84393,2.3532736,370.4042,NaN,3.564,96.825806,24.5,6 / 25,12947,2022-01-10 17:04:45:476
-5.784349,-0.221037,10.242777,-6.026,0.0684,7.736475,0.358401,-0.226151,1.586181,0.164445,0.997458,-1.075619,27.0,-15.15,14.475,-31.65,65.8669,-0.3996,37.9153,5.0,29.27086,48.84393,2.3532736,370.4042,NaN,3.564,96.825806,24.5,6 / 25,12953,2022-01-10 17:04:45:482
-5.784349,-0.221037,10.242777,-6.026,0.0684,7.736475,0.358401,-0.226151,1.586181,0.164445,0.997458,-1.075619,27.0,-15.15,14.475,-31.65,65.8669,-0.3996,37.9153,5.0,29.27086,48.84393,2.3532736,370.4042,NaN,3.564,96.825806,24.5,6 / 25,12957,2022-01-10 17:04:45:486
-5.784349,-0.221037,10.242777,-6.026,0.0684,7.736475,0.358401,-0.226151,1.586181,0.164445,0.997458,-1.075619,27.0,-15.15,14.475,-31.65,65.8669,-0.3996,37.9153,5.0,29.27086,48.84393,2.3532736,370.4042,NaN,3.564,96.825806,24.5,6 / 25,12963,2022-01-10 17:04:45:492
-5.784349,-0.221037,10.242777,-6.026,0.0684,7.736475,0.358401,-0.226151,1.586181,0.164445,0.997458,-1.075619,27.0,-15.15,14.475,-31.65,65.8669,-0.3996,37.9153,5.0,29.27086,48.84393,2.3532736,370.4042,NaN,3.564,96.825806,24.5,6 / 25,12967,2022-01-10 17:04:45:496
-5.784349,-0.221037,10.242777,-6.026,0.0684,7.736475,0.358401,-0.226151,1.586181,0.164445,0.997458,-1.075619,27.0,-15.15,14.475,-31.65,65.8669,-0.3996,37.9153,5.0,29.27086,48.84393,2.3532736,370.4042,NaN,3.564,96.825806,24.5,6 / 25,12973,2022-01-10 17:04:45:502
-5.784349,-0.221037,10.242777,-6.026,0.0684,7.736475,0.358401,-0.226151,1.586181,0.164445,0.997458,-1.075619,27.0,-15.15,14.475,-31.65,65.8669,-0.3996,37.9153,5.0,29.27086,48.84393,2.3532736,370.4042,NaN,3.564,96.825806,24.5,6 / 25,12977,2022-01-10 17:04:45:506
-5.784349,-0.221037,10.242777,-6.026,0.0684,7.736475,0.358401,-0.226151,1.586181,0.164445,0.997458,-1.075619,27.0,-15.15,14.475,-31.65,65.8669,-0.3996,37.9153,5.0,29.27086,48.84393,2.3532736,370.4042,NaN,3.564,96.825806,24.5,6 / 25,12982,2022-01-10 17:04:45:511
-5.784349,-0.221037,10.242777,-6.026,0.0684,7.736475,0.358401,-0.226151,1.586181,0.164445,0.997458,-1.075619,27.0,-15.15,14.475,-31.65,65.8669,-0.3996,37.9153,5.0,29.27086,48.84393,2.3532736,370.4042,NaN,3.564,96.825806,24.5,6 / 25,12988,2022-01-10 17:04:45:517
-5.784349,-0.221037,10.242777,-6.026,0.0684,7.736475,0.358401,-0.226151,1.586181,0.164445,0.997458,-1.075619,27.0,-15.15,14.475,-31.65,65.8669,-0.3996,37.9153,5.0,29.27086,48.84393,2.3532736,370.4042,NaN,3.564,96.825806,24.5,6 / 25,12994,2022-01-10 17:04:45:523
-5.784349,-0.221037,10.242777,-6.026,0.0684,7.736475,0.358401,-0.226151,1.586181,0.164445,0.997458,-1.075619,27.0,-15.15,14.475,-31.65,65.8669,-0.3996,37.9153,5.0,29.27086,48.84393,2.3532736,370.4042,NaN,3.564,96.825806,24.5,6 / 25,12997,2022-01-10 17:04:45:526
-5.784349,-0.221037,10.242777,-6.026,0.0684,7.736475,0.358401,-0.226151,1.586181,0.164445,0.997458,-1.075619,27.0,-15.15,14.475,-31.65,65.8669,-0.3996,37.9153,5.0,29.27086,48.84393,2.3532736,370.4042,NaN,3.564,96.825806,24.5,6 / 25,13003,2022-01-10 17:04:45:532
-5.784349,-0.221037,10.242777,-5.365087,0.04484,8.20879,-0.81408,-0.254516,2.378973,0.164445,0.997458,-1.075619,27.0,-15.15,14.475,-31.65,65.8669,-0.3996,37.9153,5.0,29.27086,48.84393,2.3532736,370.4042,NaN,3.564,96.825806,24.5,6 / 25,13008,2022-01-10 17:04:45:537
-5.784349,-0.221037,10.242777,-5.365087,0.04484,8.20879,-0.81408,-0.254516,2.378973,0.164445,0.997458,-1.075619,27.0,-15.15,14.475,-31.65,65.8669,-0.3996,37.9153,5.0,29.27086,48.84393,2.3532736,370.4042,NaN,3.564,96.825806,24.5,6 / 25,13013,2022-01-10 17:04:45:542
-5.784349,-0.221037,10.242777,-5.365087,0.04484,8.20879,-0.81408,-0.254516,2.378973,0.164445,0.997458,-1.075619,27.0,-15.15,14.475,-31.65,65.8669,-0.3996,37.9153,5.0,29.27086,48.84393,2.3532736,370.4042,NaN,3.564,96.825806,24.5,6 / 25,13018,2022-01-10 17:04:45:547
-5.784349,-0.221037,10.242777,-5.365087,0.04484,8.20879,-0.81408,-0.254516,2.378973,0.164445,0.997458,-1.075619,27.0,-15.15,14.475,-31.65,65.8669,-0.3996,37.9153,5.0,29.27086,48.84393,2.3532736,370.4042,NaN,3.564,96.825806,24.5,6 / 25,13023,2022-01-10 17:04:45:552
-5.784349,-0.221037,10.242777,-5.365087,0.04484,8.20879,-0.81408,-0.254516,2.378973,0.164445,0.997458,-1.075619,27.0,-15.15,14.475,-31.65,65.8669,-0.3996,37.9153,5.0,29.27086,48.84393,2.3532736,370.4042,NaN,3.564,96.825806,24.5,6 / 25,13029,2022-01-10 17:04:45:558
-5.784349,-0.221037,10.242777,-5.365087,0.04484,8.20879,-0.81408,-0.254516,2.378973,0.164445,0.997458,-1.075619,27.0,-15.15,14.475,-31.65,65.8669,-0.3996,37.9153,5.0,29.27086,48.84393,2.3532736,370.4042,NaN,3.564,96.825806,24.5,6 / 25,13033,2022-01-10 17:04:45:562
-5.784349,-0.221037,10.242777,-5.365087,0.04484,8.20879,-0.81408,-0.254516,2.378973,0.164445,0.997458,-1.075619,27.0,-15.15,14.475,-31.65,65.8669,-0.3996,37.9153,5.0,29.27086,48.84393,2.3532736,370.4042,NaN,3.564,96.825806,24.5,6 / 25,13038,2022-01-10 17:04:45:567
-5.784349,-0.221037,10.242777,-5.365087,0.04484,8.20879,-0.81408,-0.254516,2.378973,1.714892,-2.911948,-1.575346,27.0,-15.15,14.475,-31.65,65.8669,-0.3996,37.9153,5.0,29.27086,48.84393,2.3532736,370.4042,NaN,3.564,96.825806,24.5,6 / 25,13043,2022-01-10 17:04:45:572
-5.784349,-0.221037,10.242777,-5.365087,0.04484,8.20879,-0.81408,-0.254516,2.378973,1.714892,-2.911948,-1.575346,27.0,-15.15,14.475,-31.65,65.8669,-0.3996,37.9153,5.0,29.27086,48.84393,2.3532736,370.4042,NaN,3.564,96.825806,24.5,6 / 25,13048,2022-01-10 17:04:45:577
-3.055934,-0.374178,10.00798,-5.365087,0.04484,8.20879,-0.81408,-0.254516,2.378973,1.714892,-2.911948,-1.575346,27.0,-6.675,10.8,-36.6,66.9175,-0.262,33.1678,5.0,29.27086,48.84393,2.3532736,370.4042,NaN,3.564,96.825806,24.5,6 / 25,13053,2022-01-10 17:04:45:582
-3.055934,-0.374178,10.00798,-5.365087,0.04484,8.20879,-0.81408,-0.254516,2.378973,1.714892,-2.911948,-1.575346,27.0,-6.675,10.8,-36.6,66.9175,-0.262,33.1678,5.0,29.27086,48.84393,2.3532736,370.4042,NaN,3.564,96.825806,24.5,6 / 25,13058,2022-01-10 17:04:45:587
-3.055934,-0.374178,10.00798,-5.365087,0.04484,8.20879,-0.81408,-0.254516,2.378973,1.714892,-2.911948,-1.575346,27.0,-6.675,10.8,-36.6,66.9175,-0.262,33.1678,5.0,29.27086,48.84393,2.3532736,370.4042,NaN,3.564,96.825806,24.5,6 / 25,13063,2022-01-10 17:04:45:592
-3.055934,-0.374178,10.00798,-5.365087,0.04484,8.20879,-0.81408,-0.254516,2.378973,1.714892,-2.911948,-1.575346,27.0,-6.675,10.8,-36.6,66.9175,-0.262,33.1678,5.0,29.27086,48.84393,2.3532736,370.4042,NaN,3.564,96.825806,24.5,6 / 25,13068,2022-01-10 17:04:45:597
-3.055934,-0.374178,10.00798,-5.365087,0.04484,8.20879,-0.81408,-0.254516,2.378973,1.714892,-2.911948,-1.575346,27.0,-6.675,10.8,-36.6,66.9175,-0.262,33.1678,5.0,29.27086,48.84393,2.3532736,370.4042,NaN,3.564,96.825806,24.5,6 / 25,13073,2022-01-10 17:04:45:602
-3.055934,-0.374178,10.00798,-5.365087,0.04484,8.20879,-0.81408,-0.254516,2.378973,1.714892,-2.911948,-1.575346,27.0,-6.675,10.8,-36.6,66.9175,-0.262,33.1678,5.0,27.29819,48.84393,2.3532736,370.4042,NaN,3.564,96.825806,24.5,6 / 25,13078,2022-01-10 17:04:45:607
-3.055934,-0.374178,10.00798,-5.365087,0.04484,8.20879,-0.81408,-0.254516,2.378973,1.714892,-2.911948,-1.575346,27.0,-6.675,10.8,-36.6,66.9175,-0.262,33.1678,5.0,27.29819,48.84393,2.3532736,370.4042,NaN,3.564,96.825806,24.5,6 / 25,13083,2022-01-10 17:04:45:612
-3.055934,-0.374178,10.00798,-5.365087,0.04484,8.20879,-0.81408,-0.254516,2.378973,1.714892,-2.911948,-1.575346,27.0,-6.675,10.8,-36.6,66.9175,-0.262,33.1678,5.0,27.29819,48.84393,2.3532736,370.4042,NaN,3.564,96.825806,24.5,6 / 25,13088,2022-01-10 17:04:45:617
-3.055934,-0.374178,10.00798,-5.365087,0.04484,8.20879,-0.81408,-0.254516,2.378973,1.714892,-2.911948,-1.575346,27.0,-6.675,10.8,-36.6,66.9175,-0.262,33.1678,5.0,27.29819,48.84393,2.3532736,370.4042,NaN,3.564,96.825806,24.5,6 / 25,13093,2022-01-10 17:04:45:622
-3.055934,-0.374178,10.00798,-5.365087,0.04484,8.20879,-0.81408,-0.254516,2.378973,1.714892,-2.911948,-1.575346,27.0,-6.675,10.8,-36.6,66.9175,-0.262,33.1678,5.0,27.29819,48.84393,2.3532736,370.4042,NaN,3.564,96.825806,24.5,6 / 25,13098,2022-01-10 17:04:45:627
-3.055934,-0.374178,10.00798,-5.365087,0.04484,8.20879,-0.81408,-0.254516,2.378973,1.714892,-2.911948,-1.575346,27.0,-6.675,10.8,-36.6,66.9175,-0.262,33.1678,5.0,27.29819,48.84393,2.3532736,370.4042,NaN,3.564,96.825806,24.5,6 / 25,13103,2022-01-10 17:04:45:632
-3.055934,-0.374178,10.00798,-5.365087,0.04484,8.20879,-0.81408,-0.254516,2.378973,1.714892,-2.911948,-1.575346,27.0,-6.675,10.8,-36.6,66.9175,-0.262,33.1678,5.0,27.29819,48.84393,2.3532736,370.4042,NaN,3.564,96.825806,24.5,6 / 25,13108,2022-01-10 17:04:45:637
-3.055934,-0.374178,10.00798,-5.365087,0.04484,8.20879,-0.81408,-0.254516,2.378973,1.714892,-2.911948,-1.575346,27.0,-6.675,10.8,-36.6,66.9175,-0.262,33.1678,5.0,27.29819,48.84393,2.3532736,370.4042,NaN,3.564,96.825806,24.5,6 / 25,13114,2022-01-10 17:04:45:643
-3.055934,-0.374178,10.00798,-5.365087,0.04484,8.20879,-0.81408,-0.254516,2.378973,1.714892,-2.911948,-1.575346,27.0,-6.675,10.8,-36.6,66.9175,-0.262,33.1678,5.0,27.29819,48.84393,2.3532736,370.4042,NaN,3.564,96.825806,24.5,6 / 25,13119,2022-01-10 17:04:45:648
-3.055934,-0.374178,10.00798,-5.365087,0.04484,8.20879,-0.81408,-0.254516,2.378973,1.714892,-2.911948,-1.575346,27.0,-6.675,10.8,-36.6,66.9175,-0.262,33.1678,5.0,27.29819,48.84393,2.3532736,370.4042,NaN,3.564,96.825806,24.5,6 / 25,13123,2022-01-10 17:04:45:652
-3.055934,-0.374178,10.00798,-5.365087,0.04484,8.20879,-0.81408,-0.254516,2.378973,1.714892,-2.911948,-1.575346,27.0,-6.675,10.8,-36.6,66.9175,-0.262,33.1678,5.0,27.29819,48.84393,2.3532736,370.4042,NaN,3.564,96.825806,24.5,6 / 25,13128,2022-01-10 17:04:45:657
-3.055934,-0.374178,10.00798,-2.3419,0.733904,9.494592,-0.81408,-0.254516,2.378973,1.714892,-2.911948,-1.575346,27.0,-6.675,10.8,-36.6,66.9175,-0.262,33.1678,5.0,27.29819,48.84393,2.3532736,370.4042,NaN,3.564,96.825806,24.5,6 / 25,13133,2022-01-10 17:04:45:662
-3.055934,-0.374178,10.00798,-2.3419,0.733904,9.494592,-1.240978,-1.032048,0.845223,1.714892,-2.911948,-1.575346,27.0,-6.675,10.8,-36.6,66.9175,-0.262,33.1678,5.0,27.29819,48.84393,2.3532736,370.4042,NaN,3.564,96.825806,24.5,6 / 25,13138,2022-01-10 17:04:45:667
-3.055934,-0.374178,10.00798,-2.3419,0.733904,9.494592,-1.240978,-1.032048,0.845223,1.714892,-2.911948,-1.575346,27.0,-6.675,10.8,-36.6,66.9175,-0.262,33.1678,5.0,27.29819,48.84393,2.3532736,370.4042,NaN,3.564,96.825806,24.5,6 / 25,13143,2022-01-10 17:04:45:672
-3.055934,-0.374178,10.00798,-2.3419,0.733904,9.494592,-1.240978,-1.032048,0.845223,1.714892,-2.911948,-1.575346,27.0,-6.675,10.8,-36.6,66.9175,-0.262,33.1678,5.0,27.29819,48.84393,2.3532736,370.4042,NaN,3.564,96.825806,24.5,6 / 25,13148,2022-01-10 17:04:45:677
-3.055934,-0.374178,10.00798,-2.3419,0.733904,9.494592,-1.240978,-1.032048,0.845223,1.714892,-2.911948,-1.575346,27.0,-6.675,10.8,-36.6,66.9175,-0.262,33.1678,5.0,27.29819,48.84393,2.3532736,370.4042,NaN,3.564,96.825806,24.5,6 / 25,13154,2022-01-10 17:04:45:683
-3.055934,-0.374178,10.00798,-2.3419,0.733904,9.494592,-1.240978,-1.032048,0.845223,1.714892,-2.911948,-1.575346,27.0,-6.675,10.8,-36.6,66.9175,-0.262,33.1678,5.0,27.29819,48.84393,2.3532736,370.4042,NaN,3.564,96.825806,24.5,6 / 25,13158,2022-01-10 17:04:45:687
-3.055934,-0.374178,10.00798,-2.3419,0.733904,9.494592,-1.240978,-1.032048,0.845223,1.714892,-2.911948,-1.575346,27.0,-6.675,10.8,-36.6,66.9175,-0.262,33.1678,5.0,27.29819,48.84393,2.3532736,370.4042,NaN,3.564,96.825806,24.5,6 / 25,13164,2022-01-10 17:04:45:693
-1.434198,0.691825,9.292826,-2.3419,0.733904,9.494592,-1.240978,-1.032048,0.845223,0.887339,-1.413032,-2.348173,27.0,-6.675,10.8,-36.6,66.9175,-0.262,33.1678,5.0,27.29819,48.84393,2.3532736,370.4042,NaN,3.564,96.825806,24.5,6 / 25,13168,2022-01-10 17:04:45:697
-1.434198,0.691825,9.292826,-2.3419,0.733904,9.494592,-1.240978,-1.032048,0.845223,0.887339,-1.413032,-2.348173,27.0,-6.675,10.8,-36.6,66.9175,-0.262,33.1678,5.0,27.29819,48.84393,2.3532736,370.4042,NaN,3.564,96.825806,24.5,6 / 25,13173,2022-01-10 17:04:45:702
-1.434198,0.691825,9.292826,-2.3419,0.733904,9.494592,-1.240978,-1.032048,0.845223,0.887339,-1.413032,-2.348173,27.0,-6.675,10.8,-36.6,66.9175,-0.262,33.1678,5.0,27.29819,48.84393,2.3532736,370.4042,NaN,3.564,96.825806,24.5,6 / 25,13178,2022-01-10 17:04:45:707
-1.434198,0.691825,9.292826,-2.3419,0.733904,9.494592,-1.240978,-1.032048,0.845223,0.887339,-1.413032,-2.348173,27.0,-6.675,10.8,-36.6,66.9175,-0.262,33.1678,5.0,27.29819,48.84393,2.3532736,370.4042,NaN,3.564,96.825806,24.5,6 / 25,13182,2022-01-10 17:04:45:711
-1.434198,0.691825,9.292826,-2.3419,0.733904,9.494592,-1.240978,-1.032048,0.845223,0.887339,-1.413032,-2.348173,27.0,-6.675,10.8,-36.6,66.9175,-0.262,33.1678,5.0,27.29819,48.84393,2.3532736,370.4042,NaN,3.564,96.825806,24.5,6 / 25,13189,2022-01-10 17:04:45:718
-1.434198,0.691825,9.292826,-2.3419,0.733904,9.494592,-1.240978,-1.032048,0.845223,0.887339,-1.413032,-2.348173,27.0,-1.8,5.85,-40.35,52.4582,-4.2919,13.8558,5.0,27.29819,48.84393,2.3532736,370.4042,NaN,3.564,96.825806,24.5,6 / 25,13193,2022-01-10 17:04:45:722
-1.434198,0.691825,9.292826,-2.3419,0.733904,9.494592,-1.240978,-1.032048,0.845223,0.887339,-1.413032,-2.348173,27.0,-1.8,5.85,-40.35,52.4582,-4.2919,13.8558,5.0,27.29819,48.84393,2.3532736,370.4042,NaN,3.564,96.825806,24.5,6 / 25,13198,2022-01-10 17:04:45:727
-1.434198,0.691825,9.292826,-2.3419,0.733904,9.494592,-1.240978,-1.032048,0.845223,0.887339,-1.413032,-2.348173,27.0,-1.8,5.85,-40.35,52.4582,-4.2919,13.8558,5.0,27.29819,48.84393,2.3532736,370.4042,NaN,3.564,96.825806,24.5,6 / 25,13203,2022-01-10 17:04:45:732
-1.434198,0.691825,9.292826,-2.3419,0.733904,9.494592,-1.240978,-1.032048,0.845223,0.887339,-1.413032,-2.348173,27.0,-1.8,5.85,-40.35,52.4582,-4.2919,13.8558,5.0,27.29819,48.84393,2.3532736,370.4042,NaN,3.564,96.825806,24.5,6 / 25,13209,2022-01-10 17:04:45:738
-1.434198,0.691825,9.292826,-2.3419,0.733904,9.494592,-1.240978,-1.032048,0.845223,0.887339,-1.413032,-2.348173,27.0,-1.8,5.85,-40.35,52.4582,-4.2919,13.8558,5.0,27.29819,48.84393,2.3532736,370.4042,NaN,3.564,96.825806,24.5,6 / 25,13213,2022-01-10 17:04:45:742
-1.434198,0.691825,9.292826,-2.3419,0.733904,9.494592,-1.240978,-1.032048,0.845223,0.887339,-1.413032,-2.348173,27.0,-1.8,5.85,-40.35,52.4582,-4.2919,13.8558,5.0,27.29819,48.84393,2.3532736,370.4042,NaN,3.564,96.825806,24.5,6 / 25,13218,2022-01-10 17:04:45:747
-1.434198,0.691825,9.292826,-2.3419,0.733904,9.494592,-1.240978,-1.032048,0.845223,0.887339,-1.413032,-2.348173,27.0,-1.8,5.85,-40.35,52.4582,-4.2919,13.8558,5.0,27.29819,48.84393,2.3532736,370.4042,NaN,3.564,96.825806,24.5,6 / 25,13224,2022-01-10 17:04:45:753
-1.434198,0.691825,9.292826,-2.3419,0.733904,9.494592,-1.240978,-1.032048,0.845223,0.887339,-1.413032,-2.348173,27.0,-1.8,5.85,-40.35,52.4582,-4.2919,13.8558,5.0,27.29819,48.84393,2.3532736,370.4042,NaN,3.564,96.825806,24.5,6 / 25,13228,2022-01-10 17:04:45:757
-1.434198,0.691825,9.292826,-2.3419,0.733904,9.494592,-1.240978,-1.032048,0.845223,0.887339,-1.413032,-2.348173,27.0,-1.8,5.85,-40.35,52.4582,-4.2919,13.8558,5.0,27.29819,48.84393,2.3532736,370.4042,NaN,3.564,96.825806,24.5,6 / 25,13233,2022-01-10 17:04:45:762
-1.434198,0.691825,9.292826,-2.3419,0.733904,9.494592,-1.240978,-1.032048,0.845223,0.887339,-1.413032,-2.348173,27.0,-1.8,5.85,-40.35,52.4582,-4.2919,13.8558,5.0,27.29819,48.84393,2.3532736,370.4042,NaN,3.564,96.825806,24.5,6 / 25,13238,2022-01-10 17:04:45:767
-1.434198,0.691825,9.292826,-2.3419,0.733904,9.494592,-1.240978,-1.032048,0.845223,0.887339,-1.413032,-2.348173,27.0,-1.8,5.85,-40.35,52.4582,-4.2919,13.8558,5.0,27.29819,48.84393,2.3532736,370.4042,NaN,3.564,96.825806,24.5,6 / 25,13243,2022-01-10 17:04:45:772
-1.434198,0.691825,9.292826,-1.371347,1.100255,9.647758,-1.500785,-0.134436,0.381941,0.887339,-1.413032,-2.348173,27.0,-1.8,5.85,-40.35,52.4582,-4.2919,13.8558,5.0,27.29819,48.84393,2.3532736,370.4042,NaN,3.564,96.825806,24.5,6 / 25,13248,2022-01-10 17:04:45:777
-1.434198,0.691825,9.292826,-1.371347,1.100255,9.647758,-1.500785,-0.134436,0.381941,0.887339,-1.413032,-2.348173,27.0,-1.8,5.85,-40.35,52.4582,-4.2919,13.8558,5.0,27.29819,48.84393,2.3532736,370.4042,NaN,3.564,96.825806,24.5,6 / 25,13253,2022-01-10 17:04:45:782
-1.434198,0.691825,9.292826,-1.371347,1.100255,9.647758,-1.500785,-0.134436,0.381941,0.887339,-1.413032,-2.348173,27.0,-1.8,5.85,-40.35,52.4582,-4.2919,13.8558,5.0,27.29819,48.84393,2.3532736,370.4042,NaN,3.564,96.825806,24.5,6 / 25,13259,2022-01-10 17:04:45:788
-1.434198,0.691825,9.292826,-1.371347,1.100255,9.647758,-1.500785,-0.134436,0.381941,0.887339,-1.413032,-2.348173,27.0,-1.8,5.85,-40.35,52.4582,-4.2919,13.8558,5.0,27.29819,48.84393,2.3532736,370.4042,NaN,3.564,96.825806,24.5,6 / 25,13265,2022-01-10 17:04:45:794
-1.434198,0.691825,9.292826,-1.371347,1.100255,9.647758,-1.500785,-0.134436,0.381941,0.887339,-1.413032,-2.348173,27.0,-1.8,5.85,-40.35,52.4582,-4.2919,13.8558,5.0,27.29819,48.84393,2.3532736,370.4042,NaN,3.564,96.825806,24.5,6 / 25,13271,2022-01-10 17:04:45:800
-1.434198,0.691825,9.292826,-1.371347,1.100255,9.647758,-1.500785,-0.134436,0.381941,0.887339,-1.413032,-2.348173,27.0,-1.8,5.85,-40.35,52.4582,-4.2919,13.8558,5.0,27.29819,48.84393,2.3532736,370.4042,NaN,3.564,96.825806,24.5,6 / 25,13273,2022-01-10 17:04:45:802
-1.434198,0.691825,9.292826,-1.371347,1.100255,9.647758,-1.500785,-0.134436,0.381941,0.887339,-1.413032,-2.348173,27.0,-1.8,5.85,-40.35,52.4582,-4.2919,13.8558,5.0,27.29819,48.84393,2.3532736,370.4042,NaN,3.564,96.825806,24.5,6 / 25,13277,2022-01-10 17:04:45:806
-1.434198,0.691825,9.292826,-1.371347,1.100255,9.647758,-1.500785,-0.134436,0.381941,0.887339,-1.413032,-2.348173,27.0,-1.8,5.85,-40.35,52.4582,-4.2919,13.8558,5.0,27.29819,48.84393,2.3532736,370.4042,NaN,3.564,96.825806,24.5,6 / 25,13282,2022-01-10 17:04:45:811
-1.434198,0.691825,9.292826,-1.371347,1.100255,9.647758,-1.500785,-0.134436,0.381941,0.887339,-1.413032,-2.348173,27.0,-1.8,5.85,-40.35,52.4582,-4.2919,13.8558,5.0,27.29819,48.84393,2.3532736,370.4042,NaN,3.564,96.825806,24.5,6 / 25,13288,2022-01-10 17:04:45:817
-4.698008,1.016351,9.539586,-1.371347,1.100255,9.647758,-1.500785,-0.134436,0.381941,0.887339,-1.413032,-2.348173,27.0,-1.8,5.85,-40.35,52.4582,-4.2919,13.8558,5.0,27.29819,48.84393,2.3532736,370.4042,NaN,3.564,96.825806,24.5,6 / 25,13292,2022-01-10 17:04:45:821
-4.698008,1.016351,9.539586,-1.371347,1.100255,9.647758,-1.500785,-0.134436,0.381941,0.887339,-1.413032,-2.348173,27.0,-1.8,5.85,-40.35,52.4582,-4.2919,13.8558,5.0,27.29819,48.84393,2.3532736,370.4042,NaN,3.564,96.825806,24.5,6 / 25,13297,2022-01-10 17:04:45:826
-4.698008,1.016351,9.539586,-1.371347,1.100255,9.647758,-1.500785,-0.134436,0.381941,0.074034,-0.719698,-2.419277,27.0,-1.8,5.85,-40.35,52.4582,-4.2919,13.8558,5.0,27.29819,48.84393,2.3532736,370.4042,NaN,3.564,96.825806,24.5,6 / 25,13302,2022-01-10 17:04:45:831
-4.698008,1.016351,9.539586,-1.371347,1.100255,9.647758,-1.500785,-0.134436,0.381941,0.074034,-0.719698,-2.419277,27.0,-1.8,5.85,-40.35,52.4582,-4.2919,13.8558,5.0,27.29819,48.84393,2.3532736,370.4042,NaN,3.564,96.825806,24.5,6 / 25,13307,2022-01-10 17:04:45:836
-4.698008,1.016351,9.539586,-1.371347,1.100255,9.647758,-1.500785,-0.134436,0.381941,0.074034,-0.719698,-2.419277,27.0,-1.8,5.85,-40.35,52.4582,-4.2919,13.8558,5.0,27.29819,48.84393,2.3532736,370.4042,NaN,3.564,96.825806,24.5,6 / 25,13313,2022-01-10 17:04:45:842
-4.698008,1.016351,9.539586,-1.371347,1.100255,9.647758,-1.500785,-0.134436,0.381941,0.074034,-0.719698,-2.419277,27.0,-1.8,5.85,-40.35,52.4582,-4.2919,13.8558,5.0,27.29819,48.84393,2.3532736,370.4042,NaN,3.564,96.825806,24.5,6 / 25,13318,2022-01-10 17:04:45:847
-4.698008,1.016351,9.539586,-1.371347,1.100255,9.647758,-1.500785,-0.134436,0.381941,0.074034,-0.719698,-2.419277,27.0,-1.8,5.85,-40.35,52.4582,-4.2919,13.8558,5.0,27.29819,48.84393,2.3532736,370.4042,NaN,3.564,96.825806,24.5,6 / 25,13323,2022-01-10 17:04:45:852
-4.698008,1.016351,9.539586,-1.371347,1.100255,9.647758,-1.500785,-0.134436,0.381941,0.074034,-0.719698,-2.419277,27.0,-1.8,5.85,-40.35,52.4582,-4.2919,13.8558,5.0,27.29819,48.84393,2.3532736,370.4042,NaN,3.564,96.825806,24.5,6 / 25,13331,2022-01-10 17:04:45:860
-4.698008,1.016351,9.539586,-1.371347,1.100255,9.647758,-1.500785,-0.134436,0.381941,0.074034,-0.719698,-2.419277,27.0,-3.675,1.125,-39.75,60.7345,-6.4419,8.0899,5.0,27.29819,48.84393,2.3532736,370.4042,NaN,3.564,96.825806,24.5,6 / 25,13333,2022-01-10 17:04:45:862
-4.698008,1.016351,9.539586,-1.371347,1.100255,9.647758,-1.500785,-0.134436,0.381941,0.074034,-0.719698,-2.419277,27.0,-3.675,1.125,-39.75,60.7345,-6.4419,8.0899,5.0,27.29819,48.84393,2.3532736,370.4042,NaN,3.564,96.825806,24.5,6 / 25,13337,2022-01-10 17:04:45:866
-4.698008,1.016351,9.539586,-1.371347,1.100255,9.647758,-1.500785,-0.134436,0.381941,0.074034,-0.719698,-2.419277,27.0,-3.675,1.125,-39.75,60.7345,-6.4419,8.0899,5.0,27.29819,48.84393,2.3532736,370.4042,NaN,3.564,96.825806,24.5,6 / 25,13343,2022-01-10 17:04:45:872
-4.698008,1.016351,9.539586,-1.371347,1.100255,9.647758,-1.500785,-0.134436,0.381941,0.074034,-0.719698,-2.419277,27.0,-3.675,1.125,-39.75,60.7345,-6.4419,8.0899,5.0,27.29819,48.84393,2.3532736,370.4042,NaN,3.564,96.825806,24.5,6 / 25,13347,2022-01-10 17:04:45:876
-4.698008,1.016351,9.539586,-1.371347,1.100255,9.647758,-1.500785,-0.134436,0.381941,0.074034,-0.719698,-2.419277,27.0,-3.675,1.125,-39.75,60.7345,-6.4419,8.0899,5.0,27.29819,48.84393,2.3532736,370.4042,NaN,3.564,96.825806,24.5,6 / 25,13353,2022-01-10 17:04:45:882
-4.698008,1.016351,9.539586,-1.371347,1.100255,9.647758,-1.500785,-0.134436,0.381941,0.074034,-0.719698,-2.419277,27.0,-3.675,1.125,-39.75,60.7345,-6.4419,8.0899,5.0,27.29819,48.84393,2.3532736,370.4042,NaN,3.564,96.825806,24.5,6 / 25,13358,2022-01-10 17:04:45:887
-4.698008,1.016351,9.539586,-1.371347,1.100255,9.647758,-1.500785,-0.134436,0.381941,0.074034,-0.719698,-2.419277,27.0,-3.675,1.125,-39.75,60.7345,-6.4419,8.0899,5.0,27.29819,48.84393,2.3532736,370.4042,NaN,3.564,96.825806,24.5,6 / 25,13366,2022-01-10 17:04:45:895
-4.698008,1.016351,9.539586,-1.371347,1.100255,9.647758,-1.500785,-0.134436,0.381941,0.074034,-0.719698,-2.419277,27.0,-3.675,1.125,-39.75,60.7345,-6.4419,8.0899,5.0,27.29819,48.84393,2.3532736,370.4042,NaN,3.564,96.825806,24.5,6 / 25,13368,2022-01-10 17:04:45:897
-4.698008,1.016351,9.539586,-1.371347,1.100255,9.647758,-1.500785,-0.134436,0.381941,0.074034,-0.719698,-2.419277,27.0,-3.675,1.125,-39.75,60.7345,-6.4419,8.0899,5.0,27.29819,48.84393,2.3532736,370.4042,NaN,3.564,96.825806,24.5,6 / 25,13373,2022-01-10 17:04:45:902
-4.698008,1.016351,9.539586,-1.371347,1.100255,9.647758,-1.500785,-0.134436,0.381941,0.074034,-0.719698,-2.419277,27.0,-3.675,1.125,-39.75,60.7345,-6.4419,8.0899,5.0,36.45715,48.84393,2.3532736,370.4042,NaN,3.564,96.825806,24.5,6 / 25,13377,2022-01-10 17:04:45:906
-2.922833,0.150449,8.844769,-0.690475,0.960042,9.735088,-2.173201,-0.194187,0.565275,0.074034,-0.719698,-2.419277,27.0,-3.675,1.125,-39.75,60.7345,-6.4419,8.0899,5.0,36.45715,48.84393,2.3532736,370.4042,NaN,3.564,96.825806,24.5,6 / 25,13383,2022-01-10 17:04:45:912
-2.922833,0.150449,8.844769,-0.690475,0.960042,9.735088,-2.173201,-0.194187,0.565275,0.074034,-0.719698,-2.419277,27.0,-3.675,1.125,-39.75,60.7345,-6.4419,8.0899,5.0,36.45715,48.84393,2.3532736,370.4042,NaN,3.564,96.825806,24.5,6 / 25,13387,2022-01-10 17:04:45:916
-2.922833,0.150449,8.844769,-0.690475,0.960042,9.735088,-2.173201,-0.194187,0.565275,0.074034,-0.719698,-2.419277,27.0,-3.675,1.125,-39.75,60.7345,-6.4419,8.0899,5.0,36.45715,48.84393,2.3532736,370.4042,NaN,3.564,96.825806,24.5,6 / 25,13393,2022-01-10 17:04:45:922
-2.922833,0.150449,8.844769,-0.690475,0.960042,9.735088,-2.173201,-0.194187,0.565275,0.074034,-0.719698,-2.419277,27.0,-3.675,1.125,-39.75,60.7345,-6.4419,8.0899,5.0,36.45715,48.84393,2.3532736,370.4042,NaN,3.564,96.825806,24.5,6 / 25,13398,2022-01-10 17:04:45:927
-2.922833,0.150449,8.844769,-0.690475,0.960042,9.735088,-2.173201,-0.194187,0.565275,0.074034,-0.719698,-2.419277,27.0,-3.675,1.125,-39.75,60.7345,-6.4419,8.0899,5.0,36.45715,48.84393,2.3532736,370.4042,NaN,3.564,96.825806,24.5,6 / 25,13403,2022-01-10 17:04:45:932
-2.922833,0.150449,8.844769,-0.690475,0.960042,9.735088,-2.173201,-0.194187,0.565275,0.074034,-0.719698,-2.419277,27.0,-3.675,1.125,-39.75,60.7345,-6.4419,8.0899,5.0,36.45715,48.84393,2.3532736,370.4042,NaN,3.564,96.825806,24.5,6 / 25,13408,2022-01-10 17:04:45:937
-2.922833,0.150449,8.844769,-0.690475,0.960042,9.735088,-2.173201,-0.194187,0.565275,0.074034,-0.719698,-2.419277,27.0,-3.675,1.125,-39.75,60.7345,-6.4419,8.0899,5.0,36.45715,48.84393,2.3532736,370.4042,NaN,3.564,96.825806,24.5,6 / 25,13412,2022-01-10 17:04:45:941
-2.922833,0.150449,8.844769,-0.690475,0.960042,9.735088,-2.173201,-0.194187,0.565275,0.074034,-0.719698,-2.419277,27.0,-3.675,1.125,-39.75,60.7345,-6.4419,8.0899,5.0,36.45715,48.84393,2.3532736,370.4042,NaN,3.564,96.825806,24.5,6 / 25,13418,2022-01-10 17:04:45:947
-2.922833,0.150449,8.844769,-0.690475,0.960042,9.735088,-2.173201,-0.194187,0.565275,0.074034,-0.719698,-2.419277,27.0,-3.675,1.125,-39.75,60.7345,-6.4419,8.0899,5.0,36.45715,48.84393,2.3532736,370.4042,NaN,3.564,96.825806,24.5,6 / 25,13423,2022-01-10 17:04:45:952
-2.922833,0.150449,8.844769,-0.690475,0.960042,9.735088,-2.173201,-0.194187,0.565275,0.074034,-0.719698,-2.419277,27.0,-3.675,1.125,-39.75,60.7345,-6.4419,8.0899,5.0,36.45715,48.84393,2.3532736,370.4042,NaN,3.564,96.825806,24.5,6 / 25,13428,2022-01-10 17:04:45:957
-2.922833,0.150449,8.844769,-0.690475,0.960042,9.735088,-2.173201,-0.194187,0.565275,0.070971,-1.022091,-2.342048,27.0,-3.675,1.125,-39.75,60.7345,-6.4419,8.0899,5.0,36.45715,48.84393,2.3532736,370.4042,NaN,3.564,96.825806,24.5,6 / 25,13433,2022-01-10 17:04:45:962
-2.922833,0.150449,8.844769,-0.690475,0.960042,9.735088,-2.173201,-0.194187,0.565275,0.070971,-1.022091,-2.342048,27.0,-3.675,1.125,-39.75,60.7345,-6.4419,8.0899,5.0,36.45715,48.84393,2.3532736,370.4042,NaN,3.564,96.825806,24.5,6 / 25,13438,2022-01-10 17:04:45:967
-2.922833,0.150449,8.844769,-0.690475,0.960042,9.735088,-2.173201,-0.194187,0.565275,0.070971,-1.022091,-2.342048,27.0,-3.675,1.125,-39.75,60.7345,-6.4419,8.0899,5.0,36.45715,48.84393,2.3532736,370.4042,NaN,3.564,96.825806,24.5,6 / 25,13444,2022-01-10 17:04:45:973
-2.922833,0.150449,8.844769,-0.690475,0.960042,9.735088,-2.173201,-0.194187,0.565275,0.070971,-1.022091,-2.342048,30.0,-3.675,1.125,-39.75,60.7345,-6.4419,8.0899,5.0,36.45715,48.84393,2.3532736,370.4042,NaN,3.564,96.825806,24.5,6 / 25,13447,2022-01-10 17:04:45:976
-2.922833,0.150449,8.844769,-0.690475,0.960042,9.735088,-2.173201,-0.194187,0.565275,0.070971,-1.022091,-2.342048,30.0,-9.3,-4.875,-38.475,96.4922,-5.6181,4.057,5.0,36.45715,48.84393,2.3532736,370.4042,NaN,3.564,96.825806,24.5,6 / 25,13453,2022-01-10 17:04:45:982
-2.922833,0.150449,8.844769,-0.690475,0.960042,9.735088,-2.173201,-0.194187,0.565275,0.070971,-1.022091,-2.342048,30.0,-9.3,-4.875,-38.475,96.4922,-5.6181,4.057,5.0,36.45715,48.84393,2.3532736,370.4042,NaN,3.564,96.825806,24.5,6 / 25,13457,2022-01-10 17:04:45:986
-2.922833,0.150449,8.844769,-0.690475,0.960042,9.735088,-2.173201,-0.194187,0.565275,0.070971,-1.022091,-2.342048,30.0,-9.3,-4.875,-38.475,96.4922,-5.6181,4.057,5.0,36.45715,48.84393,2.3532736,370.4042,NaN,3.564,96.825806,24.5,6 / 25,13462,2022-01-10 17:04:45:991
-2.922833,0.150449,8.844769,-0.690475,0.960042,9.735088,-2.173201,-0.194187,0.565275,0.070971,-1.022091,-2.342048,30.0,-9.3,-4.875,-38.475,96.4922,-5.6181,4.057,5.0,36.45715,48.84393,2.3532736,370.4042,NaN,3.564,96.825806,24.5,6 / 25,13469,2022-01-10 17:04:45:998
-2.922833,0.150449,8.844769,-0.690475,0.960042,9.735088,-2.173201,-0.194187,0.565275,0.070971,-1.022091,-2.342048,30.0,-9.3,-4.875,-38.475,96.4922,-5.6181,4.057,5.0,36.45715,48.84393,2.3532736,370.4042,NaN,3.564,96.825806,24.5,6 / 25,13472,2022-01-10 17:04:46:001
-3.099004,0.3,10.228419,-0.690475,0.960042,9.735088,-2.173201,-0.194187,0.565275,0.070971,-1.022091,-2.342048,30.0,-9.3,-4.875,-38.475,96.4922,-5.6181,4.057,5.0,36.45715,48.84393,2.3532736,370.4042,NaN,3.564,96.825806,24.5,6 / 25,13479,2022-01-10 17:04:46:008
-3.099004,0.3,10.228419,-0.690475,0.960042,9.735088,-2.173201,-0.194187,0.565275,0.070971,-1.022091,-2.342048,30.0,-9.3,-4.875,-38.475,96.4922,-5.6181,4.057,5.0,36.45715,48.84393,2.3532736,370.4042,NaN,3.564,96.825806,24.5,6 / 25,13482,2022-01-10 17:04:46:011
-3.099004,0.3,10.228419,-0.066989,0.983254,9.757003,-1.602447,-1.062799,-0.230587,0.070971,-1.022091,-2.342048,30.0,-9.3,-4.875,-38.475,96.4922,-5.6181,4.057,5.0,36.45715,48.84393,2.3532736,370.4042,NaN,3.564,96.825806,24.5,6 / 25,13489,2022-01-10 17:04:46:018
-3.099004,0.3,10.228419,-0.066989,0.983254,9.757003,-1.602447,-1.062799,-0.230587,0.070971,-1.022091,-2.342048,30.0,-9.3,-4.875,-38.475,96.4922,-5.6181,4.057,5.0,36.45715,48.84393,2.3532736,370.4042,NaN,3.564,96.825806,24.5,6 / 25,13493,2022-01-10 17:04:46:022
-3.099004,0.3,10.228419,-0.066989,0.983254,9.757003,-1.602447,-1.062799,-0.230587,0.070971,-1.022091,-2.342048,30.0,-9.3,-4.875,-38.475,96.4922,-5.6181,4.057,5.0,36.45715,48.84393,2.3532736,370.4042,NaN,3.564,96.825806,24.5,6 / 25,13498,2022-01-10 17:04:46:027
-3.099004,0.3,10.228419,-0.066989,0.983254,9.757003,-1.602447,-1.062799,-0.230587,0.070971,-1.022091,-2.342048,30.0,-9.3,-4.875,-38.475,96.4922,-5.6181,4.057,5.0,36.45715,48.84393,2.3532736,370.4042,NaN,3.564,96.825806,24.5,6 / 25,13503,2022-01-10 17:04:46:032
-3.099004,0.3,10.228419,-0.066989,0.983254,9.757003,-1.602447,-1.062799,-0.230587,0.070971,-1.022091,-2.342048,30.0,-9.3,-4.875,-38.475,96.4922,-5.6181,4.057,5.0,36.45715,48.84393,2.3532736,370.4042,NaN,3.564,96.825806,24.5,6 / 25,13510,2022-01-10 17:04:46:039
-3.099004,0.3,10.228419,-0.066989,0.983254,9.757003,-1.602447,-1.062799,-0.230587,0.070971,-1.022091,-2.342048,30.0,-9.3,-4.875,-38.475,96.4922,-5.6181,4.057,5.0,36.45715,48.84393,2.3532736,370.4042,NaN,3.564,96.825806,24.5,6 / 25,13513,2022-01-10 17:04:46:042
-3.099004,0.3,10.228419,-0.066989,0.983254,9.757003,-1.602447,-1.062799,-0.230587,0.070971,-1.022091,-2.342048,30.0,-9.3,-4.875,-38.475,96.4922,-5.6181,4.057,5.0,36.45715,48.84393,2.3532736,370.4042,NaN,3.564,96.825806,24.5,6 / 25,13518,2022-01-10 17:04:46:047
-3.099004,0.3,10.228419,-0.066989,0.983254,9.757003,-1.602447,-1.062799,-0.230587,0.070971,-1.022091,-2.342048,30.0,-9.3,-4.875,-38.475,96.4922,-5.6181,4.057,5.0,36.45715,48.84393,2.3532736,370.4042,NaN,3.564,96.825806,24.5,6 / 25,13524,2022-01-10 17:04:46:053
-3.099004,0.3,10.228419,-0.066989,0.983254,9.757003,-1.602447,-1.062799,-0.230587,0.070971,-1.022091,-2.342048,30.0,-9.3,-4.875,-38.475,96.4922,-5.6181,4.057,5.0,36.45715,48.84393,2.3532736,370.4042,NaN,3.564,96.825806,24.5,6 / 25,13528,2022-01-10 17:04:46:057
-3.099004,0.3,10.228419,-0.066989,0.983254,9.757003,-1.602447,-1.062799,-0.230587,0.070971,-1.022091,-2.342048,30.0,-9.3,-4.875,-38.475,96.4922,-5.6181,4.057,5.0,36.45715,48.84393,2.3532736,370.4042,NaN,3.564,96.825806,24.5,6 / 25,13532,2022-01-10 17:04:46:061
-3.099004,0.3,10.228419,-0.066989,0.983254,9.757003,-1.602447,-1.062799,-0.230587,0.070971,-1.022091,-2.342048,30.0,-9.3,-4.875,-38.475,96.4922,-5.6181,4.057,5.0,36.45715,48.84393,2.3532736,370.4042,NaN,3.564,96.825806,24.5,6 / 25,13539,2022-01-10 17:04:46:068
-3.099004,0.3,10.228419,-0.066989,0.983254,9.757003,-1.602447,-1.062799,-0.230587,0.070971,-1.022091,-2.342048,30.0,-9.3,-4.875,-38.475,96.4922,-5.6181,4.057,5.0,36.45715,48.84393,2.3532736,370.4042,NaN,3.564,96.825806,24.5,6 / 25,13543,2022-01-10 17:04:46:072
-3.099004,0.3,10.228419,-0.066989,0.983254,9.757003,-1.602447,-1.062799,-0.230587,0.070971,-1.022091,-2.342048,30.0,-9.3,-4.875,-38.475,96.4922,-5.6181,4.057,5.0,36.45715,48.84393,2.3532736,370.4042,NaN,3.564,96.825806,24.5,6 / 25,13548,2022-01-10 17:04:46:077
-3.099004,0.3,10.228419,-0.066989,0.983254,9.757003,-1.602447,-1.062799,-0.230587,0.070971,-1.022091,-2.342048,30.0,-9.3,-4.875,-38.475,96.4922,-5.6181,4.057,5.0,36.45715,48.84393,2.3532736,370.4042,NaN,3.564,96.825806,24.5,6 / 25,13553,2022-01-10 17:04:46:082
-0.696311,0.627219,9.476176,-0.066989,0.983254,9.757003,-1.602447,-1.062799,-0.230587,0.070971,-1.022091,-2.342048,30.0,-9.3,-4.875,-38.475,96.4922,-5.6181,4.057,5.0,36.45715,48.84393,2.3532736,370.4042,NaN,3.564,96.825806,24.5,6 / 25,13558,2022-01-10 17:04:46:087
-0.696311,0.627219,9.476176,-0.066989,0.983254,9.757003,-1.602447,-1.062799,-0.230587,0.51038,-0.695863,-1.365229,30.0,-9.3,-4.875,-38.475,96.4922,-5.6181,4.057,5.0,36.45715,48.84393,2.3532736,370.4042,NaN,3.564,96.825806,24.5,6 / 25,13563,2022-01-10 17:04:46:092
-0.696311,0.627219,9.476176,-0.066989,0.983254,9.757003,-1.602447,-1.062799,-0.230587,0.51038,-0.695863,-1.365229,30.0,-9.3,-4.875,-38.475,96.4922,-5.6181,4.057,5.0,36.45715,48.84393,2.3532736,370.4042,NaN,3.564,96.825806,24.5,6 / 25,13568,2022-01-10 17:04:46:097
-0.696311,0.627219,9.476176,-0.066989,0.983254,9.757003,-1.602447,-1.062799,-0.230587,0.51038,-0.695863,-1.365229,30.0,-9.3,-4.875,-38.475,96.4922,-5.6181,4.057,5.0,36.45715,48.84393,2.3532736,370.4042,NaN,3.564,96.825806,24.5,6 / 25,13572,2022-01-10 17:04:46:101
-0.696311,0.627219,9.476176,-0.066989,0.983254,9.757003,-1.602447,-1.062799,-0.230587,0.51038,-0.695863,-1.365229,30.0,-9.3,-4.875,-38.475,96.4922,-5.6181,4.057,5.0,36.45715,48.84393,2.3532736,370.4042,NaN,3.564,96.825806,24.5,6 / 25,13578,2022-01-10 17:04:46:107
-0.696311,0.627219,9.476176,-0.066989,0.983254,9.757003,-1.602447,-1.062799,-0.230587,0.51038,-0.695863,-1.365229,30.0,-9.3,-4.875,-38.475,96.4922,-5.6181,4.057,5.0,36.45715,48.84393,2.3532736,370.4042,NaN,3.564,96.825806,24.5,6 / 25,13583,2022-01-10 17:04:46:112
-0.696311,0.627219,9.476176,-0.066989,0.983254,9.757003,-1.602447,-1.062799,-0.230587,0.51038,-0.695863,-1.365229,30.0,-9.3,-4.875,-38.475,96.4922,-5.6181,4.057,5.0,36.45715,48.84393,2.3532736,370.4042,NaN,3.564,96.825806,24.5,6 / 25,13589,2022-01-10 17:04:46:118
-0.696311,0.627219,9.476176,-0.066989,0.983254,9.757003,-1.602447,-1.062799,-0.230587,0.51038,-0.695863,-1.365229,30.0,-9.3,-4.875,-38.475,96.4922,-5.6181,4.057,5.0,36.45715,48.84393,2.3532736,370.4042,NaN,3.564,96.825806,24.5,6 / 25,13593,2022-01-10 17:04:46:122
-0.696311,0.627219,9.476176,-0.066989,0.983254,9.757003,-1.602447,-1.062799,-0.230587,0.51038,-0.695863,-1.365229,30.0,-13.275,-11.85,-36.0,122.1909,-5.7544,0.3934,5.0,36.45715,48.84393,2.3532736,370.4042,NaN,3.564,96.825806,24.5,6 / 25,13598,2022-01-10 17:04:46:127
-0.696311,0.627219,9.476176,-0.066989,0.983254,9.757003,-1.602447,-1.062799,-0.230587,0.51038,-0.695863,-1.365229,30.0,-13.275,-11.85,-36.0,122.1909,-5.7544,0.3934,5.0,36.45715,48.84393,2.3532736,370.4042,NaN,3.564,96.825806,24.5,6 / 25,13603,2022-01-10 17:04:46:132
-0.696311,0.627219,9.476176,-0.066989,0.983254,9.757003,-1.602447,-1.062799,-0.230587,0.51038,-0.695863,-1.365229,30.0,-13.275,-11.85,-36.0,122.1909,-5.7544,0.3934,5.0,36.45715,48.84393,2.3532736,370.4042,NaN,3.564,96.825806,24.5,6 / 25,13608,2022-01-10 17:04:46:137
-0.696311,0.627219,9.476176,-0.066989,0.983254,9.757003,-1.602447,-1.062799,-0.230587,0.51038,-0.695863,-1.365229,30.0,-13.275,-11.85,-36.0,122.1909,-5.7544,0.3934,5.0,36.45715,48.84393,2.3532736,370.4042,NaN,3.564,96.825806,24.5,6 / 25,13612,2022-01-10 17:04:46:141
-0.696311,0.627219,9.476176,-0.066989,0.983254,9.757003,-1.602447,-1.062799,-0.230587,0.51038,-0.695863,-1.365229,30.0,-13.275,-11.85,-36.0,122.1909,-5.7544,0.3934,5.0,36.45715,48.84393,2.3532736,370.4042,NaN,3.564,96.825806,24.5,6 / 25,13618,2022-01-10 17:04:46:147
-0.696311,0.627219,9.476176,-0.066989,0.983254,9.757003,-1.342206,-0.933892,0.642988,0.51038,-0.695863,-1.365229,30.0,-13.275,-11.85,-36.0,122.1909,-5.7544,0.3934,5.0,36.45715,48.84393,2.3532736,370.4042,NaN,3.564,96.825806,24.5,6 / 25,13623,2022-01-10 17:04:46:152
-0.696311,0.627219,9.476176,0.414359,1.542597,9.675696,-1.342206,-0.933892,0.642988,0.51038,-0.695863,-1.365229,30.0,-13.275,-11.85,-36.0,122.1909,-5.7544,0.3934,5.0,36.45715,48.84393,2.3532736,370.4042,NaN,3.564,96.825806,24.5,6 / 25,13629,2022-01-10 17:04:46:158
-0.696311,0.627219,9.476176,0.414359,1.542597,9.675696,-1.342206,-0.933892,0.642988,0.51038,-0.695863,-1.365229,30.0,-13.275,-11.85,-36.0,122.1909,-5.7544,0.3934,5.0,36.45715,48.84393,2.3532736,370.4042,NaN,3.564,96.825806,24.5,6 / 25,13633,2022-01-10 17:04:46:162
-0.696311,0.627219,9.476176,0.414359,1.542597,9.675696,-1.342206,-0.933892,0.642988,0.51038,-0.695863,-1.365229,30.0,-13.275,-11.85,-36.0,122.1909,-5.7544,0.3934,5.0,36.45715,48.84393,2.3532736,370.4042,NaN,3.564,96.825806,24.5,6 / 25,13637,2022-01-10 17:04:46:166
-0.696311,0.627219,9.476176,0.414359,1.542597,9.675696,-1.342206,-0.933892,0.642988,0.51038,-0.695863,-1.365229,30.0,-13.275,-11.85,-36.0,122.1909,-5.7544,0.3934,5.0,36.45715,48.84393,2.3532736,370.4042,NaN,3.564,96.825806,24.5,6 / 25,13643,2022-01-10 17:04:46:172
-0.696311,0.627219,9.476176,0.414359,1.542597,9.675696,-1.342206,-0.933892,0.642988,0.51038,-0.695863,-1.365229,30.0,-13.275,-11.85,-36.0,122.1909,-5.7544,0.3934,5.0,36.45715,48.84393,2.3532736,370.4042,NaN,3.564,96.825806,24.5,6 / 25,13648,2022-01-10 17:04:46:177
-0.696311,0.627219,9.476176,0.414359,1.542597,9.675696,-1.342206,-0.933892,0.642988,0.51038,-0.695863,-1.365229,30.0,-13.275,-11.85,-36.0,122.1909,-5.7544,0.3934,5.0,36.45715,48.84393,2.3532736,370.4042,NaN,3.564,96.825806,24.5,6 / 25,13653,2022-01-10 17:04:46:182
-0.353839,1.349253,8.163414,0.414359,1.542597,9.675696,-1.342206,-0.933892,0.642988,0.51038,-0.695863,-1.365229,30.0,-13.275,-11.85,-36.0,122.1909,-5.7544,0.3934,5.0,36.45715,48.84393,2.3532736,370.4042,NaN,3.564,96.825806,24.5,6 / 25,13658,2022-01-10 17:04:46:187
-0.353839,1.349253,8.163414,0.414359,1.542597,9.675696,-1.342206,-0.933892,0.642988,0.51038,-0.695863,-1.365229,30.0,-13.275,-11.85,-36.0,122.1909,-5.7544,0.3934,5.0,36.45715,48.84393,2.3532736,370.4042,NaN,3.564,96.825806,24.5,6 / 25,13665,2022-01-10 17:04:46:194
-0.353839,1.349253,8.163414,0.414359,1.542597,9.675696,-1.342206,-0.933892,0.642988,0.51038,-0.695863,-1.365229,30.0,-13.275,-11.85,-36.0,122.1909,-5.7544,0.3934,5.0,36.45715,48.84393,2.3532736,370.4042,NaN,3.564,96.825806,24.5,6 / 25,13668,2022-01-10 17:04:46:197
-0.353839,1.349253,8.163414,0.414359,1.542597,9.675696,-1.342206,-0.933892,0.642988,0.51038,-0.695863,-1.365229,30.0,-13.275,-11.85,-36.0,122.1909,-5.7544,0.3934,5.0,36.45715,48.84393,2.3532736,370.4042,NaN,3.564,96.825806,24.5,6 / 25,13673,2022-01-10 17:04:46:202
-0.353839,1.349253,8.163414,0.414359,1.542597,9.675696,-1.342206,-0.933892,0.642988,0.51038,-0.695863,-1.365229,30.0,-13.275,-11.85,-36.0,122.1909,-5.7544,0.3934,5.0,36.45715,48.84393,2.3532736,370.4042,NaN,3.564,96.825806,24.5,6 / 25,13677,2022-01-10 17:04:46:206
-0.353839,1.349253,8.163414,0.414359,1.542597,9.675696,-1.342206,-0.933892,0.642988,0.51038,-0.695863,-1.365229,30.0,-13.275,-11.85,-36.0,122.1909,-5.7544,0.3934,5.0,27.90711,48.84393,2.3532736,370.4042,NaN,3.564,96.825806,24.5,6 / 25,13683,2022-01-10 17:04:46:212
-0.353839,1.349253,8.163414,0.414359,1.542597,9.675696,-1.342206,-0.933892,0.642988,0.51038,-0.695863,-1.365229,30.0,-13.275,-11.85,-36.0,122.1909,-5.7544,0.3934,5.0,27.90711,48.84393,2.3532736,370.4042,NaN,3.564,96.825806,24.5,6 / 25,13687,2022-01-10 17:04:46:216
-0.353839,1.349253,8.163414,0.414359,1.542597,9.675696,-1.342206,-0.933892,0.642988,0.51038,-0.695863,-1.365229,30.0,-13.275,-11.85,-36.0,122.1909,-5.7544,0.3934,5.0,27.90711,48.84393,2.3532736,370.4042,NaN,3.564,96.825806,24.5,6 / 25,13693,2022-01-10 17:04:46:222
-0.353839,1.349253,8.163414,0.414359,1.542597,9.675696,-1.342206,-0.933892,0.642988,0.51038,-0.695863,-1.365229,30.0,-13.275,-11.85,-36.0,122.1909,-5.7544,0.3934,5.0,27.90711,48.84393,2.3532736,370.4042,NaN,3.564,96.825806,24.5,6 / 25,13697,2022-01-10 17:04:46:226
-0.353839,1.349253,8.163414,0.414359,1.542597,9.675696,-1.342206,-0.933892,0.642988,-0.261115,-0.795995,-1.44419,30.0,-13.275,-11.85,-36.0,122.1909,-5.7544,0.3934,5.0,27.90711,48.84393,2.3532736,370.4042,NaN,3.564,96.825806,24.5,6 / 25,13703,2022-01-10 17:04:46:232
-0.353839,1.349253,8.163414,0.414359,1.542597,9.675696,-1.342206,-0.933892,0.642988,-0.261115,-0.795995,-1.44419,30.0,-13.275,-11.85,-36.0,122.1909,-5.7544,0.3934,5.0,27.90711,48.84393,2.3532736,370.4042,NaN,3.564,96.825806,24.5,6 / 25,13708,2022-01-10 17:04:46:237
-0.353839,1.349253,8.163414,0.414359,1.542597,9.675696,-1.342206,-0.933892,0.642988,-0.261115,-0.795995,-1.44419,30.0,-13.275,-11.85,-36.0,122.1909,-5.7544,0.3934,5.0,27.90711,48.84393,2.3532736,370.4042,NaN,3.564,96.825806,24.5,6 / 25,13714,2022-01-10 17:04:46:243
-0.353839,1.349253,8.163414,0.414359,1.542597,9.675696,-1.342206,-0.933892,0.642988,-0.261115,-0.795995,-1.44419,30.0,-13.275,-11.85,-36.0,122.1909,-5.7544,0.3934,5.0,27.90711,48.84393,2.3532736,370.4042,NaN,3.564,96.825806,24.5,6 / 25,13718,2022-01-10 17:04:46:247
-0.353839,1.349253,8.163414,0.414359,1.542597,9.675696,-1.342206,-0.933892,0.642988,-0.261115,-0.795995,-1.44419,30.0,-13.275,-11.85,-36.0,122.1909,-5.7544,0.3934,5.0,27.90711,48.84393,2.3532736,370.4042,NaN,3.564,96.825806,24.5,6 / 25,13732,2022-01-10 17:04:46:261
-0.353839,1.349253,8.163414,0.414359,1.542597,9.675696,-1.342206,-0.933892,0.642988,-0.261115,-0.795995,-1.44419,30.0,-13.275,-11.85,-36.0,122.1909,-5.7544,0.3934,5.0,27.90711,48.84393,2.3532736,370.4042,NaN,3.564,96.825806,24.5,6 / 25,13733,2022-01-10 17:04:46:262
-0.353839,1.349253,8.163414,0.414359,1.542597,9.675696,-1.342206,-0.933892,0.642988,-0.261115,-0.795995,-1.44419,30.0,-13.275,-11.85,-36.0,122.1909,-5.7544,0.3934,5.0,27.90711,48.84393,2.3532736,370.4042,NaN,3.564,96.825806,24.5,6 / 25,13734,2022-01-10 17:04:46:263
-0.353839,1.349253,8.163414,0.957327,1.53352,9.638579,-1.251694,-0.103845,-0.626211,-0.261115,-0.795995,-1.44419,30.0,-13.5,-16.875,-33.225,136.9933,-8.9966,-5.6722,5.0,27.90711,48.84393,2.3532736,370.4042,NaN,3.564,96.825806,24.5,6 / 25,13740,2022-01-10 17:04:46:269
-0.353839,1.349253,8.163414,0.957327,1.53352,9.638579,-1.251694,-0.103845,-0.626211,-0.261115,-0.795995,-1.44419,30.0,-13.5,-16.875,-33.225,136.9933,-8.9966,-5.6722,5.0,27.90711,48.84393,2.3532736,370.4042,NaN,3.564,96.825806,24.5,6 / 25,13743,2022-01-10 17:04:46:272
-0.353839,1.349253,8.163414,0.957327,1.53352,9.638579,-1.251694,-0.103845,-0.626211,-0.261115,-0.795995,-1.44419,30.0,-13.5,-16.875,-33.225,136.9933,-8.9966,-5.6722,5.0,27.90711,48.84393,2.3532736,370.4042,NaN,3.564,96.825806,24.5,6 / 25,13749,2022-01-10 17:04:46:278
-0.353839,1.349253,8.163414,0.957327,1.53352,9.638579,-1.251694,-0.103845,-0.626211,-0.261115,-0.795995,-1.44419,30.0,-13.5,-16.875,-33.225,136.9933,-8.9966,-5.6722,5.0,27.90711,48.84393,2.3532736,370.4042,NaN,3.564,96.825806,24.5,6 / 25,13752,2022-01-10 17:04:46:281
-0.353839,1.349253,8.163414,0.957327,1.53352,9.638579,-1.251694,-0.103845,-0.626211,-0.261115,-0.795995,-1.44419,30.0,-13.5,-16.875,-33.225,136.9933,-8.9966,-5.6722,5.0,27.90711,48.84393,2.3532736,370.4042,NaN,3.564,96.825806,24.5,6 / 25,13757,2022-01-10 17:04:46:286
-0.353839,1.349253,8.163414,0.957327,1.53352,9.638579,-1.251694,-0.103845,-0.626211,-0.261115,-0.795995,-1.44419,30.0,-13.5,-16.875,-33.225,136.9933,-8.9966,-5.6722,5.0,27.90711,48.84393,2.3532736,370.4042,NaN,3.564,96.825806,24.5,6 / 25,13764,2022-01-10 17:04:46:293
-0.711865,0.635594,8.582756,0.957327,1.53352,9.638579,-1.251694,-0.103845,-0.626211,-0.261115,-0.795995,-1.44419,30.0,-13.5,-16.875,-33.225,136.9933,-8.9966,-5.6722,5.0,27.90711,48.84393,2.3532736,370.4042,NaN,3.564,96.825806,24.5,6 / 25,13768,2022-01-10 17:04:46:297
-0.711865,0.635594,8.582756,0.957327,1.53352,9.638579,-1.251694,-0.103845,-0.626211,-0.261115,-0.795995,-1.44419,30.0,-13.5,-16.875,-33.225,136.9933,-8.9966,-5.6722,5.0,27.90711,48.84393,2.3532736,370.4042,NaN,3.564,96.825806,24.5,6 / 25,13773,2022-01-10 17:04:46:302
-0.711865,0.635594,8.582756,0.957327,1.53352,9.638579,-1.251694,-0.103845,-0.626211,-0.261115,-0.795995,-1.44419,30.0,-13.5,-16.875,-33.225,136.9933,-8.9966,-5.6722,5.0,27.90711,48.84393,2.3532736,370.4042,NaN,3.564,96.825806,24.5,6 / 25,13777,2022-01-10 17:04:46:306
-0.711865,0.635594,8.582756,0.957327,1.53352,9.638579,-1.251694,-0.103845,-0.626211,-0.261115,-0.795995,-1.44419,30.0,-13.5,-16.875,-33.225,136.9933,-8.9966,-5.6722,5.0,27.90711,48.84393,2.3532736,370.4042,NaN,3.564,96.825806,24.5,6 / 25,13782,2022-01-10 17:04:46:311
-0.711865,0.635594,8.582756,0.957327,1.53352,9.638579,-1.251694,-0.103845,-0.626211,-0.261115,-0.795995,-1.44419,30.0,-13.5,-16.875,-33.225,136.9933,-8.9966,-5.6722,5.0,27.90711,48.84393,2.3532736,370.4042,NaN,3.564,96.825806,24.5,6 / 25,13788,2022-01-10 17:04:46:317
-0.711865,0.635594,8.582756,0.957327,1.53352,9.638579,-1.251694,-0.103845,-0.626211,-0.261115,-0.795995,-1.44419,30.0,-13.5,-16.875,-33.225,136.9933,-8.9966,-5.6722,5.0,27.90711,48.84393,2.3532736,370.4042,NaN,3.564,96.825806,24.5,6 / 25,13792,2022-01-10 17:04:46:321
-0.711865,0.635594,8.582756,0.957327,1.53352,9.638579,-1.251694,-0.103845,-0.626211,-0.261115,-0.795995,-1.44419,27.0,-13.5,-16.875,-33.225,136.9933,-8.9966,-5.6722,5.0,27.90711,48.84393,2.3532736,370.4042,NaN,3.564,96.825806,24.5,6 / 25,13798,2022-01-10 17:04:46:327
-0.711865,0.635594,8.582756,0.957327,1.53352,9.638579,-1.251694,-0.103845,-0.626211,-0.261115,-0.795995,-1.44419,27.0,-13.5,-16.875,-33.225,136.9933,-8.9966,-5.6722,5.0,27.90711,48.84393,2.3532736,370.4042,NaN,3.564,96.825806,24.5,6 / 25,13802,2022-01-10 17:04:46:331
-0.711865,0.635594,8.582756,0.957327,1.53352,9.638579,-1.251694,-0.103845,-0.626211,-0.261115,-0.795995,-1.44419,27.0,-13.5,-16.875,-33.225,136.9933,-8.9966,-5.6722,5.0,27.90711,48.84393,2.3532736,370.4042,NaN,3.564,96.825806,24.5,6 / 25,13808,2022-01-10 17:04:46:337
-0.711865,0.635594,8.582756,0.957327,1.53352,9.638579,-1.251694,-0.103845,-0.626211,-0.261115,-0.795995,-1.44419,27.0,-13.5,-16.875,-33.225,136.9933,-8.9966,-5.6722,5.0,27.90711,48.84393,2.3532736,370.4042,NaN,3.564,96.825806,24.5,6 / 25,13812,2022-01-10 17:04:46:341
-0.711865,0.635594,8.582756,0.957327,1.53352,9.638579,-1.251694,-0.103845,-0.626211,-0.261115,-0.795995,-1.44419,27.0,-13.5,-16.875,-33.225,136.9933,-8.9966,-5.6722,5.0,27.90711,48.84393,2.3532736,370.4042,NaN,3.564,96.825806,24.5,6 / 25,13818,2022-01-10 17:04:46:347
-0.711865,0.635594,8.582756,0.957327,1.53352,9.638579,-1.251694,-0.103845,-0.626211,-0.261115,-0.795995,-1.44419,27.0,-13.5,-16.875,-33.225,136.9933,-8.9966,-5.6722,5.0,27.90711,48.84393,2.3532736,370.4042,NaN,3.564,96.825806,24.5,6 / 25,13822,2022-01-10 17:04:46:351
-0.711865,0.635594,8.582756,0.957327,1.53352,9.638579,-1.251694,-0.103845,-0.626211,-1.112369,-0.68854,-1.616092,27.0,-13.5,-16.875,-33.225,136.9933,-8.9966,-5.6722,5.0,27.90711,48.84393,2.3532736,370.4042,NaN,3.564,96.825806,24.5,6 / 25,13828,2022-01-10 17:04:46:357
-0.711865,0.635594,8.582756,0.957327,1.53352,9.638579,-1.251694,-0.103845,-0.626211,-1.112369,-0.68854,-1.616092,27.0,-13.5,-16.875,-33.225,136.9933,-8.9966,-5.6722,5.0,27.90711,48.84393,2.3532736,370.4042,NaN,3.564,96.825806,24.5,6 / 25,13832,2022-01-10 17:04:46:361
-0.711865,0.635594,8.582756,0.957327,1.53352,9.638579,-1.251694,-0.103845,-0.626211,-1.112369,-0.68854,-1.616092,27.0,-13.5,-16.875,-33.225,136.9933,-8.9966,-5.6722,5.0,27.90711,48.84393,2.3532736,370.4042,NaN,3.564,96.825806,24.5,6 / 25,13837,2022-01-10 17:04:46:366
-0.711865,0.635594,8.582756,0.957327,1.53352,9.638579,-1.251694,-0.103845,-0.626211,-1.112369,-0.68854,-1.616092,27.0,-13.5,-16.875,-33.225,136.9933,-8.9966,-5.6722,5.0,27.90711,48.84393,2.3532736,370.4042,NaN,3.564,96.825806,24.5,6 / 25,13843,2022-01-10 17:04:46:372
-0.711865,0.635594,8.582756,0.957327,1.53352,9.638579,-1.251694,-0.103845,-0.626211,-1.112369,-0.68854,-1.616092,27.0,-13.5,-16.875,-33.225,136.9933,-8.9966,-5.6722,5.0,27.90711,48.843933,2.3532898,368.7372,NaN,2.916,82.99355,29.5,6 / 25,13848,2022-01-10 17:04:46:377
-0.711865,0.635594,8.582756,0.957327,1.53352,9.638579,-1.251694,-0.103845,-0.626211,-1.112369,-0.68854,-1.616092,27.0,-13.5,-16.875,-33.225,136.9933,-8.9966,-5.6722,5.0,27.90711,48.843933,2.3532898,368.7372,NaN,2.916,82.99355,29.5,6 / 25,13852,2022-01-10 17:04:46:381
-0.711865,0.635594,8.582756,0.957327,1.53352,9.638579,-1.251694,-0.103845,-0.626211,-1.112369,-0.68854,-1.616092,27.0,-12.3,-20.175,-31.575,148.9638,-8.9966,-5.6722,5.0,27.90711,48.843933,2.3532898,368.7372,NaN,2.916,82.99355,29.5,6 / 25,13857,2022-01-10 17:04:46:386
-0.711865,0.635594,8.582756,0.957327,1.53352,9.638579,-1.251694,-0.103845,-0.626211,-1.112369,-0.68854,-1.616092,27.0,-12.3,-20.175,-31.575,148.9638,-8.9966,-5.6722,5.0,27.90711,48.843933,2.3532898,368.7372,NaN,2.916,82.99355,29.5,6 / 25,13863,2022-01-10 17:04:46:392
-0.19681,-0.169292,10.918151,1.340077,0.666442,9.691772,-2.048634,-0.096815,-0.547377,-1.112369,-0.68854,-1.616092,27.0,-12.3,-20.175,-31.575,148.9638,-8.9966,-5.6722,5.0,27.90711,48.843933,2.3532898,368.7372,NaN,2.916,82.99355,29.5,6 / 25,13867,2022-01-10 17:04:46:396
-0.19681,-0.169292,10.918151,1.340077,0.666442,9.691772,-2.048634,-0.096815,-0.547377,-1.112369,-0.68854,-1.616092,27.0,-12.3,-20.175,-31.575,148.9638,-8.9966,-5.6722,5.0,27.90711,48.843933,2.3532898,368.7372,NaN,2.916,82.99355,29.5,6 / 25,13872,2022-01-10 17:04:46:401
-0.19681,-0.169292,10.918151,1.340077,0.666442,9.691772,-2.048634,-0.096815,-0.547377,-1.112369,-0.68854,-1.616092,27.0,-12.3,-20.175,-31.575,148.9638,-8.9966,-5.6722,5.0,27.90711,48.843933,2.3532898,368.7372,NaN,2.916,82.99355,29.5,6 / 25,13878,2022-01-10 17:04:46:407
-0.19681,-0.169292,10.918151,1.340077,0.666442,9.691772,-2.048634,-0.096815,-0.547377,-1.112369,-0.68854,-1.616092,27.0,-12.3,-20.175,-31.575,148.9638,-8.9966,-5.6722,5.0,27.90711,48.843933,2.3532898,368.7372,NaN,2.916,82.99355,29.5,6 / 25,13882,2022-01-10 17:04:46:411
-0.19681,-0.169292,10.918151,1.340077,0.666442,9.691772,-2.048634,-0.096815,-0.547377,-1.112369,-0.68854,-1.616092,27.0,-12.3,-20.175,-31.575,148.9638,-8.9966,-5.6722,5.0,27.90711,48.843933,2.3532898,368.7372,NaN,2.916,82.99355,29.5,6 / 25,13888,2022-01-10 17:04:46:417
-0.19681,-0.169292,10.918151,1.340077,0.666442,9.691772,-2.048634,-0.096815,-0.547377,-1.112369,-0.68854,-1.616092,27.0,-12.3,-20.175,-31.575,148.9638,-8.9966,-5.6722,5.0,27.90711,48.843933,2.3532898,368.7372,NaN,2.916,82.99355,29.5,6 / 25,13892,2022-01-10 17:04:46:421
-0.19681,-0.169292,10.918151,1.340077,0.666442,9.691772,-2.048634,-0.096815,-0.547377,-1.112369,-0.68854,-1.616092,27.0,-12.3,-20.175,-31.575,148.9638,-8.9966,-5.6722,5.0,27.90711,48.843933,2.3532898,368.7372,NaN,2.916,82.99355,29.5,6 / 25,13898,2022-01-10 17:04:46:427
-0.19681,-0.169292,10.918151,1.340077,0.666442,9.691772,-2.048634,-0.096815,-0.547377,-1.112369,-0.68854,-1.616092,27.0,-12.3,-20.175,-31.575,148.9638,-8.9966,-5.6722,5.0,27.90711,48.843933,2.3532898,368.7372,NaN,2.916,82.99355,29.5,6 / 25,13902,2022-01-10 17:04:46:431
-0.19681,-0.169292,10.918151,1.340077,0.666442,9.691772,-2.048634,-0.096815,-0.547377,-1.112369,-0.68854,-1.616092,27.0,-12.3,-20.175,-31.575,148.9638,-8.9966,-5.6722,5.0,27.90711,48.843933,2.3532898,368.7372,NaN,2.916,82.99355,29.5,6 / 25,13908,2022-01-10 17:04:46:437
-0.19681,-0.169292,10.918151,1.340077,0.666442,9.691772,-2.048634,-0.096815,-0.547377,-1.112369,-0.68854,-1.616092,27.0,-12.3,-20.175,-31.575,148.9638,-8.9966,-5.6722,5.0,27.90711,48.843933,2.3532898,368.7372,NaN,2.916,82.99355,29.5,6 / 25,13912,2022-01-10 17:04:46:441
-0.19681,-0.169292,10.918151,1.340077,0.666442,9.691772,-2.048634,-0.096815,-0.547377,-1.112369,-0.68854,-1.616092,27.0,-12.3,-20.175,-31.575,148.9638,-8.9966,-5.6722,5.0,27.90711,48.843933,2.3532898,368.7372,NaN,2.916,82.99355,29.5,6 / 25,13918,2022-01-10 17:04:46:447
-0.19681,-0.169292,10.918151,1.340077,0.666442,9.691772,-2.048634,-0.096815,-0.547377,-1.112369,-0.68854,-1.616092,27.0,-12.3,-20.175,-31.575,148.9638,-8.9966,-5.6722,5.0,27.90711,48.843933,2.3532898,368.7372,NaN,2.916,82.99355,29.5,6 / 25,13923,2022-01-10 17:04:46:452
-0.19681,-0.169292,10.918151,1.340077,0.666442,9.691772,-2.048634,-0.096815,-0.547377,-1.112369,-0.68854,-1.616092,27.0,-12.3,-20.175,-31.575,148.9638,-8.9966,-5.6722,5.0,27.90711,48.843933,2.3532898,368.7372,NaN,2.916,82.99355,29.5,6 / 25,13927,2022-01-10 17:04:46:456
-0.19681,-0.169292,10.918151,1.340077,0.666442,9.691772,-2.048634,-0.096815,-0.547377,-1.112369,-0.68854,-1.616092,27.0,-12.3,-20.175,-31.575,148.9638,-8.9966,-5.6722,5.0,27.90711,48.843933,2.3532898,368.7372,NaN,2.916,82.99355,29.5,6 / 25,13932,2022-01-10 17:04:46:461
-0.19681,-0.169292,10.918151,1.340077,0.666442,9.691772,-2.048634,-0.096815,-0.547377,-1.112369,-0.68854,-1.616092,27.0,-12.3,-20.175,-31.575,148.9638,-8.9966,-5.6722,5.0,27.90711,48.843933,2.3532898,368.7372,NaN,2.916,82.99355,29.5,6 / 25,13938,2022-01-10 17:04:46:467
-0.19681,-0.169292,10.918151,1.340077,0.666442,9.691772,-2.048634,-0.096815,-0.547377,-1.112369,-0.68854,-1.616092,27.0,-12.3,-20.175,-31.575,148.9638,-8.9966,-5.6722,5.0,27.90711,48.843933,2.3532898,368.7372,NaN,2.916,82.99355,29.5,6 / 25,13943,2022-01-10 17:04:46:472
-0.19681,-0.169292,10.918151,1.340077,0.666442,9.691772,-2.048634,-0.096815,-0.547377,-1.112369,-0.68854,-1.616092,27.0,-12.3,-20.175,-31.575,148.9638,-8.9966,-5.6722,5.0,27.90711,48.843933,2.3532898,368.7372,NaN,2.916,82.99355,29.5,6 / 25,13948,2022-01-10 17:04:46:477
-0.19681,-0.169292,10.918151,1.340077,0.666442,9.691772,-2.048634,-0.096815,-0.547377,-1.112369,-0.68854,-1.616092,27.0,-12.3,-20.175,-31.575,148.9638,-8.9966,-5.6722,5.0,27.90711,48.843933,2.3532898,368.7372,NaN,2.916,82.99355,29.5,6 / 25,13952,2022-01-10 17:04:46:481
-0.19681,-0.169292,10.918151,1.340077,0.666442,9.691772,-2.048634,-0.096815,-0.547377,-1.112369,-0.68854,-1.616092,27.0,-12.3,-20.175,-31.575,148.9638,-8.9966,-5.6722,5.0,27.90711,48.843933,2.3532898,368.7372,NaN,2.916,82.99355,29.5,6 / 25,13958,2022-01-10 17:04:46:487
-0.629312,-0.078365,10.290633,1.340077,0.666442,9.691772,-2.048634,-0.096815,-0.547377,-1.112369,-0.68854,-1.616092,27.0,-12.3,-20.175,-31.575,148.9638,-8.9966,-5.6722,5.0,27.90711,48.843933,2.3532898,368.7372,NaN,2.916,82.99355,29.5,6 / 25,13964,2022-01-10 17:04:46:493
-0.629312,-0.078365,10.290633,1.340077,0.666442,9.691772,-2.048634,-0.096815,-0.547377,-1.112369,-0.68854,-1.616092,27.0,-12.3,-20.175,-31.575,148.9638,-8.9966,-5.6722,5.0,27.90711,48.843933,2.3532898,368.7372,NaN,2.916,82.99355,29.5,6 / 25,13968,2022-01-10 17:04:46:497
-0.629312,-0.078365,10.290633,1.340077,0.666442,9.691772,-2.048634,-0.096815,-0.547377,-1.112369,-0.68854,-1.616092,27.0,-12.3,-20.175,-31.575,148.9638,-8.9966,-5.6722,5.0,27.90711,48.843933,2.3532898,368.7372,NaN,2.916,82.99355,29.5,6 / 25,13974,2022-01-10 17:04:46:503
-0.629312,-0.078365,10.290633,1.213686,0.306657,9.726423,-1.888176,-0.270121,1.797216,-0.293472,-0.313711,-1.433404,27.0,-12.3,-20.175,-31.575,148.9638,-8.9966,-5.6722,5.0,27.90711,48.843933,2.3532898,368.7372,NaN,2.916,82.99355,29.5,6 / 25,13979,2022-01-10 17:04:46:508
-0.629312,-0.078365,10.290633,1.213686,0.306657,9.726423,-1.888176,-0.270121,1.797216,-0.293472,-0.313711,-1.433404,27.0,-12.3,-20.175,-31.575,148.9638,-8.9966,-5.6722,5.0,27.90711,48.843933,2.3532898,368.7372,NaN,2.916,82.99355,29.5,6 / 25,13983,2022-01-10 17:04:46:512
-0.629312,-0.078365,10.290633,1.213686,0.306657,9.726423,-1.888176,-0.270121,1.797216,-0.293472,-0.313711,-1.433404,27.0,-12.3,-20.175,-31.575,148.9638,-8.9966,-5.6722,5.0,27.90711,48.843933,2.3532898,368.7372,NaN,2.916,82.99355,29.5,6 / 25,13993,2022-01-10 17:04:46:522
-0.629312,-0.078365,10.290633,1.213686,0.306657,9.726423,-1.888176,-0.270121,1.797216,-0.293472,-0.313711,-1.433404,27.0,-12.3,-20.175,-31.575,148.9638,-8.9966,-5.6722,5.0,27.90711,48.843933,2.3532898,368.7372,NaN,2.916,82.99355,29.5,6 / 25,13994,2022-01-10 17:04:46:523
-0.629312,-0.078365,10.290633,1.213686,0.306657,9.726423,-1.888176,-0.270121,1.797216,-0.293472,-0.313711,-1.433404,27.0,-9.825,-21.675,-31.05,163.8332,-1.7919,-7.1127,5.0,27.90711,48.843933,2.3532898,368.7372,NaN,2.916,82.99355,29.5,6 / 25,13998,2022-01-10 17:04:46:527
-0.629312,-0.078365,10.290633,1.213686,0.306657,9.726423,-1.888176,-0.270121,1.797216,-0.293472,-0.313711,-1.433404,27.0,-9.825,-21.675,-31.05,163.8332,-1.7919,-7.1127,5.0,41.13213,48.843933,2.3532898,368.7372,NaN,2.916,82.99355,29.5,6 / 25,14003,2022-01-10 17:04:46:532
-0.629312,-0.078365,10.290633,1.213686,0.306657,9.726423,-1.888176,-0.270121,1.797216,-0.293472,-0.313711,-1.433404,27.0,-9.825,-21.675,-31.05,163.8332,-1.7919,-7.1127,5.0,41.13213,48.843933,2.3532898,368.7372,NaN,2.916,82.99355,29.5,6 / 25,14009,2022-01-10 17:04:46:538
-0.629312,-0.078365,10.290633,1.213686,0.306657,9.726423,-1.888176,-0.270121,1.797216,-0.293472,-0.313711,-1.433404,27.0,-9.825,-21.675,-31.05,163.8332,-1.7919,-7.1127,5.0,41.13213,48.843933,2.3532898,368.7372,NaN,2.916,82.99355,29.5,6 / 25,14012,2022-01-10 17:04:46:541
-0.629312,-0.078365,10.290633,1.213686,0.306657,9.726423,-1.888176,-0.270121,1.797216,-0.293472,-0.313711,-1.433404,27.0,-9.825,-21.675,-31.05,163.8332,-1.7919,-7.1127,5.0,41.13213,48.843933,2.3532898,368.7372,NaN,2.916,82.99355,29.5,6 / 25,14018,2022-01-10 17:04:46:547
-0.629312,-0.078365,10.290633,1.213686,0.306657,9.726423,-1.888176,-0.270121,1.797216,-0.293472,-0.313711,-1.433404,27.0,-9.825,-21.675,-31.05,163.8332,-1.7919,-7.1127,5.0,41.13213,48.843933,2.3532898,368.7372,NaN,2.916,82.99355,29.5,6 / 25,14023,2022-01-10 17:04:46:552
-0.629312,-0.078365,10.290633,1.213686,0.306657,9.726423,-1.888176,-0.270121,1.797216,-0.293472,-0.313711,-1.433404,27.0,-9.825,-21.675,-31.05,163.8332,-1.7919,-7.1127,5.0,41.13213,48.843933,2.3532898,368.7372,NaN,2.916,82.99355,29.5,6 / 25,14028,2022-01-10 17:04:46:557
-0.629312,-0.078365,10.290633,1.213686,0.306657,9.726423,-1.888176,-0.270121,1.797216,-0.293472,-0.313711,-1.433404,27.0,-9.825,-21.675,-31.05,163.8332,-1.7919,-7.1127,5.0,41.13213,48.843933,2.3532898,368.7372,NaN,2.916,82.99355,29.5,6 / 25,14033,2022-01-10 17:04:46:562
-0.629312,-0.078365,10.290633,1.213686,0.306657,9.726423,-1.888176,-0.270121,1.797216,-0.293472,-0.313711,-1.433404,27.0,-9.825,-21.675,-31.05,163.8332,-1.7919,-7.1127,5.0,41.13213,48.843933,2.3532898,368.7372,NaN,2.916,82.99355,29.5,6 / 25,14037,2022-01-10 17:04:46:566
0.293121,-1.007677,9.726525,1.213686,0.306657,9.726423,-1.888176,-0.270121,1.797216,-0.293472,-0.313711,-1.433404,27.0,-9.825,-21.675,-31.05,163.8332,-1.7919,-7.1127,5.0,41.13213,48.843933,2.3532898,368.7372,NaN,2.916,82.99355,29.5,6 / 25,14043,2022-01-10 17:04:46:572
0.293121,-1.007677,9.726525,1.213686,0.306657,9.726423,-1.888176,-0.270121,1.797216,-0.293472,-0.313711,-1.433404,27.0,-9.825,-21.675,-31.05,163.8332,-1.7919,-7.1127,5.0,41.13213,48.843933,2.3532898,368.7372,NaN,2.916,82.99355,29.5,6 / 25,14048,2022-01-10 17:04:46:577
0.293121,-1.007677,9.726525,1.213686,0.306657,9.726423,-1.888176,-0.270121,1.797216,-0.293472,-0.313711,-1.433404,27.0,-9.825,-21.675,-31.05,163.8332,-1.7919,-7.1127,5.0,41.13213,48.843933,2.3532898,368.7372,NaN,2.916,82.99355,29.5,6 / 25,14052,2022-01-10 17:04:46:581
0.293121,-1.007677,9.726525,1.213686,0.306657,9.726423,-1.888176,-0.270121,1.797216,-0.293472,-0.313711,-1.433404,27.0,-9.825,-21.675,-31.05,163.8332,-1.7919,-7.1127,5.0,41.13213,48.843933,2.3532898,368.7372,NaN,2.916,82.99355,29.5,6 / 25,14057,2022-01-10 17:04:46:586
0.293121,-1.007677,9.726525,1.213686,0.306657,9.726423,-1.888176,-0.270121,1.797216,-0.293472,-0.313711,-1.433404,27.0,-9.825,-21.675,-31.05,163.8332,-1.7919,-7.1127,5.0,41.13213,48.843933,2.3532898,368.7372,NaN,2.916,82.99355,29.5,6 / 25,14063,2022-01-10 17:04:46:592
0.293121,-1.007677,9.726525,1.213686,0.306657,9.726423,-1.888176,-0.270121,1.797216,-0.293472,-0.313711,-1.433404,27.0,-9.825,-21.675,-31.05,163.8332,-1.7919,-7.1127,5.0,41.13213,48.843933,2.3532898,368.7372,NaN,2.916,82.99355,29.5,6 / 25,14068,2022-01-10 17:04:46:597
0.293121,-1.007677,9.726525,1.213686,0.306657,9.726423,-1.888176,-0.270121,1.797216,-0.293472,-0.313711,-1.433404,27.0,-9.825,-21.675,-31.05,163.8332,-1.7919,-7.1127,5.0,41.13213,48.843933,2.3532898,368.7372,NaN,2.916,82.99355,29.5,6 / 25,14072,2022-01-10 17:04:46:601
0.293121,-1.007677,9.726525,1.213686,0.306657,9.726423,-1.888176,-0.270121,1.797216,-0.293472,-0.313711,-1.433404,27.0,-9.825,-21.675,-31.05,163.8332,-1.7919,-7.1127,5.0,41.13213,48.843933,2.3532898,368.7372,NaN,2.916,82.99355,29.5,6 / 25,14077,2022-01-10 17:04:46:606
0.293121,-1.007677,9.726525,1.213686,0.306657,9.726423,-1.888176,-0.270121,1.797216,-0.293472,-0.313711,-1.433404,23.0,-9.825,-21.675,-31.05,163.8332,-1.7919,-7.1127,5.0,41.13213,48.843933,2.3532898,368.7372,NaN,2.916,82.99355,29.5,6 / 25,14083,2022-01-10 17:04:46:612
0.293121,-1.007677,9.726525,1.213686,0.306657,9.726423,-1.888176,-0.270121,1.797216,-0.293472,-0.313711,-1.433404,23.0,-9.825,-21.675,-31.05,163.8332,-1.7919,-7.1127,5.0,41.13213,48.843933,2.3532898,368.7372,NaN,2.916,82.99355,29.5,6 / 25,14087,2022-01-10 17:04:46:616
0.293121,-1.007677,9.726525,1.213686,0.306657,9.726423,-1.888176,-0.270121,1.797216,-0.293472,-0.313711,-1.433404,23.0,-9.825,-21.675,-31.05,163.8332,-1.7919,-7.1127,5.0,41.13213,48.843933,2.3532898,368.7372,NaN,2.916,82.99355,29.5,6 / 25,14093,2022-01-10 17:04:46:622
0.293121,-1.007677,9.726525,1.213686,0.306657,9.726423,-1.888176,-0.270121,1.797216,-0.293472,-0.313711,-1.433404,23.0,-9.825,-21.675,-31.05,163.8332,-1.7919,-7.1127,5.0,41.13213,48.843933,2.3532898,368.7372,NaN,2.916,82.99355,29.5,6 / 25,14097,2022-01-10 17:04:46:626
0.293121,-1.007677,9.726525,1.213686,0.306657,9.726423,-1.888176,-0.270121,1.797216,-0.293472,-0.313711,-1.433404,23.0,-9.825,-21.675,-31.05,163.8332,-1.7919,-7.1127,5.0,41.13213,48.843933,2.3532898,368.7372,NaN,2.916,82.99355,29.5,6 / 25,14103,2022-01-10 17:04:46:632
0.293121,-1.007677,9.726525,1.213686,0.306657,9.726423,-1.888176,-0.270121,1.797216,-0.236615,0.466306,-0.636344,23.0,-9.825,-21.675,-31.05,163.8332,-1.7919,-7.1127,5.0,41.13213,48.843933,2.3532898,368.7372,NaN,2.916,82.99355,29.5,6 / 25,14108,2022-01-10 17:04:46:637
0.293121,-1.007677,9.726525,0.685336,0.216845,9.780271,-0.550031,-0.604449,1.237779,-0.236615,0.466306,-0.636344,23.0,-9.825,-21.675,-31.05,163.8332,-1.7919,-7.1127,5.0,41.13213,48.843933,2.3532898,368.7372,NaN,2.916,82.99355,29.5,6 / 25,14113,2022-01-10 17:04:46:642
0.293121,-1.007677,9.726525,0.685336,0.216845,9.780271,-0.550031,-0.604449,1.237779,-0.236615,0.466306,-0.636344,23.0,-9.825,-21.675,-31.05,163.8332,-1.7919,-7.1127,5.0,41.13213,48.843933,2.3532898,368.7372,NaN,2.916,82.99355,29.5,6 / 25,14119,2022-01-10 17:04:46:648
0.293121,-1.007677,9.726525,0.685336,0.216845,9.780271,-0.550031,-0.604449,1.237779,-0.236615,0.466306,-0.636344,23.0,-9.825,-21.675,-31.05,163.8332,-1.7919,-7.1127,5.0,41.13213,48.843933,2.3532898,368.7372,NaN,2.916,82.99355,29.5,6 / 25,14123,2022-01-10 17:04:46:652
0.293121,-1.007677,9.726525,0.685336,0.216845,9.780271,-0.550031,-0.604449,1.237779,-0.236615,0.466306,-0.636344,23.0,-9.825,-21.675,-31.05,163.8332,-1.7919,-7.1127,5.0,41.13213,48.843933,2.3532898,368.7372,NaN,2.916,82.99355,29.5,6 / 25,14128,2022-01-10 17:04:46:657
0.293121,-1.007677,9.726525,0.685336,0.216845,9.780271,-0.550031,-0.604449,1.237779,-0.236615,0.466306,-0.636344,23.0,-9.825,-21.675,-31.05,163.8332,-1.7919,-7.1127,5.0,41.13213,48.843933,2.3532898,368.7372,NaN,2.916,82.99355,29.5,6 / 25,14133,2022-01-10 17:04:46:662
0.472882,0.042473,10.666605,0.685336,0.216845,9.780271,-0.550031,-0.604449,1.237779,-0.236615,0.466306,-0.636344,23.0,-6.6,-22.05,-31.2,167.2597,-1.267,-4.0084,5.0,41.13213,48.843933,2.3532898,368.7372,NaN,2.916,82.99355,29.5,6 / 25,14138,2022-01-10 17:04:46:667
0.472882,0.042473,10.666605,0.685336,0.216845,9.780271,-0.550031,-0.604449,1.237779,-0.236615,0.466306,-0.636344,23.0,-6.6,-22.05,-31.2,167.2597,-1.267,-4.0084,5.0,41.13213,48.843933,2.3532898,368.7372,NaN,2.916,82.99355,29.5,6 / 25,14144,2022-01-10 17:04:46:673
0.472882,0.042473,10.666605,0.685336,0.216845,9.780271,-0.550031,-0.604449,1.237779,-0.236615,0.466306,-0.636344,23.0,-6.6,-22.05,-31.2,167.2597,-1.267,-4.0084,5.0,41.13213,48.843933,2.3532898,368.7372,NaN,2.916,82.99355,29.5,6 / 25,14148,2022-01-10 17:04:46:677
0.472882,0.042473,10.666605,0.685336,0.216845,9.780271,-0.550031,-0.604449,1.237779,-0.236615,0.466306,-0.636344,23.0,-6.6,-22.05,-31.2,167.2597,-1.267,-4.0084,5.0,41.13213,48.843933,2.3532898,368.7372,NaN,2.916,82.99355,29.5,6 / 25,14153,2022-01-10 17:04:46:682
0.472882,0.042473,10.666605,0.685336,0.216845,9.780271,-0.550031,-0.604449,1.237779,-0.236615,0.466306,-0.636344,23.0,-6.6,-22.05,-31.2,167.2597,-1.267,-4.0084,5.0,41.13213,48.843933,2.3532898,368.7372,NaN,2.916,82.99355,29.5,6 / 25,14157,2022-01-10 17:04:46:686
0.472882,0.042473,10.666605,0.685336,0.216845,9.780271,-0.550031,-0.604449,1.237779,-0.236615,0.466306,-0.636344,23.0,-6.6,-22.05,-31.2,167.2597,-1.267,-4.0084,5.0,41.13213,48.843933,2.3532898,368.7372,NaN,2.916,82.99355,29.5,6 / 25,14163,2022-01-10 17:04:46:692
0.472882,0.042473,10.666605,0.685336,0.216845,9.780271,-0.550031,-0.604449,1.237779,-0.236615,0.466306,-0.636344,23.0,-6.6,-22.05,-31.2,167.2597,-1.267,-4.0084,5.0,41.13213,48.843933,2.3532898,368.7372,NaN,2.916,82.99355,29.5,6 / 25,14168,2022-01-10 17:04:46:697
0.472882,0.042473,10.666605,0.685336,0.216845,9.780271,-0.550031,-0.604449,1.237779,-0.236615,0.466306,-0.636344,23.0,-6.6,-22.05,-31.2,167.2597,-1.267,-4.0084,5.0,41.13213,48.843933,2.3532898,368.7372,NaN,2.916,82.99355,29.5,6 / 25,14172,2022-01-10 17:04:46:701
0.472882,0.042473,10.666605,0.685336,0.216845,9.780271,-0.550031,-0.604449,1.237779,-0.236615,0.466306,-0.636344,23.0,-6.6,-22.05,-31.2,167.2597,-1.267,-4.0084,5.0,41.13213,48.843933,2.3532898,368.7372,NaN,2.916,82.99355,29.5,6 / 25,14178,2022-01-10 17:04:46:707
0.472882,0.042473,10.666605,0.685336,0.216845,9.780271,-0.550031,-0.604449,1.237779,-0.236615,0.466306,-0.636344,23.0,-6.6,-22.05,-31.2,167.2597,-1.267,-4.0084,5.0,41.13213,48.843933,2.3532898,368.7372,NaN,2.916,82.99355,29.5,6 / 25,14183,2022-01-10 17:04:46:712
0.472882,0.042473,10.666605,0.685336,0.216845,9.780271,-0.550031,-0.604449,1.237779,-0.236615,0.466306,-0.636344,23.0,-6.6,-22.05,-31.2,167.2597,-1.267,-4.0084,5.0,41.13213,48.843933,2.3532898,368.7372,NaN,2.916,82.99355,29.5,6 / 25,14187,2022-01-10 17:04:46:716
0.472882,0.042473,10.666605,0.685336,0.216845,9.780271,-0.550031,-0.604449,1.237779,-0.236615,0.466306,-0.636344,23.0,-6.6,-22.05,-31.2,167.2597,-1.267,-4.0084,5.0,41.13213,48.843933,2.3532898,368.7372,NaN,2.916,82.99355,29.5,6 / 25,14194,2022-01-10 17:04:46:723
0.472882,0.042473,10.666605,0.685336,0.216845,9.780271,-0.550031,-0.604449,1.237779,-0.236615,0.466306,-0.636344,23.0,-6.6,-22.05,-31.2,167.2597,-1.267,-4.0084,5.0,41.13213,48.843933,2.3532898,368.7372,NaN,2.916,82.99355,29.5,6 / 25,14197,2022-01-10 17:04:46:726
0.472882,0.042473,10.666605,0.685336,0.216845,9.780271,-0.550031,-0.604449,1.237779,-0.236615,0.466306,-0.636344,23.0,-6.6,-22.05,-31.2,167.2597,-1.267,-4.0084,5.0,41.13213,48.843933,2.3532898,368.7372,NaN,2.916,82.99355,29.5,6 / 25,14203,2022-01-10 17:04:46:732
0.472882,0.042473,10.666605,0.685336,0.216845,9.780271,-0.550031,-0.604449,1.237779,-0.236615,0.466306,-0.636344,23.0,-6.6,-22.05,-31.2,167.2597,-1.267,-4.0084,5.0,41.13213,48.843933,2.3532898,368.7372,NaN,2.916,82.99355,29.5,6 / 25,14207,2022-01-10 17:04:46:736
0.472882,0.042473,10.666605,0.685336,0.216845,9.780271,-0.550031,-0.604449,1.237779,-0.236615,0.466306,-0.636344,23.0,-6.6,-22.05,-31.2,167.2597,-1.267,-4.0084,5.0,41.13213,48.843933,2.3532898,368.7372,NaN,2.916,82.99355,29.5,6 / 25,14213,2022-01-10 17:04:46:742
0.472882,0.042473,10.666605,0.685336,0.216845,9.780271,-0.550031,-0.604449,1.237779,-0.236615,0.466306,-0.636344,23.0,-6.6,-22.05,-31.2,167.2597,-1.267,-4.0084,5.0,41.13213,48.843933,2.3532898,368.7372,NaN,2.916,82.99355,29.5,6 / 25,14217,2022-01-10 17:04:46:746
0.27996,0.551546,10.735997,0.249918,0.470865,9.79215,-0.494374,-0.746581,1.379293,-0.236615,0.466306,-0.636344,23.0,-6.6,-22.05,-31.2,167.2597,-1.267,-4.0084,5.0,41.13213,48.843933,2.3532898,368.7372,NaN,2.916,82.99355,29.5,6 / 25,14223,2022-01-10 17:04:46:752
0.27996,0.551546,10.735997,0.249918,0.470865,9.79215,-0.494374,-0.746581,1.379293,-0.236615,0.466306,-0.636344,23.0,-6.6,-22.05,-31.2,167.2597,-1.267,-4.0084,5.0,41.13213,48.843933,2.3532898,368.7372,NaN,2.916,82.99355,29.5,6 / 25,14227,2022-01-10 17:04:46:756
0.27996,0.551546,10.735997,0.249918,0.470865,9.79215,-0.494374,-0.746581,1.379293,0.968829,0.111716,-0.336347,23.0,-6.6,-22.05,-31.2,167.2597,-1.267,-4.0084,5.0,41.13213,48.843933,2.3532898,368.7372,NaN,2.916,82.99355,29.5,6 / 25,14232,2022-01-10 17:04:46:761
0.27996,0.551546,10.735997,0.249918,0.470865,9.79215,-0.494374,-0.746581,1.379293,0.968829,0.111716,-0.336347,23.0,-6.6,-22.05,-31.2,167.2597,-1.267,-4.0084,5.0,41.13213,48.843933,2.3532898,368.7372,NaN,2.916,82.99355,29.5,6 / 25,14237,2022-01-10 17:04:46:766
0.27996,0.551546,10.735997,0.249918,0.470865,9.79215,-0.494374,-0.746581,1.379293,0.968829,0.111716,-0.336347,23.0,-6.6,-22.05,-31.2,167.2597,-1.267,-4.0084,5.0,41.13213,48.843933,2.3532898,368.7372,NaN,2.916,82.99355,29.5,6 / 25,14242,2022-01-10 17:04:46:771
0.27996,0.551546,10.735997,0.249918,0.470865,9.79215,-0.494374,-0.746581,1.379293,0.968829,0.111716,-0.336347,23.0,-6.6,-22.05,-31.2,167.2597,-1.267,-4.0084,5.0,41.13213,48.843933,2.3532898,368.7372,NaN,2.916,82.99355,29.5,6 / 25,14248,2022-01-10 17:04:46:777
0.27996,0.551546,10.735997,0.249918,0.470865,9.79215,-0.494374,-0.746581,1.379293,0.968829,0.111716,-0.336347,23.0,-2.775,-21.45,-32.025,173.5928,-2.7521,-1.462,5.0,41.13213,48.843933,2.3532898,368.7372,NaN,2.916,82.99355,29.5,6 / 25,14252,2022-01-10 17:04:46:781
0.27996,0.551546,10.735997,0.249918,0.470865,9.79215,-0.494374,-0.746581,1.379293,0.968829,0.111716,-0.336347,23.0,-2.775,-21.45,-32.025,173.5928,-2.7521,-1.462,5.0,41.13213,48.843933,2.3532898,368.7372,NaN,2.916,82.99355,29.5,6 / 25,14258,2022-01-10 17:04:46:787
0.27996,0.551546,10.735997,0.249918,0.470865,9.79215,-0.494374,-0.746581,1.379293,0.968829,0.111716,-0.336347,23.0,-2.775,-21.45,-32.025,173.5928,-2.7521,-1.462,5.0,41.13213,48.843933,2.3532898,368.7372,NaN,2.916,82.99355,29.5,6 / 25,14262,2022-01-10 17:04:46:791
0.27996,0.551546,10.735997,0.249918,0.470865,9.79215,-0.494374,-0.746581,1.379293,0.968829,0.111716,-0.336347,23.0,-2.775,-21.45,-32.025,173.5928,-2.7521,-1.462,5.0,41.13213,48.843933,2.3532898,368.7372,NaN,2.916,82.99355,29.5,6 / 25,14268,2022-01-10 17:04:46:797
0.27996,0.551546,10.735997,0.249918,0.470865,9.79215,-0.494374,-0.746581,1.379293,0.968829,0.111716,-0.336347,23.0,-2.775,-21.45,-32.025,173.5928,-2.7521,-1.462,5.0,41.13213,48.843933,2.3532898,368.7372,NaN,2.916,82.99355,29.5,6 / 25,14272,2022-01-10 17:04:46:801
0.27996,0.551546,10.735997,0.249918,0.470865,9.79215,-0.494374,-0.746581,1.379293,0.968829,0.111716,-0.336347,23.0,-2.775,-21.45,-32.025,173.5928,-2.7521,-1.462,5.0,41.13213,48.843933,2.3532898,368.7372,NaN,2.916,82.99355,29.5,6 / 25,14279,2022-01-10 17:04:46:808
0.27996,0.551546,10.735997,0.249918,0.470865,9.79215,-0.494374,-0.746581,1.379293,0.968829,0.111716,-0.336347,23.0,-2.775,-21.45,-32.025,173.5928,-2.7521,-1.462,5.0,41.13213,48.843933,2.3532898,368.7372,NaN,2.916,82.99355,29.5,6 / 25,14282,2022-01-10 17:04:46:811
0.27996,0.551546,10.735997,0.249918,0.470865,9.79215,-0.494374,-0.746581,1.379293,0.968829,0.111716,-0.336347,23.0,-2.775,-21.45,-32.025,173.5928,-2.7521,-1.462,5.0,41.13213,48.843933,2.3532898,368.7372,NaN,2.916,82.99355,29.5,6 / 25,14288,2022-01-10 17:04:46:817
0.27996,0.551546,10.735997,0.249918,0.470865,9.79215,-0.494374,-0.746581,1.379293,0.968829,0.111716,-0.336347,23.0,-2.775,-21.45,-32.025,173.5928,-2.7521,-1.462,5.0,41.13213,48.843933,2.3532898,368.7372,NaN,2.916,82.99355,29.5,6 / 25,14292,2022-01-10 17:04:46:821
0.27996,0.551546,10.735997,0.249918,0.470865,9.79215,-0.494374,-0.746581,1.379293,0.968829,0.111716,-0.336347,23.0,-2.775,-21.45,-32.025,173.5928,-2.7521,-1.462,5.0,41.13213,48.843933,2.3532898,368.7372,NaN,2.916,82.99355,29.5,6 / 25,14297,2022-01-10 17:04:46:826
0.27996,0.551546,10.735997,0.249918,0.470865,9.79215,-0.494374,-0.746581,1.379293,0.968829,0.111716,-0.336347,23.0,-2.775,-21.45,-32.025,173.5928,-2.7521,-1.462,5.0,33.4186,48.843933,2.3532898,368.7372,NaN,2.916,82.99355,29.5,6 / 25,14302,2022-01-10 17:04:46:831
0.27996,0.551546,10.735997,0.249918,0.470865,9.79215,-0.494374,-0.746581,1.379293,0.968829,0.111716,-0.336347,23.0,-2.775,-21.45,-32.025,173.5928,-2.7521,-1.462,5.0,33.4186,48.843933,2.3532898,368.7372,NaN,2.916,82.99355,29.5,6 / 25,14307,2022-01-10 17:04:46:836
0.27996,0.551546,10.735997,0.249918,0.470865,9.79215,-0.494374,-0.746581,1.379293,0.968829,0.111716,-0.336347,23.0,-2.775,-21.45,-32.025,173.5928,-2.7521,-1.462,5.0,33.4186,48.843933,2.3532898,368.7372,NaN,2.916,82.99355,29.5,6 / 25,14312,2022-01-10 17:04:46:841
0.27996,0.551546,10.735997,0.249918,0.470865,9.79215,-0.494374,-0.746581,1.379293,0.968829,0.111716,-0.336347,23.0,-2.775,-21.45,-32.025,173.5928,-2.7521,-1.462,5.0,33.4186,48.843933,2.3532898,368.7372,NaN,2.916,82.99355,29.5,6 / 25,14318,2022-01-10 17:04:46:847
0.27996,0.551546,10.735997,0.249918,0.470865,9.79215,-0.494374,-0.746581,1.379293,0.968829,0.111716,-0.336347,23.0,-2.775,-21.45,-32.025,173.5928,-2.7521,-1.462,5.0,33.4186,48.843933,2.3532898,368.7372,NaN,2.916,82.99355,29.5,6 / 25,14322,2022-01-10 17:04:46:851
0.27996,0.551546,10.735997,0.249918,0.470865,9.79215,-0.494374,-0.746581,1.379293,0.968829,0.111716,-0.336347,23.0,-2.775,-21.45,-32.025,173.5928,-2.7521,-1.462,5.0,33.4186,48.843933,2.3532898,368.7372,NaN,2.916,82.99355,29.5,6 / 25,14328,2022-01-10 17:04:46:857
0.541077,1.501496,11.857333,0.249918,0.470865,9.79215,-0.494374,-0.746581,1.379293,0.968829,0.111716,-0.336347,23.0,-2.775,-21.45,-32.025,173.5928,-2.7521,-1.462,5.0,33.4186,48.843933,2.3532898,368.7372,NaN,2.916,82.99355,29.5,6 / 25,14332,2022-01-10 17:04:46:861
0.541077,1.501496,11.857333,0.249918,0.470865,9.79215,-0.494374,-0.746581,1.379293,0.968829,0.111716,-0.336347,23.0,-2.775,-21.45,-32.025,173.5928,-2.7521,-1.462,5.0,33.4186,48.843933,2.3532898,368.7372,NaN,2.916,82.99355,29.5,6 / 25,14337,2022-01-10 17:04:46:866
0.541077,1.501496,11.857333,0.249918,0.470865,9.79215,-0.494374,-0.746581,1.379293,0.968829,0.111716,-0.336347,23.0,-2.775,-21.45,-32.025,173.5928,-2.7521,-1.462,5.0,33.4186,48.843933,2.3532898,368.7372,NaN,2.916,82.99355,29.5,6 / 25,14343,2022-01-10 17:04:46:872
0.541077,1.501496,11.857333,0.249918,0.470865,9.79215,-0.494374,-0.746581,1.379293,0.968829,0.111716,-0.336347,23.0,-2.775,-21.45,-32.025,173.5928,-2.7521,-1.462,5.0,33.4186,48.843933,2.3532898,368.7372,NaN,2.916,82.99355,29.5,6 / 25,14348,2022-01-10 17:04:46:877
0.541077,1.501496,11.857333,0.483702,2.219113,9.540019,-0.805075,-1.328168,2.90787,0.968829,0.111716,-0.336347,23.0,-2.775,-21.45,-32.025,173.5928,-2.7521,-1.462,5.0,33.4186,48.843933,2.3532898,368.7372,NaN,2.916,82.99355,29.5,6 / 25,14352,2022-01-10 17:04:46:881
0.541077,1.501496,11.857333,0.483702,2.219113,9.540019,-0.805075,-1.328168,2.90787,0.968829,0.111716,-0.336347,23.0,-2.775,-21.45,-32.025,173.5928,-2.7521,-1.462,5.0,33.4186,48.843933,2.3532898,368.7372,NaN,2.916,82.99355,29.5,6 / 25,14358,2022-01-10 17:04:46:887
0.541077,1.501496,11.857333,0.483702,2.219113,9.540019,-0.805075,-1.328168,2.90787,0.968829,0.111716,-0.336347,23.0,-2.775,-21.45,-32.025,173.5928,-2.7521,-1.462,5.0,33.4186,48.843933,2.3532898,368.7372,NaN,2.916,82.99355,29.5,6 / 25,14363,2022-01-10 17:04:46:892
0.541077,1.501496,11.857333,0.483702,2.219113,9.540019,-0.805075,-1.328168,2.90787,2.964277,-0.685611,-0.332885,23.0,-2.775,-21.45,-32.025,173.5928,-2.7521,-1.462,5.0,33.4186,48.843933,2.3532898,368.7372,NaN,2.916,82.99355,29.5,6 / 25,14367,2022-01-10 17:04:46:896
0.541077,1.501496,11.857333,0.483702,2.219113,9.540019,-0.805075,-1.328168,2.90787,2.964277,-0.685611,-0.332885,23.0,-2.775,-21.45,-32.025,173.5928,-2.7521,-1.462,5.0,33.4186,48.843933,2.3532898,368.7372,NaN,2.916,82.99355,29.5,6 / 25,14373,2022-01-10 17:04:46:902
0.541077,1.501496,11.857333,0.483702,2.219113,9.540019,-0.805075,-1.328168,2.90787,2.964277,-0.685611,-0.332885,23.0,-2.775,-21.45,-32.025,173.5928,-2.7521,-1.462,5.0,33.4186,48.843933,2.3532898,368.7372,NaN,2.916,82.99355,29.5,6 / 25,14377,2022-01-10 17:04:46:906
0.541077,1.501496,11.857333,0.483702,2.219113,9.540019,-0.805075,-1.328168,2.90787,2.964277,-0.685611,-0.332885,26.0,-2.775,-21.45,-32.025,173.5928,-2.7521,-1.462,5.0,33.4186,48.843933,2.3532898,368.7372,NaN,2.916,82.99355,29.5,6 / 25,14383,2022-01-10 17:04:46:912
0.541077,1.501496,11.857333,0.483702,2.219113,9.540019,-0.805075,-1.328168,2.90787,2.964277,-0.685611,-0.332885,26.0,-2.775,-21.45,-32.025,173.5928,-2.7521,-1.462,5.0,33.4186,48.843933,2.3532898,368.7372,NaN,2.916,82.99355,29.5,6 / 25,14388,2022-01-10 17:04:46:917
0.541077,1.501496,11.857333,0.483702,2.219113,9.540019,-0.805075,-1.328168,2.90787,2.964277,-0.685611,-0.332885,26.0,0.375,-22.425,-30.825,186.2113,-13.0785,-2.9026,5.0,33.4186,48.843933,2.3532898,368.7372,NaN,2.916,82.99355,29.5,6 / 25,14392,2022-01-10 17:04:46:921
0.541077,1.501496,11.857333,0.483702,2.219113,9.540019,-0.805075,-1.328168,2.90787,2.964277,-0.685611,-0.332885,26.0,0.375,-22.425,-30.825,186.2113,-13.0785,-2.9026,5.0,33.4186,48.843933,2.3532898,368.7372,NaN,2.916,82.99355,29.5,6 / 25,14397,2022-01-10 17:04:46:926
0.541077,1.501496,11.857333,0.483702,2.219113,9.540019,-0.805075,-1.328168,2.90787,2.964277,-0.685611,-0.332885,26.0,0.375,-22.425,-30.825,186.2113,-13.0785,-2.9026,5.0,33.4186,48.843933,2.3532898,368.7372,NaN,2.916,82.99355,29.5,6 / 25,14402,2022-01-10 17:04:46:931
0.541077,1.501496,11.857333,0.483702,2.219113,9.540019,-0.805075,-1.328168,2.90787,2.964277,-0.685611,-0.332885,26.0,0.375,-22.425,-30.825,186.2113,-13.0785,-2.9026,5.0,33.4186,48.843933,2.3532898,368.7372,NaN,2.916,82.99355,29.5,6 / 25,14408,2022-01-10 17:04:46:937
0.541077,1.501496,11.857333,0.483702,2.219113,9.540019,-0.805075,-1.328168,2.90787,2.964277,-0.685611,-0.332885,26.0,0.375,-22.425,-30.825,186.2113,-13.0785,-2.9026,5.0,33.4186,48.843933,2.3532898,368.7372,NaN,2.916,82.99355,29.5,6 / 25,14413,2022-01-10 17:04:46:942
0.541077,1.501496,11.857333,0.483702,2.219113,9.540019,-0.805075,-1.328168,2.90787,2.964277,-0.685611,-0.332885,26.0,0.375,-22.425,-30.825,186.2113,-13.0785,-2.9026,5.0,33.4186,48.843933,2.3532898,368.7372,NaN,2.916,82.99355,29.5,6 / 25,14418,2022-01-10 17:04:46:947
0.498006,4.469494,5.329415,0.483702,2.219113,9.540019,-0.805075,-1.328168,2.90787,2.964277,-0.685611,-0.332885,26.0,0.375,-22.425,-30.825,186.2113,-13.0785,-2.9026,5.0,33.4186,48.843933,2.3532898,368.7372,NaN,2.916,82.99355,29.5,6 / 25,14422,2022-01-10 17:04:46:951
0.498006,4.469494,5.329415,0.483702,2.219113,9.540019,-0.805075,-1.328168,2.90787,2.964277,-0.685611,-0.332885,26.0,0.375,-22.425,-30.825,186.2113,-13.0785,-2.9026,5.0,33.4186,48.843933,2.3532898,368.7372,NaN,2.916,82.99355,29.5,6 / 25,14428,2022-01-10 17:04:46:957
0.498006,4.469494,5.329415,0.483702,2.219113,9.540019,-0.805075,-1.328168,2.90787,2.964277,-0.685611,-0.332885,26.0,0.375,-22.425,-30.825,186.2113,-13.0785,-2.9026,5.0,33.4186,48.843933,2.3532898,368.7372,NaN,2.916,82.99355,29.5,6 / 25,14432,2022-01-10 17:04:46:961
0.498006,4.469494,5.329415,0.483702,2.219113,9.540019,-0.805075,-1.328168,2.90787,2.964277,-0.685611,-0.332885,26.0,0.375,-22.425,-30.825,186.2113,-13.0785,-2.9026,5.0,33.4186,48.843933,2.3532898,368.7372,NaN,2.916,82.99355,29.5,6 / 25,14437,2022-01-10 17:04:46:966
0.498006,4.469494,5.329415,0.483702,2.219113,9.540019,-0.805075,-1.328168,2.90787,2.964277,-0.685611,-0.332885,26.0,0.375,-22.425,-30.825,186.2113,-13.0785,-2.9026,5.0,33.4186,48.843933,2.3532898,368.7372,NaN,2.916,82.99355,29.5,6 / 25,14443,2022-01-10 17:04:46:972
0.498006,4.469494,5.329415,0.483702,2.219113,9.540019,-0.805075,-1.328168,2.90787,2.964277,-0.685611,-0.332885,26.0,0.375,-22.425,-30.825,186.2113,-13.0785,-2.9026,5.0,33.4186,48.843933,2.3532898,368.7372,NaN,2.916,82.99355,29.5,6 / 25,14448,2022-01-10 17:04:46:977
0.498006,4.469494,5.329415,0.483702,2.219113,9.540019,-0.805075,-1.328168,2.90787,2.964277,-0.685611,-0.332885,26.0,0.375,-22.425,-30.825,186.2113,-13.0785,-2.9026,5.0,33.4186,48.843933,2.3532898,368.7372,NaN,2.916,82.99355,29.5,6 / 25,14452,2022-01-10 17:04:46:981
0.498006,4.469494,5.329415,0.483702,2.219113,9.540019,-0.805075,-1.328168,2.90787,2.964277,-0.685611,-0.332885,26.0,0.375,-22.425,-30.825,186.2113,-13.0785,-2.9026,5.0,33.4186,48.843933,2.3532898,368.7372,NaN,2.916,82.99355,29.5,6 / 25,14457,2022-01-10 17:04:46:986
0.498006,4.469494,5.329415,0.483702,2.219113,9.540019,-0.805075,-1.328168,2.90787,2.964277,-0.685611,-0.332885,26.0,0.375,-22.425,-30.825,186.2113,-13.0785,-2.9026,5.0,33.4186,48.843933,2.3532898,368.7372,NaN,2.916,82.99355,29.5,6 / 25,14463,2022-01-10 17:04:46:992
0.498006,4.469494,5.329415,0.033484,5.965021,7.783817,0.361977,-2.28927,0.257116,2.964277,-0.685611,-0.332885,26.0,0.375,-22.425,-30.825,186.2113,-13.0785,-2.9026,5.0,33.4186,48.843933,2.3532898,368.7372,NaN,2.916,82.99355,29.5,6 / 25,14468,2022-01-10 17:04:46:997
0.498006,4.469494,5.329415,0.033484,5.965021,7.783817,0.361977,-2.28927,0.257116,2.964277,-0.685611,-0.332885,26.0,0.375,-22.425,-30.825,186.2113,-13.0785,-2.9026,5.0,33.4186,48.843933,2.3532898,368.7372,NaN,2.916,82.99355,29.5,6 / 25,14472,2022-01-10 17:04:47:001
0.498006,4.469494,5.329415,0.033484,5.965021,7.783817,0.361977,-2.28927,0.257116,2.964277,-0.685611,-0.332885,26.0,0.375,-22.425,-30.825,186.2113,-13.0785,-2.9026,5.0,33.4186,48.843933,2.3532898,368.7372,NaN,2.916,82.99355,29.5,6 / 25,14477,2022-01-10 17:04:47:006
0.498006,4.469494,5.329415,0.033484,5.965021,7.783817,0.361977,-2.28927,0.257116,2.964277,-0.685611,-0.332885,26.0,0.375,-22.425,-30.825,186.2113,-13.0785,-2.9026,5.0,33.4186,48.843933,2.3532898,368.7372,NaN,2.916,82.99355,29.5,6 / 25,14483,2022-01-10 17:04:47:012
0.498006,4.469494,5.329415,0.033484,5.965021,7.783817,0.361977,-2.28927,0.257116,2.964277,-0.685611,-0.332885,26.0,0.375,-22.425,-30.825,186.2113,-13.0785,-2.9026,5.0,33.4186,48.843933,2.3532898,368.7372,NaN,2.916,82.99355,29.5,6 / 25,14488,2022-01-10 17:04:47:017
0.498006,4.469494,5.329415,0.033484,5.965021,7.783817,0.361977,-2.28927,0.257116,2.964277,-0.685611,-0.332885,26.0,0.375,-22.425,-30.825,186.2113,-13.0785,-2.9026,5.0,33.4186,48.843933,2.3532898,368.7372,NaN,2.916,82.99355,29.5,6 / 25,14492,2022-01-10 17:04:47:021
0.498006,4.469494,5.329415,0.033484,5.965021,7.783817,0.361977,-2.28927,0.257116,2.106898,1.194393,-0.27523,26.0,0.375,-22.425,-30.825,186.2113,-13.0785,-2.9026,5.0,33.4186,48.843933,2.3532898,368.7372,NaN,2.916,82.99355,29.5,6 / 25,14498,2022-01-10 17:04:47:027
0.498006,4.469494,5.329415,0.033484,5.965021,7.783817,0.361977,-2.28927,0.257116,2.106898,1.194393,-0.27523,26.0,0.375,-22.425,-30.825,186.2113,-13.0785,-2.9026,5.0,33.4186,48.843933,2.3532898,368.7372,NaN,2.916,82.99355,29.5,6 / 25,14502,2022-01-10 17:04:47:031
0.498006,4.469494,5.329415,0.033484,5.965021,7.783817,0.361977,-2.28927,0.257116,2.106898,1.194393,-0.27523,26.0,0.375,-22.425,-30.825,186.2113,-13.0785,-2.9026,5.0,33.4186,48.843933,2.3532898,368.7372,NaN,2.916,82.99355,29.5,6 / 25,14508,2022-01-10 17:04:47:037
0.498006,4.469494,5.329415,0.033484,5.965021,7.783817,0.361977,-2.28927,0.257116,2.106898,1.194393,-0.27523,26.0,0.375,-22.425,-30.825,186.2113,-13.0785,-2.9026,5.0,33.4186,48.843933,2.3532898,368.7372,NaN,2.916,82.99355,29.5,6 / 25,14512,2022-01-10 17:04:47:041
0.498006,4.469494,5.329415,0.033484,5.965021,7.783817,0.361977,-2.28927,0.257116,2.106898,1.194393,-0.27523,26.0,0.375,-22.425,-30.825,186.2113,-13.0785,-2.9026,5.0,33.4186,48.843933,2.3532898,368.7372,NaN,2.916,82.99355,29.5,6 / 25,14517,2022-01-10 17:04:47:046
0.498006,4.469494,5.329415,0.033484,5.965021,7.783817,0.361977,-2.28927,0.257116,2.106898,1.194393,-0.27523,26.0,0.375,-22.425,-30.825,186.2113,-13.0785,-2.9026,5.0,33.4186,48.843933,2.3532898,368.7372,NaN,2.916,82.99355,29.5,6 / 25,14523,2022-01-10 17:04:47:052
0.498006,4.469494,5.329415,0.033484,5.965021,7.783817,0.361977,-2.28927,0.257116,2.106898,1.194393,-0.27523,26.0,0.375,-22.425,-30.825,186.2113,-13.0785,-2.9026,5.0,33.4186,48.843933,2.3532898,368.7372,NaN,2.916,82.99355,29.5,6 / 25,14528,2022-01-10 17:04:47:057
-0.84347,5.947361,8.327622,0.033484,5.965021,7.783817,0.361977,-2.28927,0.257116,2.106898,1.194393,-0.27523,26.0,2.475,-25.725,-25.725,203.6266,-37.464,-0.2465,5.0,33.4186,48.843933,2.3532898,368.7372,NaN,2.916,82.99355,29.5,6 / 25,14532,2022-01-10 17:04:47:061
-0.84347,5.947361,8.327622,0.033484,5.965021,7.783817,0.361977,-2.28927,0.257116,2.106898,1.194393,-0.27523,26.0,2.475,-25.725,-25.725,203.6266,-37.464,-0.2465,5.0,33.4186,48.843933,2.3532898,368.7372,NaN,2.916,82.99355,29.5,6 / 25,14538,2022-01-10 17:04:47:067
-0.84347,5.947361,8.327622,0.033484,5.965021,7.783817,0.361977,-2.28927,0.257116,2.106898,1.194393,-0.27523,26.0,2.475,-25.725,-25.725,203.6266,-37.464,-0.2465,5.0,33.4186,48.843933,2.3532898,368.7372,NaN,2.916,82.99355,29.5,6 / 25,14542,2022-01-10 17:04:47:071
-0.84347,5.947361,8.327622,0.033484,5.965021,7.783817,0.361977,-2.28927,0.257116,2.106898,1.194393,-0.27523,61.0,2.475,-25.725,-25.725,203.6266,-37.464,-0.2465,5.0,33.4186,48.843933,2.3532898,368.7372,NaN,2.916,82.99355,29.5,6 / 25,14548,2022-01-10 17:04:47:077
-0.84347,5.947361,8.327622,0.033484,5.965021,7.783817,0.361977,-2.28927,0.257116,2.106898,1.194393,-0.27523,61.0,2.475,-25.725,-25.725,203.6266,-37.464,-0.2465,5.0,33.4186,48.843933,2.3532898,368.7372,NaN,2.916,82.99355,29.5,6 / 25,14553,2022-01-10 17:04:47:082
-0.84347,5.947361,8.327622,0.033484,5.965021,7.783817,0.361977,-2.28927,0.257116,2.106898,1.194393,-0.27523,61.0,2.475,-25.725,-25.725,203.6266,-37.464,-0.2465,5.0,33.4186,48.843933,2.3532898,368.7372,NaN,2.916,82.99355,29.5,6 / 25,14558,2022-01-10 17:04:47:087
-0.84347,5.947361,8.327622,0.033484,5.965021,7.783817,0.361977,-2.28927,0.257116,2.106898,1.194393,-0.27523,61.0,2.475,-25.725,-25.725,203.6266,-37.464,-0.2465,5.0,33.4186,48.843933,2.3532898,368.7372,NaN,2.916,82.99355,29.5,6 / 25,14562,2022-01-10 17:04:47:091
-0.84347,5.947361,8.327622,0.033484,5.965021,7.783817,0.361977,-2.28927,0.257116,2.106898,1.194393,-0.27523,61.0,2.475,-25.725,-25.725,203.6266,-37.464,-0.2465,5.0,33.4186,48.843933,2.3532898,368.7372,NaN,2.916,82.99355,29.5,6 / 25,14568,2022-01-10 17:04:47:097
-0.84347,5.947361,8.327622,0.033484,5.965021,7.783817,0.361977,-2.28927,0.257116,2.106898,1.194393,-0.27523,61.0,2.475,-25.725,-25.725,203.6266,-37.464,-0.2465,5.0,33.4186,48.843933,2.3532898,368.7372,NaN,2.916,82.99355,29.5,6 / 25,14572,2022-01-10 17:04:47:101
-0.84347,5.947361,8.327622,0.033484,5.965021,7.783817,0.361977,-2.28927,0.257116,2.106898,1.194393,-0.27523,61.0,2.475,-25.725,-25.725,203.6266,-37.464,-0.2465,5.0,33.4186,48.843933,2.3532898,368.7372,NaN,2.916,82.99355,29.5,6 / 25,14577,2022-01-10 17:04:47:106
-0.84347,5.947361,8.327622,0.033484,5.965021,7.783817,0.361977,-2.28927,0.257116,2.106898,1.194393,-0.27523,61.0,2.475,-25.725,-25.725,203.6266,-37.464,-0.2465,5.0,33.4186,48.843933,2.3532898,368.7372,NaN,2.916,82.99355,29.5,6 / 25,14583,2022-01-10 17:04:47:112
-0.84347,5.947361,8.327622,0.033484,5.965021,7.783817,0.361977,-2.28927,0.257116,2.106898,1.194393,-0.27523,61.0,2.475,-25.725,-25.725,203.6266,-37.464,-0.2465,5.0,33.4186,48.843933,2.3532898,368.7372,NaN,2.916,82.99355,29.5,6 / 25,14588,2022-01-10 17:04:47:117
-0.84347,5.947361,8.327622,0.033484,5.965021,7.783817,0.361977,-2.28927,0.257116,2.106898,1.194393,-0.27523,61.0,2.475,-25.725,-25.725,203.6266,-37.464,-0.2465,5.0,33.4186,48.843933,2.3532898,368.7372,NaN,2.916,82.99355,29.5,6 / 25,14592,2022-01-10 17:04:47:121
-0.84347,5.947361,8.327622,-1.031137,7.444068,6.300239,0.137218,-1.034834,1.807298,2.106898,1.194393,-0.27523,61.0,2.475,-25.725,-25.725,203.6266,-37.464,-0.2465,5.0,33.4186,48.843933,2.3532898,368.7372,NaN,2.916,82.99355,29.5,6 / 25,14598,2022-01-10 17:04:47:127
-0.84347,5.947361,8.327622,-1.031137,7.444068,6.300239,0.137218,-1.034834,1.807298,2.106898,1.194393,-0.27523,61.0,2.475,-25.725,-25.725,203.6266,-37.464,-0.2465,5.0,33.4186,48.843933,2.3532898,368.7372,NaN,2.916,82.99355,29.5,6 / 25,14602,2022-01-10 17:04:47:131
-0.84347,5.947361,8.327622,-1.031137,7.444068,6.300239,0.137218,-1.034834,1.807298,2.106898,1.194393,-0.27523,61.0,2.475,-25.725,-25.725,203.6266,-37.464,-0.2465,5.0,33.4186,48.843933,2.3532898,368.7372,NaN,2.916,82.99355,29.5,6 / 25,14608,2022-01-10 17:04:47:137
-0.84347,5.947361,8.327622,-1.031137,7.444068,6.300239,0.137218,-1.034834,1.807298,2.106898,1.194393,-0.27523,61.0,2.475,-25.725,-25.725,203.6266,-37.464,-0.2465,5.0,33.4186,48.843933,2.3532898,368.7372,NaN,2.916,82.99355,29.5,6 / 25,14612,2022-01-10 17:04:47:141
-0.84347,5.947361,8.327622,-1.031137,7.444068,6.300239,0.137218,-1.034834,1.807298,2.106898,1.194393,-0.27523,61.0,2.475,-25.725,-25.725,203.6266,-37.464,-0.2465,5.0,29.08464,48.843933,2.3532898,368.7372,NaN,2.916,82.99355,29.5,6 / 25,14618,2022-01-10 17:04:47:147
-0.84347,5.947361,8.327622,-1.031137,7.444068,6.300239,0.137218,-1.034834,1.807298,2.106898,1.194393,-0.27523,61.0,2.475,-25.725,-25.725,203.6266,-37.464,-0.2465,5.0,29.08464,48.843933,2.3532898,368.7372,NaN,2.916,82.99355,29.5,6 / 25,14623,2022-01-10 17:04:47:152
-0.84347,5.947361,8.327622,-1.031137,7.444068,6.300239,0.137218,-1.034834,1.807298,2.106898,1.194393,-0.27523,61.0,2.475,-25.725,-25.725,203.6266,-37.464,-0.2465,5.0,29.08464,48.843933,2.3532898,368.7372,NaN,2.916,82.99355,29.5,6 / 25,14627,2022-01-10 17:04:47:156
-1.459323,6.899704,6.119943,-1.031137,7.444068,6.300239,0.137218,-1.034834,1.807298,1.626744,0.111583,-0.299597,61.0,2.475,-25.725,-25.725,203.6266,-37.464,-0.2465,5.0,29.08464,48.843933,2.3532898,368.7372,NaN,2.916,82.99355,29.5,6 / 25,14633,2022-01-10 17:04:47:162
-1.459323,6.899704,6.119943,-1.031137,7.444068,6.300239,0.137218,-1.034834,1.807298,1.626744,0.111583,-0.299597,61.0,2.475,-25.725,-25.725,203.6266,-37.464,-0.2465,5.0,29.08464,48.843933,2.3532898,368.7372,NaN,2.916,82.99355,29.5,6 / 25,14638,2022-01-10 17:04:47:167
-1.459323,6.899704,6.119943,-1.031137,7.444068,6.300239,0.137218,-1.034834,1.807298,1.626744,0.111583,-0.299597,61.0,2.475,-25.725,-25.725,203.6266,-37.464,-0.2465,5.0,29.08464,48.843933,2.3532898,368.7372,NaN,2.916,82.99355,29.5,6 / 25,14643,2022-01-10 17:04:47:172
-1.459323,6.899704,6.119943,-1.031137,7.444068,6.300239,0.137218,-1.034834,1.807298,1.626744,0.111583,-0.299597,61.0,2.475,-25.725,-25.725,203.6266,-37.464,-0.2465,5.0,29.08464,48.843933,2.3532898,368.7372,NaN,2.916,82.99355,29.5,6 / 25,14648,2022-01-10 17:04:47:177
-1.459323,6.899704,6.119943,-1.031137,7.444068,6.300239,0.137218,-1.034834,1.807298,1.626744,0.111583,-0.299597,61.0,3.75,-29.475,-18.3,191.9746,-49.3835,9.295,5.0,29.08464,48.843933,2.3532898,368.7372,NaN,2.916,82.99355,29.5,6 / 25,14652,2022-01-10 17:04:47:181
-1.459323,6.899704,6.119943,-1.031137,7.444068,6.300239,0.137218,-1.034834,1.807298,1.626744,0.111583,-0.299597,61.0,3.75,-29.475,-18.3,191.9746,-49.3835,9.295,5.0,29.08464,48.843933,2.3532898,368.7372,NaN,2.916,82.99355,29.5,6 / 25,14658,2022-01-10 17:04:47:187
-1.459323,6.899704,6.119943,-1.031137,7.444068,6.300239,0.137218,-1.034834,1.807298,1.626744,0.111583,-0.299597,61.0,3.75,-29.475,-18.3,191.9746,-49.3835,9.295,5.0,29.08464,48.843933,2.3532898,368.7372,NaN,2.916,82.99355,29.5,6 / 25,14663,2022-01-10 17:04:47:192
-1.459323,6.899704,6.119943,-1.031137,7.444068,6.300239,0.137218,-1.034834,1.807298,1.626744,0.111583,-0.299597,61.0,3.75,-29.475,-18.3,191.9746,-49.3835,9.295,5.0,29.08464,48.843933,2.3532898,368.7372,NaN,2.916,82.99355,29.5,6 / 25,14667,2022-01-10 17:04:47:196
-1.459323,6.899704,6.119943,-1.031137,7.444068,6.300239,0.137218,-1.034834,1.807298,1.626744,0.111583,-0.299597,61.0,3.75,-29.475,-18.3,191.9746,-49.3835,9.295,5.0,29.08464,48.843933,2.3532898,368.7372,NaN,2.916,82.99355,29.5,6 / 25,14673,2022-01-10 17:04:47:202
-1.459323,6.899704,6.119943,-1.031137,7.444068,6.300239,0.137218,-1.034834,1.807298,1.626744,0.111583,-0.299597,61.0,3.75,-29.475,-18.3,191.9746,-49.3835,9.295,5.0,29.08464,48.843933,2.3532898,368.7372,NaN,2.916,82.99355,29.5,6 / 25,14678,2022-01-10 17:04:47:207
-1.459323,6.899704,6.119943,-1.031137,7.444068,6.300239,0.137218,-1.034834,1.807298,1.626744,0.111583,-0.299597,61.0,3.75,-29.475,-18.3,191.9746,-49.3835,9.295,5.0,29.08464,48.843933,2.3532898,368.7372,NaN,2.916,82.99355,29.5,6 / 25,14682,2022-01-10 17:04:47:211
-1.459323,6.899704,6.119943,-1.031137,7.444068,6.300239,0.137218,-1.034834,1.807298,1.626744,0.111583,-0.299597,61.0,3.75,-29.475,-18.3,191.9746,-49.3835,9.295,5.0,29.08464,48.843933,2.3532898,368.7372,NaN,2.916,82.99355,29.5,6 / 25,14688,2022-01-10 17:04:47:217
-1.459323,6.899704,6.119943,-1.031137,7.444068,6.300239,0.137218,-1.034834,1.807298,1.626744,0.111583,-0.299597,61.0,3.75,-29.475,-18.3,191.9746,-49.3835,9.295,5.0,29.08464,48.843933,2.3532898,368.7372,NaN,2.916,82.99355,29.5,6 / 25,14693,2022-01-10 17:04:47:222
-1.459323,6.899704,6.119943,-1.031137,7.444068,6.300239,0.137218,-1.034834,1.807298,1.626744,0.111583,-0.299597,61.0,3.75,-29.475,-18.3,191.9746,-49.3835,9.295,5.0,29.08464,48.843933,2.3532898,368.7372,NaN,2.916,82.99355,29.5,6 / 25,14697,2022-01-10 17:04:47:226
-1.459323,6.899704,6.119943,-1.031137,7.444068,6.300239,0.137218,-1.034834,1.807298,1.626744,0.111583,-0.299597,61.0,3.75,-29.475,-18.3,191.9746,-49.3835,9.295,5.0,29.08464,48.843933,2.3532898,368.7372,NaN,2.916,82.99355,29.5,6 / 25,14702,2022-01-10 17:04:47:231
-1.459323,6.899704,6.119943,-1.253918,8.24208,5.163933,0.137218,-1.034834,1.807298,1.626744,0.111583,-0.299597,61.0,3.75,-29.475,-18.3,191.9746,-49.3835,9.295,5.0,29.08464,48.843933,2.3532898,368.7372,NaN,2.916,82.99355,29.5,6 / 25,14708,2022-01-10 17:04:47:237
-1.459323,6.899704,6.119943,-1.253918,8.24208,5.163933,-0.049886,-0.737648,-0.505539,1.626744,0.111583,-0.299597,61.0,3.75,-29.475,-18.3,191.9746,-49.3835,9.295,5.0,29.08464,48.843933,2.3532898,368.7372,NaN,2.916,82.99355,29.5,6 / 25,14713,2022-01-10 17:04:47:242
-1.459323,6.899704,6.119943,-1.253918,8.24208,5.163933,-0.049886,-0.737648,-0.505539,1.626744,0.111583,-0.299597,61.0,3.75,-29.475,-18.3,191.9746,-49.3835,9.295,5.0,29.08464,48.843933,2.3532898,368.7372,NaN,2.916,82.99355,29.5,6 / 25,14718,2022-01-10 17:04:47:247
-1.459323,6.899704,6.119943,-1.253918,8.24208,5.163933,-0.049886,-0.737648,-0.505539,1.626744,0.111583,-0.299597,61.0,3.75,-29.475,-18.3,191.9746,-49.3835,9.295,5.0,29.08464,48.843933,2.3532898,368.7372,NaN,2.916,82.99355,29.5,6 / 25,14722,2022-01-10 17:04:47:251
-1.459323,6.899704,6.119943,-1.253918,8.24208,5.163933,-0.049886,-0.737648,-0.505539,1.626744,0.111583,-0.299597,61.0,3.75,-29.475,-18.3,191.9746,-49.3835,9.295,5.0,29.08464,48.843933,2.3532898,368.7372,NaN,2.916,82.99355,29.5,6 / 25,14728,2022-01-10 17:04:47:257
-1.459323,6.899704,6.119943,-1.253918,8.24208,5.163933,-0.049886,-0.737648,-0.505539,1.626744,0.111583,-0.299597,61.0,3.75,-29.475,-18.3,191.9746,-49.3835,9.295,5.0,29.08464,48.843933,2.3532898,368.7372,NaN,2.916,82.99355,29.5,6 / 25,14732,2022-01-10 17:04:47:261
-1.455733,7.881659,2.820241,-1.253918,8.24208,5.163933,-0.049886,-0.737648,-0.505539,1.626744,0.111583,-0.299597,61.0,3.75,-29.475,-18.3,191.9746,-49.3835,9.295,5.0,29.08464,48.843933,2.3532898,368.7372,NaN,2.916,82.99355,29.5,6 / 25,14738,2022-01-10 17:04:47:267
-1.455733,7.881659,2.820241,-1.253918,8.24208,5.163933,-0.049886,-0.737648,-0.505539,1.626744,0.111583,-0.299597,61.0,3.75,-29.475,-18.3,191.9746,-49.3835,9.295,5.0,29.08464,48.843933,2.3532898,368.7372,NaN,2.916,82.99355,29.5,6 / 25,14742,2022-01-10 17:04:47:271
-1.455733,7.881659,2.820241,-1.253918,8.24208,5.163933,-0.049886,-0.737648,-0.505539,1.626744,0.111583,-0.299597,61.0,3.75,-29.475,-18.3,191.9746,-49.3835,9.295,5.0,29.08464,48.843933,2.3532898,368.7372,NaN,2.916,82.99355,29.5,6 / 25,14747,2022-01-10 17:04:47:276
-1.455733,7.881659,2.820241,-1.253918,8.24208,5.163933,-0.049886,-0.737648,-0.505539,1.626744,0.111583,-0.299597,61.0,3.75,-29.475,-18.3,191.9746,-49.3835,9.295,5.0,29.08464,48.843933,2.3532898,368.7372,NaN,2.916,82.99355,29.5,6 / 25,14753,2022-01-10 17:04:47:282
-1.455733,7.881659,2.820241,-1.253918,8.24208,5.163933,-0.049886,-0.737648,-0.505539,1.626744,0.111583,-0.299597,61.0,3.75,-29.475,-18.3,191.9746,-49.3835,9.295,5.0,29.08464,48.843933,2.3532898,368.7372,NaN,2.916,82.99355,29.5,6 / 25,14758,2022-01-10 17:04:47:287
-1.455733,7.881659,2.820241,-1.253918,8.24208,5.163933,-0.049886,-0.737648,-0.505539,1.626744,0.111583,-0.299597,61.0,3.75,-29.475,-18.3,191.9746,-49.3835,9.295,5.0,29.08464,48.843933,2.3532898,368.7372,NaN,2.916,82.99355,29.5,6 / 25,14762,2022-01-10 17:04:47:291
-1.455733,7.881659,2.820241,-1.253918,8.24208,5.163933,-0.049886,-0.737648,-0.505539,-1.49612,-1.344058,0.277227,61.0,3.75,-29.475,-18.3,191.9746,-49.3835,9.295,5.0,29.08464,48.843933,2.3532898,368.7372,NaN,2.916,82.99355,29.5,6 / 25,14767,2022-01-10 17:04:47:296
-1.455733,7.881659,2.820241,-1.253918,8.24208,5.163933,-0.049886,-0.737648,-0.505539,-1.49612,-1.344058,0.277227,61.0,3.75,-29.475,-18.3,191.9746,-49.3835,9.295,5.0,29.08464,48.843933,2.3532898,368.7372,NaN,2.916,82.99355,29.5,6 / 25,14772,2022-01-10 17:04:47:301
-1.455733,7.881659,2.820241,-1.253918,8.24208,5.163933,-0.049886,-0.737648,-0.505539,-1.49612,-1.344058,0.277227,61.0,3.75,-29.475,-18.3,191.9746,-49.3835,9.295,5.0,29.08464,48.843933,2.3532898,368.7372,NaN,2.916,82.99355,29.5,6 / 25,14778,2022-01-10 17:04:47:307
-1.455733,7.881659,2.820241,-1.253918,8.24208,5.163933,-0.049886,-0.737648,-0.505539,-1.49612,-1.344058,0.277227,61.0,3.75,-29.475,-18.3,191.9746,-49.3835,9.295,5.0,29.08464,48.843933,2.3532898,368.7372,NaN,2.916,82.99355,29.5,6 / 25,14784,2022-01-10 17:04:47:313
-1.455733,7.881659,2.820241,-1.253918,8.24208,5.163933,-0.049886,-0.737648,-0.505539,-1.49612,-1.344058,0.277227,63.0,3.75,-29.475,-18.3,191.9746,-49.3835,9.295,5.0,29.08464,48.843933,2.3532898,368.7372,NaN,2.916,82.99355,29.5,6 / 25,14788,2022-01-10 17:04:47:317
-1.455733,7.881659,2.820241,-1.253918,8.24208,5.163933,-0.049886,-0.737648,-0.505539,-1.49612,-1.344058,0.277227,63.0,3.75,-29.475,-18.3,191.9746,-49.3835,9.295,5.0,29.08464,48.843933,2.3532898,368.7372,NaN,2.916,82.99355,29.5,6 / 25,14792,2022-01-10 17:04:47:321
-1.455733,7.881659,2.820241,-1.253918,8.24208,5.163933,-0.049886,-0.737648,-0.505539,-1.49612,-1.344058,0.277227,63.0,3.75,-29.475,-18.3,191.9746,-49.3835,9.295,5.0,29.08464,48.843933,2.3532898,368.7372,NaN,2.916,82.99355,29.5,6 / 25,14797,2022-01-10 17:04:47:326
-1.455733,7.881659,2.820241,-1.253918,8.24208,5.163933,-0.049886,-0.737648,-0.505539,-1.49612,-1.344058,0.277227,63.0,4.2,-33.225,-10.65,189.0536,-57.1885,13.6485,5.0,29.08464,48.843933,2.3532898,368.7372,NaN,2.916,82.99355,29.5,6 / 25,14803,2022-01-10 17:04:47:332
-1.455733,7.881659,2.820241,-1.253918,8.24208,5.163933,-0.049886,-0.737648,-0.505539,-1.49612,-1.344058,0.277227,63.0,4.2,-33.225,-10.65,189.0536,-57.1885,13.6485,5.0,29.08464,48.843933,2.3532898,368.7372,NaN,2.916,82.99355,29.5,6 / 25,14807,2022-01-10 17:04:47:336
-1.455733,7.881659,2.820241,-1.253918,8.24208,5.163933,-0.049886,-0.737648,-0.505539,-1.49612,-1.344058,0.277227,63.0,4.2,-33.225,-10.65,189.0536,-57.1885,13.6485,5.0,29.08464,48.843933,2.3532898,368.7372,NaN,2.916,82.99355,29.5,6 / 25,14813,2022-01-10 17:04:47:342
-1.455733,7.881659,2.820241,-1.253918,8.24208,5.163933,-0.049886,-0.737648,-0.505539,-1.49612,-1.344058,0.277227,63.0,4.2,-33.225,-10.65,189.0536,-57.1885,13.6485,5.0,29.08464,48.843933,2.3532898,368.7372,NaN,2.916,82.99355,29.5,6 / 25,14818,2022-01-10 17:04:47:347
-1.455733,7.881659,2.820241,-1.253918,8.24208,5.163933,-0.049886,-0.737648,-0.505539,-1.49612,-1.344058,0.277227,63.0,4.2,-33.225,-10.65,189.0536,-57.1885,13.6485,5.0,29.08464,48.843933,2.3532898,368.7372,NaN,2.916,82.99355,29.5,6 / 25,14822,2022-01-10 17:04:47:351
-1.455733,7.881659,2.820241,-1.253918,8.24208,5.163933,-0.049886,1.17303,-4.277086,-1.49612,-1.344058,0.277227,63.0,4.2,-33.225,-10.65,189.0536,-57.1885,13.6485,5.0,29.08464,48.843933,2.3532898,368.7372,NaN,2.916,82.99355,29.5,6 / 25,14828,2022-01-10 17:04:47:357
0.592523,4.513761,5.179863,0.534963,6.355407,7.449363,-1.856327,1.17303,-4.277086,-1.49612,-1.344058,0.277227,63.0,4.2,-33.225,-10.65,189.0536,-57.1885,13.6485,5.0,29.08464,48.843933,2.3532898,368.7372,NaN,2.916,82.99355,29.5,6 / 25,14832,2022-01-10 17:04:47:361
0.592523,4.513761,5.179863,0.534963,6.355407,7.449363,-1.856327,1.17303,-4.277086,-1.49612,-1.344058,0.277227,63.0,4.2,-33.225,-10.65,189.0536,-57.1885,13.6485,5.0,29.08464,48.843933,2.3532898,368.7372,NaN,2.916,82.99355,29.5,6 / 25,14837,2022-01-10 17:04:47:366
0.592523,4.513761,5.179863,0.534963,6.355407,7.449363,-1.856327,1.17303,-4.277086,-1.49612,-1.344058,0.277227,63.0,4.2,-33.225,-10.65,189.0536,-57.1885,13.6485,5.0,29.08464,48.843933,2.3532898,368.7372,NaN,2.916,82.99355,29.5,6 / 25,14845,2022-01-10 17:04:47:374
0.592523,4.513761,5.179863,0.534963,6.355407,7.449363,-1.856327,1.17303,-4.277086,-1.49612,-1.344058,0.277227,63.0,4.2,-33.225,-10.65,189.0536,-57.1885,13.6485,5.0,29.08464,48.843933,2.3532898,368.7372,NaN,2.916,82.99355,29.5,6 / 25,14849,2022-01-10 17:04:47:378
0.592523,4.513761,5.179863,0.534963,6.355407,7.449363,-1.856327,1.17303,-4.277086,-1.49612,-1.344058,0.277227,63.0,4.2,-33.225,-10.65,189.0536,-57.1885,13.6485,5.0,29.08464,48.84394,2.353304,373.3438,NaN,3.312,89.909676,18.7,6 / 25,14853,2022-01-10 17:04:47:382
0.592523,4.513761,5.179863,0.534963,6.355407,7.449363,-1.856327,1.17303,-4.277086,-1.49612,-1.344058,0.277227,63.0,4.2,-33.225,-10.65,189.0536,-57.1885,13.6485,5.0,29.08464,48.84394,2.353304,373.3438,NaN,3.312,89.909676,18.7,6 / 25,14858,2022-01-10 17:04:47:387
0.592523,4.513761,5.179863,0.534963,6.355407,7.449363,-1.856327,1.17303,-4.277086,-1.49612,-1.344058,0.277227,63.0,4.2,-33.225,-10.65,189.0536,-57.1885,13.6485,5.0,29.08464,48.84394,2.353304,373.3438,NaN,3.312,89.909676,18.7,6 / 25,14863,2022-01-10 17:04:47:392
0.592523,4.513761,5.179863,0.534963,6.355407,7.449363,-1.856327,1.17303,-4.277086,-1.49612,-1.344058,0.277227,63.0,4.2,-33.225,-10.65,189.0536,-57.1885,13.6485,5.0,29.08464,48.84394,2.353304,373.3438,NaN,3.312,89.909676,18.7,6 / 25,14868,2022-01-10 17:04:47:397
0.592523,4.513761,5.179863,0.534963,6.355407,7.449363,-1.856327,1.17303,-4.277086,-1.49612,-1.344058,0.277227,63.0,4.2,-33.225,-10.65,189.0536,-57.1885,13.6485,5.0,29.08464,48.84394,2.353304,373.3438,NaN,3.312,89.909676,18.7,6 / 25,14872,2022-01-10 17:04:47:401
0.592523,4.513761,5.179863,0.534963,6.355407,7.449363,-1.856327,1.17303,-4.277086,-1.49612,-1.344058,0.277227,63.0,4.2,-33.225,-10.65,189.0536,-57.1885,13.6485,5.0,29.08464,48.84394,2.353304,373.3438,NaN,3.312,89.909676,18.7,6 / 25,14878,2022-01-10 17:04:47:407
0.592523,4.513761,5.179863,0.534963,6.355407,7.449363,-1.856327,1.17303,-4.277086,-1.49612,-1.344058,0.277227,63.0,4.2,-33.225,-10.65,189.0536,-57.1885,13.6485,5.0,29.08464,48.84394,2.353304,373.3438,NaN,3.312,89.909676,18.7,6 / 25,14884,2022-01-10 17:04:47:413
0.592523,4.513761,5.179863,0.534963,6.355407,7.449363,-1.856327,1.17303,-4.277086,-1.49612,-1.344058,0.277227,63.0,4.2,-33.225,-10.65,189.0536,-57.1885,13.6485,5.0,29.08464,48.84394,2.353304,373.3438,NaN,3.312,89.909676,18.7,6 / 25,14887,2022-01-10 17:04:47:416
0.592523,4.513761,5.179863,0.534963,6.355407,7.449363,-1.856327,1.17303,-4.277086,-4.483832,1.522085,0.459249,63.0,4.2,-33.225,-10.65,189.0536,-57.1885,13.6485,5.0,29.08464,48.84394,2.353304,373.3438,NaN,3.312,89.909676,18.7,6 / 25,14893,2022-01-10 17:04:47:422
0.592523,4.513761,5.179863,0.534963,6.355407,7.449363,-1.856327,1.17303,-4.277086,-4.483832,1.522085,0.459249,63.0,4.2,-33.225,-10.65,189.0536,-57.1885,13.6485,5.0,29.08464,48.84394,2.353304,373.3438,NaN,3.312,89.909676,18.7,6 / 25,14898,2022-01-10 17:04:47:427
0.592523,4.513761,5.179863,0.534963,6.355407,7.449363,-1.856327,1.17303,-4.277086,-4.483832,1.522085,0.459249,63.0,4.2,-33.225,-10.65,189.0536,-57.1885,13.6485,5.0,29.08464,48.84394,2.353304,373.3438,NaN,3.312,89.909676,18.7,6 / 25,14903,2022-01-10 17:04:47:432
0.592523,4.513761,5.179863,0.534963,6.355407,7.449363,-1.856327,1.17303,-4.277086,-4.483832,1.522085,0.459249,63.0,4.2,-33.225,-10.65,189.0536,-57.1885,13.6485,5.0,29.08464,48.84394,2.353304,373.3438,NaN,3.312,89.909676,18.7,6 / 25,14909,2022-01-10 17:04:47:438
0.592523,4.513761,5.179863,0.534963,6.355407,7.449363,-1.856327,1.17303,-4.277086,-4.483832,1.522085,0.459249,63.0,4.2,-33.225,-10.65,189.0536,-57.1885,13.6485,5.0,29.08464,48.84394,2.353304,373.3438,NaN,3.312,89.909676,18.7,6 / 25,14913,2022-01-10 17:04:47:442
0.592523,4.513761,5.179863,0.534963,6.355407,7.449363,-1.856327,1.17303,-4.277086,-4.483832,1.522085,0.459249,63.0,4.2,-33.225,-10.65,189.0536,-57.1885,13.6485,5.0,32.98552,48.84394,2.353304,373.3438,NaN,3.312,89.909676,18.7,6 / 25,14917,2022-01-10 17:04:47:446
0.592523,4.513761,5.179863,0.534963,6.355407,7.449363,-1.856327,1.17303,-4.277086,-4.483832,1.522085,0.459249,63.0,4.2,-33.225,-10.65,189.0536,-57.1885,13.6485,5.0,32.98552,48.84394,2.353304,373.3438,NaN,3.312,89.909676,18.7,6 / 25,14924,2022-01-10 17:04:47:453
0.592523,4.513761,5.179863,0.534963,6.355407,7.449363,-1.856327,1.17303,-4.277086,-4.483832,1.522085,0.459249,63.0,4.2,-33.225,-10.65,189.0536,-57.1885,13.6485,5.0,32.98552,48.84394,2.353304,373.3438,NaN,3.312,89.909676,18.7,6 / 25,14929,2022-01-10 17:04:47:458
-3.446263,0.604188,9.825827,0.534963,6.355407,7.449363,-1.856327,1.17303,-4.277086,-4.483832,1.522085,0.459249,63.0,4.5,-34.725,-9.15,194.965,-40.3963,-4.1075,5.0,32.98552,48.84394,2.353304,373.3438,NaN,3.312,89.909676,18.7,6 / 25,14935,2022-01-10 17:04:47:464
-3.446263,0.604188,9.825827,0.534963,6.355407,7.449363,-1.856327,1.17303,-4.277086,-4.483832,1.522085,0.459249,63.0,4.5,-34.725,-9.15,194.965,-40.3963,-4.1075,5.0,32.98552,48.84394,2.353304,373.3438,NaN,3.312,89.909676,18.7,6 / 25,14938,2022-01-10 17:04:47:467
-3.446263,0.604188,9.825827,0.534963,6.355407,7.449363,-1.856327,1.17303,-4.277086,-4.483832,1.522085,0.459249,63.0,4.5,-34.725,-9.15,194.965,-40.3963,-4.1075,5.0,32.98552,48.84394,2.353304,373.3438,NaN,3.312,89.909676,18.7,6 / 25,14944,2022-01-10 17:04:47:473
-3.446263,0.604188,9.825827,0.534963,6.355407,7.449363,-1.856327,1.17303,-4.277086,-4.483832,1.522085,0.459249,63.0,4.5,-34.725,-9.15,194.965,-40.3963,-4.1075,5.0,32.98552,48.84394,2.353304,373.3438,NaN,3.312,89.909676,18.7,6 / 25,14949,2022-01-10 17:04:47:478
-3.446263,0.604188,9.825827,0.534963,6.355407,7.449363,-1.856327,1.17303,-4.277086,-4.483832,1.522085,0.459249,63.0,4.5,-34.725,-9.15,194.965,-40.3963,-4.1075,5.0,32.98552,48.84394,2.353304,373.3438,NaN,3.312,89.909676,18.7,6 / 25,14953,2022-01-10 17:04:47:482
-3.446263,0.604188,9.825827,-1.082146,1.681929,9.600545,-0.263267,0.094747,-1.964772,-4.483832,1.522085,0.459249,26.0,4.5,-34.725,-9.15,194.965,-40.3963,-4.1075,5.0,32.98552,48.84394,2.353304,373.3438,NaN,3.312,89.909676,18.7,6 / 25,14957,2022-01-10 17:04:47:486
-3.446263,0.604188,9.825827,-1.082146,1.681929,9.600545,-0.263267,0.094747,-1.964772,-4.483832,1.522085,0.459249,26.0,4.5,-34.725,-9.15,194.965,-40.3963,-4.1075,5.0,32.98552,48.84394,2.353304,373.3438,NaN,3.312,89.909676,18.7,6 / 25,14963,2022-01-10 17:04:47:492
-3.446263,0.604188,9.825827,-1.082146,1.681929,9.600545,-0.263267,0.094747,-1.964772,-4.483832,1.522085,0.459249,26.0,4.5,-34.725,-9.15,194.965,-40.3963,-4.1075,5.0,32.98552,48.84394,2.353304,373.3438,NaN,3.312,89.909676,18.7,6 / 25,14968,2022-01-10 17:04:47:497
-3.446263,0.604188,9.825827,-1.082146,1.681929,9.600545,-0.263267,0.094747,-1.964772,-4.483832,1.522085,0.459249,26.0,4.5,-34.725,-9.15,194.965,-40.3963,-4.1075,5.0,32.98552,48.84394,2.353304,373.3438,NaN,3.312,89.909676,18.7,6 / 25,14974,2022-01-10 17:04:47:503
-3.446263,0.604188,9.825827,-1.082146,1.681929,9.600545,-0.263267,0.094747,-1.964772,-4.483832,1.522085,0.459249,26.0,4.5,-34.725,-9.15,194.965,-40.3963,-4.1075,5.0,32.98552,48.84394,2.353304,373.3438,NaN,3.312,89.909676,18.7,6 / 25,14978,2022-01-10 17:04:47:507
-3.446263,0.604188,9.825827,-1.082146,1.681929,9.600545,-0.263267,0.094747,-1.964772,-4.483832,1.522085,0.459249,26.0,4.5,-34.725,-9.15,194.965,-40.3963,-4.1075,5.0,32.98552,48.84394,2.353304,373.3438,NaN,3.312,89.909676,18.7,6 / 25,14982,2022-01-10 17:04:47:511
-3.446263,0.604188,9.825827,-1.082146,1.681929,9.600545,-0.263267,0.094747,-1.964772,-4.483832,1.522085,0.459249,26.0,4.5,-34.725,-9.15,194.965,-40.3963,-4.1075,5.0,32.98552,48.84394,2.353304,373.3438,NaN,3.312,89.909676,18.7,6 / 25,14988,2022-01-10 17:04:47:517
-3.446263,0.604188,9.825827,-1.082146,1.681929,9.600545,-0.263267,0.094747,-1.964772,-4.483832,1.522085,0.459249,26.0,4.5,-34.725,-9.15,194.965,-40.3963,-4.1075,5.0,32.98552,48.84394,2.353304,373.3438,NaN,3.312,89.909676,18.7,6 / 25,14992,2022-01-10 17:04:47:521
-3.446263,0.604188,9.825827,-1.082146,1.681929,9.600545,-0.263267,0.094747,-1.964772,-4.483832,1.522085,0.459249,26.0,4.5,-34.725,-9.15,194.965,-40.3963,-4.1075,5.0,32.98552,48.84394,2.353304,373.3438,NaN,3.312,89.909676,18.7,6 / 25,14998,2022-01-10 17:04:47:527
-3.446263,0.604188,9.825827,-1.082146,1.681929,9.600545,-0.263267,0.094747,-1.964772,-4.483832,1.522085,0.459249,26.0,4.5,-34.725,-9.15,194.965,-40.3963,-4.1075,5.0,32.98552,48.84394,2.353304,373.3438,NaN,3.312,89.909676,18.7,6 / 25,15003,2022-01-10 17:04:47:532
-3.446263,0.604188,9.825827,-1.082146,1.681929,9.600545,-0.263267,0.094747,-1.964772,-4.483832,1.522085,0.459249,26.0,4.5,-34.725,-9.15,194.965,-40.3963,-4.1075,5.0,32.98552,48.84394,2.353304,373.3438,NaN,3.312,89.909676,18.7,6 / 25,15008,2022-01-10 17:04:47:537
-3.446263,0.604188,9.825827,-1.082146,1.681929,9.600545,-0.263267,0.094747,-1.964772,-4.483832,1.522085,0.459249,26.0,4.5,-34.725,-9.15,194.965,-40.3963,-4.1075,5.0,32.98552,48.84394,2.353304,373.3438,NaN,3.312,89.909676,18.7,6 / 25,15012,2022-01-10 17:04:47:541
-3.446263,0.604188,9.825827,-1.082146,1.681929,9.600545,-0.263267,0.094747,-1.964772,-4.483832,1.522085,0.459249,26.0,4.5,-34.725,-9.15,194.965,-40.3963,-4.1075,5.0,32.98552,48.84394,2.353304,373.3438,NaN,3.312,89.909676,18.7,6 / 25,15017,2022-01-10 17:04:47:546
-3.446263,0.604188,9.825827,-1.082146,1.681929,9.600545,-0.263267,0.094747,-1.964772,-4.483832,1.522085,0.459249,26.0,4.5,-34.725,-9.15,194.965,-40.3963,-4.1075,5.0,32.98552,48.84394,2.353304,373.3438,NaN,3.312,89.909676,18.7,6 / 25,15022,2022-01-10 17:04:47:551
-3.661916,-0.599402,15.577275,-1.082146,1.681929,9.600545,-0.263267,0.094747,-1.964772,-4.483832,1.522085,0.459249,26.0,4.5,-34.725,-9.15,194.965,-40.3963,-4.1075,5.0,32.98552,48.84394,2.353304,373.3438,NaN,3.312,89.909676,18.7,6 / 25,15028,2022-01-10 17:04:47:557
-3.661916,-0.599402,15.577275,-1.082146,1.681929,9.600545,-0.263267,0.094747,-1.964772,-4.483832,1.522085,0.459249,26.0,4.5,-34.725,-9.15,194.965,-40.3963,-4.1075,5.0,32.98552,48.84394,2.353304,373.3438,NaN,3.312,89.909676,18.7,6 / 25,15033,2022-01-10 17:04:47:562
-3.661916,-0.599402,15.577275,-1.082146,1.681929,9.600545,-0.263267,0.094747,-1.964772,-4.483832,1.522085,0.459249,26.0,4.5,-34.725,-9.15,194.965,-40.3963,-4.1075,5.0,32.98552,48.84394,2.353304,373.3438,NaN,3.312,89.909676,18.7,6 / 25,15038,2022-01-10 17:04:47:567
-3.661916,-0.599402,15.577275,-1.082146,1.681929,9.600545,-0.263267,0.094747,-1.964772,-0.898923,0.154592,0.221169,26.0,4.5,-34.725,-9.15,194.965,-40.3963,-4.1075,5.0,32.98552,48.84394,2.353304,373.3438,NaN,3.312,89.909676,18.7,6 / 25,15042,2022-01-10 17:04:47:571
-3.661916,-0.599402,15.577275,-1.082146,1.681929,9.600545,-0.263267,0.094747,-1.964772,-0.898923,0.154592,0.221169,26.0,4.5,-34.725,-9.15,194.965,-40.3963,-4.1075,5.0,32.98552,48.84394,2.353304,373.3438,NaN,3.312,89.909676,18.7,6 / 25,15048,2022-01-10 17:04:47:577
-3.661916,-0.599402,15.577275,-1.082146,1.681929,9.600545,-0.263267,0.094747,-1.964772,-0.898923,0.154592,0.221169,26.0,4.5,-34.725,-9.15,194.965,-40.3963,-4.1075,5.0,32.98552,48.84394,2.353304,373.3438,NaN,3.312,89.909676,18.7,6 / 25,15052,2022-01-10 17:04:47:581
-3.661916,-0.599402,15.577275,-1.082146,1.681929,9.600545,-0.263267,0.094747,-1.964772,-0.898923,0.154592,0.221169,26.0,6.0,-31.725,-13.65,188.6088,-9.8756,6.4311,5.0,32.98552,48.84394,2.353304,373.3438,NaN,3.312,89.909676,18.7,6 / 25,15057,2022-01-10 17:04:47:586
-3.661916,-0.599402,15.577275,-1.082146,1.681929,9.600545,-0.263267,0.094747,-1.964772,-0.898923,0.154592,0.221169,26.0,6.0,-31.725,-13.65,188.6088,-9.8756,6.4311,5.0,32.98552,48.84394,2.353304,373.3438,NaN,3.312,89.909676,18.7,6 / 25,15063,2022-01-10 17:04:47:592
-3.661916,-0.599402,15.577275,-1.082146,1.681929,9.600545,-0.263267,0.094747,-1.964772,-0.898923,0.154592,0.221169,26.0,6.0,-31.725,-13.65,188.6088,-9.8756,6.4311,5.0,32.98552,48.84394,2.353304,373.3438,NaN,3.312,89.909676,18.7,6 / 25,15068,2022-01-10 17:04:47:597
-3.661916,-0.599402,15.577275,-1.082146,1.681929,9.600545,-0.263267,0.094747,-1.964772,-0.898923,0.154592,0.221169,26.0,6.0,-31.725,-13.65,188.6088,-9.8756,6.4311,5.0,32.98552,48.84394,2.353304,373.3438,NaN,3.312,89.909676,18.7,6 / 25,15073,2022-01-10 17:04:47:602
-3.661916,-0.599402,15.577275,-0.738208,0.731515,9.751427,-2.861041,-1.09558,5.934899,-0.898923,0.154592,0.221169,26.0,6.0,-31.725,-13.65,188.6088,-9.8756,6.4311,5.0,32.98552,48.84394,2.353304,373.3438,NaN,3.312,89.909676,18.7,6 / 25,15077,2022-01-10 17:04:47:606
-3.661916,-0.599402,15.577275,-0.738208,0.731515,9.751427,-2.861041,-1.09558,5.934899,-0.898923,0.154592,0.221169,26.0,6.0,-31.725,-13.65,188.6088,-9.8756,6.4311,5.0,32.98552,48.84394,2.353304,373.3438,NaN,3.312,89.909676,18.7,6 / 25,15083,2022-01-10 17:04:47:612
-3.661916,-0.599402,15.577275,-0.738208,0.731515,9.751427,-2.861041,-1.09558,5.934899,-0.898923,0.154592,0.221169,26.0,6.0,-31.725,-13.65,188.6088,-9.8756,6.4311,5.0,32.98552,48.84394,2.353304,373.3438,NaN,3.312,89.909676,18.7,6 / 25,15087,2022-01-10 17:04:47:616
-3.661916,-0.599402,15.577275,-0.738208,0.731515,9.751427,-2.861041,-1.09558,5.934899,-0.898923,0.154592,0.221169,26.0,6.0,-31.725,-13.65,188.6088,-9.8756,6.4311,5.0,32.98552,48.84394,2.353304,373.3438,NaN,3.312,89.909676,18.7,6 / 25,15093,2022-01-10 17:04:47:622
-3.661916,-0.599402,15.577275,-0.738208,0.731515,9.751427,-2.861041,-1.09558,5.934899,-0.898923,0.154592,0.221169,26.0,6.0,-31.725,-13.65,188.6088,-9.8756,6.4311,5.0,32.98552,48.84394,2.353304,373.3438,NaN,3.312,89.909676,18.7,6 / 25,15097,2022-01-10 17:04:47:626
-3.661916,-0.599402,15.577275,-0.738208,0.731515,9.751427,-2.861041,-1.09558,5.934899,-0.898923,0.154592,0.221169,26.0,6.0,-31.725,-13.65,188.6088,-9.8756,6.4311,5.0,32.98552,48.84394,2.353304,373.3438,NaN,3.312,89.909676,18.7,6 / 25,15103,2022-01-10 17:04:47:632
-3.661916,-0.599402,15.577275,-0.738208,0.731515,9.751427,-2.861041,-1.09558,5.934899,-0.898923,0.154592,0.221169,26.0,6.0,-31.725,-13.65,188.6088,-9.8756,6.4311,5.0,32.98552,48.84394,2.353304,373.3438,NaN,3.312,89.909676,18.7,6 / 25,15108,2022-01-10 17:04:47:637
-3.661916,-0.599402,15.577275,-0.738208,0.731515,9.751427,-2.861041,-1.09558,5.934899,-0.898923,0.154592,0.221169,26.0,6.0,-31.725,-13.65,188.6088,-9.8756,6.4311,5.0,32.98552,48.84394,2.353304,373.3438,NaN,3.312,89.909676,18.7,6 / 25,15113,2022-01-10 17:04:47:642
-3.661916,-0.599402,15.577275,-0.738208,0.731515,9.751427,-2.861041,-1.09558,5.934899,-0.898923,0.154592,0.221169,26.0,6.0,-31.725,-13.65,188.6088,-9.8756,6.4311,5.0,32.98552,48.84394,2.353304,373.3438,NaN,3.312,89.909676,18.7,6 / 25,15118,2022-01-10 17:04:47:647
-3.661916,-0.599402,15.577275,-0.738208,0.731515,9.751427,-2.861041,-1.09558,5.934899,-0.898923,0.154592,0.221169,26.0,6.0,-31.725,-13.65,188.6088,-9.8756,6.4311,5.0,32.98552,48.84394,2.353304,373.3438,NaN,3.312,89.909676,18.7,6 / 25,15122,2022-01-10 17:04:47:651
-3.661916,-0.599402,15.577275,-0.738208,0.731515,9.751427,-2.861041,-1.09558,5.934899,-0.898923,0.154592,0.221169,26.0,6.0,-31.725,-13.65,188.6088,-9.8756,6.4311,5.0,32.98552,48.84394,2.353304,373.3438,NaN,3.312,89.909676,18.7,6 / 25,15128,2022-01-10 17:04:47:657
-3.661916,-0.599402,15.577275,-0.738208,0.731515,9.751427,-2.861041,-1.09558,5.934899,-0.898923,0.154592,0.221169,26.0,6.0,-31.725,-13.65,188.6088,-9.8756,6.4311,5.0,32.98552,48.84394,2.353304,373.3438,NaN,3.312,89.909676,18.7,6 / 25,15133,2022-01-10 17:04:47:662
-3.661916,-0.599402,15.577275,-0.738208,0.731515,9.751427,-2.861041,-1.09558,5.934899,-0.898923,0.154592,0.221169,26.0,6.0,-31.725,-13.65,188.6088,-9.8756,6.4311,5.0,32.98552,48.84394,2.353304,373.3438,NaN,3.312,89.909676,18.7,6 / 25,15137,2022-01-10 17:04:47:666
0.732503,1.033101,8.876176,-0.738208,0.731515,9.751427,-2.861041,-1.09558,5.934899,-0.898923,0.154592,0.221169,21.0,6.0,-31.725,-13.65,188.6088,-9.8756,6.4311,5.0,32.98552,48.84394,2.353304,373.3438,NaN,3.312,89.909676,18.7,6 / 25,15143,2022-01-10 17:04:47:672
0.732503,1.033101,8.876176,-0.738208,0.731515,9.751427,-2.861041,-1.09558,5.934899,-0.898923,0.154592,0.221169,21.0,6.0,-31.725,-13.65,188.6088,-9.8756,6.4311,5.0,32.98552,48.84394,2.353304,373.3438,NaN,3.312,89.909676,18.7,6 / 25,15147,2022-01-10 17:04:47:676
0.732503,1.033101,8.876176,-0.738208,0.731515,9.751427,-2.861041,-1.09558,5.934899,-0.898923,0.154592,0.221169,21.0,6.0,-31.725,-13.65,188.6088,-9.8756,6.4311,5.0,32.98552,48.84394,2.353304,373.3438,NaN,3.312,89.909676,18.7,6 / 25,15153,2022-01-10 17:04:47:682
0.732503,1.033101,8.876176,-0.738208,0.731515,9.751427,-2.861041,-1.09558,5.934899,-0.898923,0.154592,0.221169,21.0,6.0,-31.725,-13.65,188.6088,-9.8756,6.4311,5.0,32.98552,48.84394,2.353304,373.3438,NaN,3.312,89.909676,18.7,6 / 25,15157,2022-01-10 17:04:47:686
0.732503,1.033101,8.876176,-0.738208,0.731515,9.751427,-2.861041,-1.09558,5.934899,-0.898923,0.154592,0.221169,21.0,6.0,-31.725,-13.65,188.6088,-9.8756,6.4311,5.0,32.98552,48.84394,2.353304,373.3438,NaN,3.312,89.909676,18.7,6 / 25,15163,2022-01-10 17:04:47:692
0.732503,1.033101,8.876176,-0.738208,0.731515,9.751427,-2.861041,-1.09558,5.934899,-0.898923,0.154592,0.221169,21.0,6.0,-31.725,-13.65,188.6088,-9.8756,6.4311,5.0,32.98552,48.84394,2.353304,373.3438,NaN,3.312,89.909676,18.7,6 / 25,15168,2022-01-10 17:04:47:697
0.732503,1.033101,8.876176,-0.738208,0.731515,9.751427,-2.861041,-1.09558,5.934899,-0.898923,0.154592,0.221169,21.0,6.0,-31.725,-13.65,188.6088,-9.8756,6.4311,5.0,32.98552,48.84394,2.353304,373.3438,NaN,3.312,89.909676,18.7,6 / 25,15173,2022-01-10 17:04:47:702
0.732503,1.033101,8.876176,-0.738208,0.731515,9.751427,-2.861041,-1.09558,5.934899,-0.214778,-5.587147,-0.417704,21.0,6.0,-31.725,-13.65,188.6088,-9.8756,6.4311,5.0,32.98552,48.84394,2.353304,373.3438,NaN,3.312,89.909676,18.7,6 / 25,15178,2022-01-10 17:04:47:707
0.732503,1.033101,8.876176,-0.738208,0.731515,9.751427,-2.861041,-1.09558,5.934899,-0.214778,-5.587147,-0.417704,21.0,6.0,-31.725,-13.65,188.6088,-9.8756,6.4311,5.0,32.98552,48.84394,2.353304,373.3438,NaN,3.312,89.909676,18.7,6 / 25,15182,2022-01-10 17:04:47:711
0.732503,1.033101,8.876176,-0.738208,0.731515,9.751427,-2.861041,-1.09558,5.934899,-0.214778,-5.587147,-0.417704,21.0,6.0,-31.725,-13.65,188.6088,-9.8756,6.4311,5.0,32.98552,48.84394,2.353304,373.3438,NaN,3.312,89.909676,18.7,6 / 25,15188,2022-01-10 17:04:47:717
0.732503,1.033101,8.876176,-0.738208,0.731515,9.751427,-2.861041,-1.09558,5.934899,-0.214778,-5.587147,-0.417704,21.0,6.0,-31.725,-13.65,188.6088,-9.8756,6.4311,5.0,32.98552,48.84394,2.353304,373.3438,NaN,3.312,89.909676,18.7,6 / 25,15193,2022-01-10 17:04:47:722
0.732503,1.033101,8.876176,5.112477,1.019306,8.306262,-4.15688,0.0399,0.900675,-0.214778,-5.587147,-0.417704,21.0,3.375,-28.725,-20.625,182.9444,-4.2779,4.3292,5.0,32.98552,48.84394,2.353304,373.3438,NaN,3.312,89.909676,18.7,6 / 25,15197,2022-01-10 17:04:47:726
0.732503,1.033101,8.876176,5.112477,1.019306,8.306262,-4.15688,0.0399,0.900675,-0.214778,-5.587147,-0.417704,21.0,3.375,-28.725,-20.625,182.9444,-4.2779,4.3292,5.0,32.98552,48.84394,2.353304,373.3438,NaN,3.312,89.909676,18.7,6 / 25,15203,2022-01-10 17:04:47:732
0.732503,1.033101,8.876176,5.112477,1.019306,8.306262,-4.15688,0.0399,0.900675,-0.214778,-5.587147,-0.417704,21.0,3.375,-28.725,-20.625,182.9444,-4.2779,4.3292,5.0,32.98552,48.84394,2.353304,373.3438,NaN,3.312,89.909676,18.7,6 / 25,15208,2022-01-10 17:04:47:737
0.732503,1.033101,8.876176,5.112477,1.019306,8.306262,-4.15688,0.0399,0.900675,-0.214778,-5.587147,-0.417704,21.0,3.375,-28.725,-20.625,182.9444,-4.2779,4.3292,5.0,32.98552,48.84394,2.353304,373.3438,NaN,3.312,89.909676,18.7,6 / 25,15212,2022-01-10 17:04:47:741
0.732503,1.033101,8.876176,5.112477,1.019306,8.306262,-4.15688,0.0399,0.900675,-0.214778,-5.587147,-0.417704,21.0,3.375,-28.725,-20.625,182.9444,-4.2779,4.3292,5.0,32.98552,48.84394,2.353304,373.3438,NaN,3.312,89.909676,18.7,6 / 25,15218,2022-01-10 17:04:47:747
0.732503,1.033101,8.876176,5.112477,1.019306,8.306262,-4.15688,0.0399,0.900675,-0.214778,-5.587147,-0.417704,21.0,3.375,-28.725,-20.625,182.9444,-4.2779,4.3292,5.0,32.98552,48.84394,2.353304,373.3438,NaN,3.312,89.909676,18.7,6 / 25,15222,2022-01-10 17:04:47:751
4.723432,1.548156,6.419345,5.112477,1.019306,8.306262,-4.15688,0.0399,0.900675,-0.214778,-5.587147,-0.417704,21.0,3.375,-28.725,-20.625,182.9444,-4.2779,4.3292,5.0,32.98552,48.84394,2.353304,373.3438,NaN,3.312,89.909676,18.7,6 / 25,15228,2022-01-10 17:04:47:757
4.723432,1.548156,6.419345,5.112477,1.019306,8.306262,-4.15688,0.0399,0.900675,-0.214778,-5.587147,-0.417704,21.0,3.375,-28.725,-20.625,182.9444,-4.2779,4.3292,5.0,28.25743,48.84394,2.353304,373.3438,NaN,3.312,89.909676,18.7,6 / 25,15232,2022-01-10 17:04:47:761
4.723432,1.548156,6.419345,5.112477,1.019306,8.306262,-4.15688,0.0399,0.900675,-0.214778,-5.587147,-0.417704,21.0,3.375,-28.725,-20.625,182.9444,-4.2779,4.3292,5.0,28.25743,48.84394,2.353304,373.3438,NaN,3.312,89.909676,18.7,6 / 25,15238,2022-01-10 17:04:47:767
4.723432,1.548156,6.419345,5.112477,1.019306,8.306262,-4.15688,0.0399,0.900675,-0.214778,-5.587147,-0.417704,21.0,3.375,-28.725,-20.625,182.9444,-4.2779,4.3292,5.0,28.25743,48.84394,2.353304,373.3438,NaN,3.312,89.909676,18.7,6 / 25,15243,2022-01-10 17:04:47:772
4.723432,1.548156,6.419345,5.112477,1.019306,8.306262,-4.15688,0.0399,0.900675,-0.214778,-5.587147,-0.417704,21.0,3.375,-28.725,-20.625,182.9444,-4.2779,4.3292,5.0,28.25743,48.84394,2.353304,373.3438,NaN,3.312,89.909676,18.7,6 / 25,15248,2022-01-10 17:04:47:777
4.723432,1.548156,6.419345,5.112477,1.019306,8.306262,-4.15688,0.0399,0.900675,-0.214778,-5.587147,-0.417704,21.0,3.375,-28.725,-20.625,182.9444,-4.2779,4.3292,5.0,28.25743,48.84394,2.353304,373.3438,NaN,3.312,89.909676,18.7,6 / 25,15253,2022-01-10 17:04:47:782
4.723432,1.548156,6.419345,5.112477,1.019306,8.306262,-4.15688,0.0399,0.900675,-0.214778,-5.587147,-0.417704,21.0,3.375,-28.725,-20.625,182.9444,-4.2779,4.3292,5.0,28.25743,48.84394,2.353304,373.3438,NaN,3.312,89.909676,18.7,6 / 25,15258,2022-01-10 17:04:47:787
4.723432,1.548156,6.419345,5.112477,1.019306,8.306262,-4.15688,0.0399,0.900675,-0.214778,-5.587147,-0.417704,21.0,3.375,-28.725,-20.625,182.9444,-4.2779,4.3292,5.0,28.25743,48.84394,2.353304,373.3438,NaN,3.312,89.909676,18.7,6 / 25,15263,2022-01-10 17:04:47:792
4.723432,1.548156,6.419345,5.112477,1.019306,8.306262,-4.15688,0.0399,0.900675,-0.214778,-5.587147,-0.417704,21.0,3.375,-28.725,-20.625,182.9444,-4.2779,4.3292,5.0,28.25743,48.84394,2.353304,373.3438,NaN,3.312,89.909676,18.7,6 / 25,15267,2022-01-10 17:04:47:796
4.723432,1.548156,6.419345,5.112477,1.019306,8.306262,-4.15688,0.0399,0.900675,-0.214778,-5.587147,-0.417704,21.0,3.375,-28.725,-20.625,182.9444,-4.2779,4.3292,5.0,28.25743,48.84394,2.353304,373.3438,NaN,3.312,89.909676,18.7,6 / 25,15273,2022-01-10 17:04:47:802
4.723432,1.548156,6.419345,5.112477,1.019306,8.306262,-4.15688,0.0399,0.900675,-0.214778,-5.587147,-0.417704,21.0,3.375,-28.725,-20.625,182.9444,-4.2779,4.3292,5.0,28.25743,48.84394,2.353304,373.3438,NaN,3.312,89.909676,18.7,6 / 25,15278,2022-01-10 17:04:47:807
4.723432,1.548156,6.419345,5.112477,1.019306,8.306262,-4.15688,0.0399,0.900675,-0.214778,-5.587147,-0.417704,21.0,3.375,-28.725,-20.625,182.9444,-4.2779,4.3292,5.0,28.25743,48.84394,2.353304,373.3438,NaN,3.312,89.909676,18.7,6 / 25,15282,2022-01-10 17:04:47:811
4.723432,1.548156,6.419345,5.112477,1.019306,8.306262,-4.15688,0.0399,0.900675,-0.214778,-5.587147,-0.417704,21.0,3.375,-28.725,-20.625,182.9444,-4.2779,4.3292,5.0,28.25743,48.84394,2.353304,373.3438,NaN,3.312,89.909676,18.7,6 / 25,15288,2022-01-10 17:04:47:817
4.723432,1.548156,6.419345,5.112477,1.019306,8.306262,-4.15688,0.0399,0.900675,-0.214778,-5.587147,-0.417704,21.0,3.375,-28.725,-20.625,182.9444,-4.2779,4.3292,5.0,28.25743,48.84394,2.353304,373.3438,NaN,3.312,89.909676,18.7,6 / 25,15293,2022-01-10 17:04:47:822
4.723432,1.548156,6.419345,5.112477,1.019306,8.306262,-4.15688,0.0399,0.900675,-0.214778,-5.587147,-0.417704,21.0,3.375,-28.725,-20.625,182.9444,-4.2779,4.3292,5.0,28.25743,48.84394,2.353304,373.3438,NaN,3.312,89.909676,18.7,6 / 25,15297,2022-01-10 17:04:47:826
4.723432,1.548156,6.419345,5.112477,1.019306,8.306262,-4.15688,0.0399,0.900675,-0.214778,-5.587147,-0.417704,21.0,3.375,-28.725,-20.625,182.9444,-4.2779,4.3292,5.0,28.25743,48.84394,2.353304,373.3438,NaN,3.312,89.909676,18.7,6 / 25,15303,2022-01-10 17:04:47:832
4.723432,1.548156,6.419345,5.112477,1.019306,8.306262,-4.15688,0.0399,0.900675,-0.214778,-5.587147,-0.417704,21.0,3.375,-28.725,-20.625,182.9444,-4.2779,4.3292,5.0,28.25743,48.84394,2.353304,373.3438,NaN,3.312,89.909676,18.7,6 / 25,15308,2022-01-10 17:04:47:837
4.723432,1.548156,6.419345,5.112477,1.019306,8.306262,-4.15688,0.0399,0.900675,-0.430487,-2.940975,0.341008,18.0,3.375,-28.725,-20.625,182.9444,-4.2779,4.3292,5.0,28.25743,48.84394,2.353304,373.3438,NaN,3.312,89.909676,18.7,6 / 25,15313,2022-01-10 17:04:47:842
7.322636,0.370888,5.228916,5.112477,1.019306,8.306262,-4.15688,0.0399,0.900675,-0.430487,-2.940975,0.341008,18.0,3.375,-28.725,-20.625,182.9444,-4.2779,4.3292,5.0,28.25743,48.84394,2.353304,373.3438,NaN,3.312,89.909676,18.7,6 / 25,15317,2022-01-10 17:04:47:846
7.322636,0.370888,5.228916,5.112477,1.019306,8.306262,-4.15688,0.0399,0.900675,-0.430487,-2.940975,0.341008,18.0,3.375,-28.725,-20.625,182.9444,-4.2779,4.3292,5.0,28.25743,48.84394,2.353304,373.3438,NaN,3.312,89.909676,18.7,6 / 25,15323,2022-01-10 17:04:47:852
7.322636,0.370888,5.228916,8.094342,0.439888,5.518924,-2.378609,0.676558,0.643971,-0.430487,-2.940975,0.341008,18.0,3.375,-28.725,-20.625,182.9444,-4.2779,4.3292,5.0,28.25743,48.84394,2.353304,373.3438,NaN,3.312,89.909676,18.7,6 / 25,15328,2022-01-10 17:04:47:857
7.322636,0.370888,5.228916,8.094342,0.439888,5.518924,-2.378609,0.676558,0.643971,-0.430487,-2.940975,0.341008,18.0,3.375,-28.725,-20.625,182.9444,-4.2779,4.3292,5.0,28.25743,48.84394,2.353304,373.3438,NaN,3.312,89.909676,18.7,6 / 25,15333,2022-01-10 17:04:47:862
7.322636,0.370888,5.228916,8.094342,0.439888,5.518924,-2.378609,0.676558,0.643971,-0.430487,-2.940975,0.341008,18.0,-3.525,-25.425,-26.4,218.5045,-2.5709,-55.7129,5.0,28.25743,48.84394,2.353304,373.3438,NaN,3.312,89.909676,18.7,6 / 25,15338,2022-01-10 17:04:47:867
7.322636,0.370888,5.228916,8.094342,0.439888,5.518924,-2.378609,0.676558,0.643971,-0.430487,-2.940975,0.341008,18.0,-3.525,-25.425,-26.4,218.5045,-2.5709,-55.7129,5.0,28.25743,48.84394,2.353304,373.3438,NaN,3.312,89.909676,18.7,6 / 25,15344,2022-01-10 17:04:47:873
7.322636,0.370888,5.228916,8.094342,0.439888,5.518924,-2.378609,0.676558,0.643971,-0.430487,-2.940975,0.341008,18.0,-3.525,-25.425,-26.4,218.5045,-2.5709,-55.7129,5.0,28.25743,48.84394,2.353304,373.3438,NaN,3.312,89.909676,18.7,6 / 25,15347,2022-01-10 17:04:47:876
7.322636,0.370888,5.228916,8.094342,0.439888,5.518924,-2.378609,0.676558,0.643971,-0.430487,-2.940975,0.341008,18.0,-3.525,-25.425,-26.4,218.5045,-2.5709,-55.7129,5.0,28.25743,48.84394,2.353304,373.3438,NaN,3.312,89.909676,18.7,6 / 25,15353,2022-01-10 17:04:47:882
7.322636,0.370888,5.228916,8.094342,0.439888,5.518924,-2.378609,0.676558,0.643971,-0.430487,-2.940975,0.341008,18.0,-3.525,-25.425,-26.4,218.5045,-2.5709,-55.7129,5.0,28.25743,48.84394,2.353304,373.3438,NaN,3.312,89.909676,18.7,6 / 25,15358,2022-01-10 17:04:47:887
7.322636,0.370888,5.228916,8.094342,0.439888,5.518924,-2.378609,0.676558,0.643971,-0.430487,-2.940975,0.341008,18.0,-3.525,-25.425,-26.4,218.5045,-2.5709,-55.7129,5.0,28.25743,48.84394,2.353304,373.3438,NaN,3.312,89.909676,18.7,6 / 25,15363,2022-01-10 17:04:47:892
7.322636,0.370888,5.228916,8.094342,0.439888,5.518924,-2.378609,0.676558,0.643971,-0.430487,-2.940975,0.341008,18.0,-3.525,-25.425,-26.4,218.5045,-2.5709,-55.7129,5.0,28.25743,48.84394,2.353304,373.3438,NaN,3.312,89.909676,18.7,6 / 25,15368,2022-01-10 17:04:47:897
7.322636,0.370888,5.228916,8.094342,0.439888,5.518924,-2.378609,0.676558,0.643971,-0.430487,-2.940975,0.341008,18.0,-3.525,-25.425,-26.4,218.5045,-2.5709,-55.7129,5.0,28.25743,48.84394,2.353304,373.3438,NaN,3.312,89.909676,18.7,6 / 25,15373,2022-01-10 17:04:47:902
7.322636,0.370888,5.228916,8.094342,0.439888,5.518924,-2.378609,0.676558,0.643971,-0.430487,-2.940975,0.341008,18.0,-3.525,-25.425,-26.4,218.5045,-2.5709,-55.7129,5.0,28.25743,48.84394,2.353304,373.3438,NaN,3.312,89.909676,18.7,6 / 25,15379,2022-01-10 17:04:47:908
7.322636,0.370888,5.228916,8.094342,0.439888,5.518924,-2.378609,0.676558,0.643971,-0.430487,-2.940975,0.341008,18.0,-3.525,-25.425,-26.4,218.5045,-2.5709,-55.7129,5.0,28.25743,48.84394,2.353304,373.3438,NaN,3.312,89.909676,18.7,6 / 25,15383,2022-01-10 17:04:47:912
7.322636,0.370888,5.228916,8.094342,0.439888,5.518924,-2.378609,0.676558,0.643971,-0.430487,-2.940975,0.341008,18.0,-3.525,-25.425,-26.4,218.5045,-2.5709,-55.7129,5.0,28.25743,48.84394,2.353304,373.3438,NaN,3.312,89.909676,18.7,6 / 25,15388,2022-01-10 17:04:47:917
7.322636,0.370888,5.228916,8.094342,0.439888,5.518924,-2.378609,0.676558,0.643971,-0.430487,-2.940975,0.341008,18.0,-3.525,-25.425,-26.4,218.5045,-2.5709,-55.7129,5.0,28.25743,48.84394,2.353304,373.3438,NaN,3.312,89.909676,18.7,6 / 25,15393,2022-01-10 17:04:47:922
7.322636,0.370888,5.228916,8.094342,0.439888,5.518924,-2.378609,0.676558,0.643971,-0.430487,-2.940975,0.341008,18.0,-3.525,-25.425,-26.4,218.5045,-2.5709,-55.7129,5.0,28.25743,48.84394,2.353304,373.3438,NaN,3.312,89.909676,18.7,6 / 25,15399,2022-01-10 17:04:47:928
7.322636,0.370888,5.228916,8.094342,0.439888,5.518924,-2.378609,0.676558,0.643971,-0.430487,-2.940975,0.341008,18.0,-3.525,-25.425,-26.4,218.5045,-2.5709,-55.7129,5.0,28.25743,48.84394,2.353304,373.3438,NaN,3.312,89.909676,18.7,6 / 25,15403,2022-01-10 17:04:47:932
7.322636,0.370888,5.228916,8.094342,0.439888,5.518924,-2.378609,0.676558,0.643971,-0.430487,-2.940975,0.341008,18.0,-3.525,-25.425,-26.4,218.5045,-2.5709,-55.7129,5.0,28.25743,48.84394,2.353304,373.3438,NaN,3.312,89.909676,18.7,6 / 25,15408,2022-01-10 17:04:47:937
7.322636,0.370888,5.228916,8.094342,0.439888,5.518924,-2.378609,0.676558,0.643971,-0.430487,-2.940975,0.341008,18.0,-3.525,-25.425,-26.4,218.5045,-2.5709,-55.7129,5.0,28.25743,48.84394,2.353304,373.3438,NaN,3.312,89.909676,18.7,6 / 25,15412,2022-01-10 17:04:47:941
7.322636,0.370888,5.228916,8.094342,0.439888,5.518924,-2.378609,0.676558,0.643971,-0.430487,-2.940975,0.341008,18.0,-3.525,-25.425,-26.4,218.5045,-2.5709,-55.7129,5.0,28.25743,48.84394,2.353304,373.3438,NaN,3.312,89.909676,18.7,6 / 25,15418,2022-01-10 17:04:47:947
7.322636,0.370888,5.228916,8.094342,0.439888,5.518924,-2.378609,0.676558,0.643971,-0.430487,-2.940975,0.341008,18.0,-3.525,-25.425,-26.4,218.5045,-2.5709,-55.7129,5.0,28.25743,48.84394,2.353304,373.3438,NaN,3.312,89.909676,18.7,6 / 25,15423,2022-01-10 17:04:47:952
8.607881,0.899103,4.868497,8.094342,0.439888,5.518924,-2.378609,0.676558,0.643971,-0.430487,-2.940975,0.341008,18.0,-3.525,-25.425,-26.4,218.5045,-2.5709,-55.7129,5.0,28.25743,48.84394,2.353304,373.3438,NaN,3.312,89.909676,18.7,6 / 25,15428,2022-01-10 17:04:47:957
8.607881,0.899103,4.868497,8.094342,0.439888,5.518924,-2.378609,0.676558,0.643971,-0.239944,0.441939,-0.15326,18.0,-3.525,-25.425,-26.4,218.5045,-2.5709,-55.7129,5.0,28.25743,48.84394,2.353304,373.3438,NaN,3.312,89.909676,18.7,6 / 25,15432,2022-01-10 17:04:47:961
8.607881,0.899103,4.868497,8.094342,0.439888,5.518924,-2.378609,0.676558,0.643971,-0.239944,0.441939,-0.15326,18.0,-3.525,-25.425,-26.4,218.5045,-2.5709,-55.7129,5.0,28.25743,48.84394,2.353304,373.3438,NaN,3.312,89.909676,18.7,6 / 25,15438,2022-01-10 17:04:47:967
8.607881,0.899103,4.868497,8.094342,0.439888,5.518924,-2.378609,0.676558,0.643971,-0.239944,0.441939,-0.15326,18.0,-3.525,-25.425,-26.4,218.5045,-2.5709,-55.7129,5.0,28.25743,48.84394,2.353304,373.3438,NaN,3.312,89.909676,18.7,6 / 25,15442,2022-01-10 17:04:47:971
8.607881,0.899103,4.868497,8.094342,0.439888,5.518924,-2.378609,0.676558,0.643971,-0.239944,0.441939,-0.15326,18.0,-3.525,-25.425,-26.4,218.5045,-2.5709,-55.7129,5.0,28.25743,48.84394,2.353304,373.3438,NaN,3.312,89.909676,18.7,6 / 25,15448,2022-01-10 17:04:47:977
8.607881,0.899103,4.868497,8.371194,0.382456,5.093842,0.019415,0.402259,-0.158635,-0.239944,0.441939,-0.15326,18.0,-11.175,-23.4,-22.425,210.5323,-2.2351,-58.6796,5.0,28.25743,48.84394,2.353304,373.3438,NaN,3.312,89.909676,18.7,6 / 25,15453,2022-01-10 17:04:47:982
8.607881,0.899103,4.868497,8.371194,0.382456,5.093842,0.019415,0.402259,-0.158635,-0.239944,0.441939,-0.15326,18.0,-11.175,-23.4,-22.425,210.5323,-2.2351,-58.6796,5.0,28.25743,48.84394,2.353304,373.3438,NaN,3.312,89.909676,18.7,6 / 25,15458,2022-01-10 17:04:47:987
8.607881,0.899103,4.868497,8.371194,0.382456,5.093842,0.019415,0.402259,-0.158635,-0.239944,0.441939,-0.15326,18.0,-11.175,-23.4,-22.425,210.5323,-2.2351,-58.6796,5.0,28.25743,48.84394,2.353304,373.3438,NaN,3.312,89.909676,18.7,6 / 25,15462,2022-01-10 17:04:47:991
8.607881,0.899103,4.868497,8.371194,0.382456,5.093842,0.019415,0.402259,-0.158635,-0.239944,0.441939,-0.15326,18.0,-11.175,-23.4,-22.425,210.5323,-2.2351,-58.6796,5.0,28.25743,48.84394,2.353304,373.3438,NaN,3.312,89.909676,18.7,6 / 25,15468,2022-01-10 17:04:47:997
8.607881,0.899103,4.868497,8.371194,0.382456,5.093842,0.019415,0.402259,-0.158635,-0.239944,0.441939,-0.15326,18.0,-11.175,-23.4,-22.425,210.5323,-2.2351,-58.6796,5.0,28.25743,48.84394,2.353304,373.3438,NaN,3.312,89.909676,18.7,6 / 25,15473,2022-01-10 17:04:48:002
8.607881,0.899103,4.868497,8.371194,0.382456,5.093842,0.019415,0.402259,-0.158635,-0.239944,0.441939,-0.15326,18.0,-11.175,-23.4,-22.425,210.5323,-2.2351,-58.6796,5.0,28.25743,48.84394,2.353304,373.3438,NaN,3.312,89.909676,18.7,6 / 25,15478,2022-01-10 17:04:48:007
8.607881,0.899103,4.868497,8.371194,0.382456,5.093842,0.019415,0.402259,-0.158635,-0.239944,0.441939,-0.15326,18.0,-11.175,-23.4,-22.425,210.5323,-2.2351,-58.6796,5.0,28.25743,48.84394,2.353304,373.3438,NaN,3.312,89.909676,18.7,6 / 25,15482,2022-01-10 17:04:48:011
8.607881,0.899103,4.868497,8.371194,0.382456,5.093842,0.019415,0.402259,-0.158635,-0.239944,0.441939,-0.15326,18.0,-11.175,-23.4,-22.425,210.5323,-2.2351,-58.6796,5.0,28.25743,48.84394,2.353304,373.3438,NaN,3.312,89.909676,18.7,6 / 25,15488,2022-01-10 17:04:48:017
8.607881,0.899103,4.868497,8.371194,0.382456,5.093842,0.019415,0.402259,-0.158635,-0.239944,0.441939,-0.15326,18.0,-11.175,-23.4,-22.425,210.5323,-2.2351,-58.6796,5.0,28.25743,48.84394,2.353304,373.3438,NaN,3.312,89.909676,18.7,6 / 25,15492,2022-01-10 17:04:48:021
8.607881,0.899103,4.868497,8.371194,0.382456,5.093842,0.019415,0.402259,-0.158635,-0.239944,0.441939,-0.15326,18.0,-11.175,-23.4,-22.425,210.5323,-2.2351,-58.6796,5.0,28.25743,48.84394,2.353304,373.3438,NaN,3.312,89.909676,18.7,6 / 25,15498,2022-01-10 17:04:48:027
8.607881,0.899103,4.868497,8.371194,0.382456,5.093842,0.019415,0.402259,-0.158635,-0.239944,0.441939,-0.15326,18.0,-11.175,-23.4,-22.425,210.5323,-2.2351,-58.6796,5.0,28.25743,48.84394,2.353304,373.3438,NaN,3.312,89.909676,18.7,6 / 25,15502,2022-01-10 17:04:48:031
8.607881,0.899103,4.868497,8.371194,0.382456,5.093842,0.019415,0.402259,-0.158635,-0.239944,0.441939,-0.15326,18.0,-11.175,-23.4,-22.425,210.5323,-2.2351,-58.6796,5.0,28.25743,48.84394,2.353304,373.3438,NaN,3.312,89.909676,18.7,6 / 25,15508,2022-01-10 17:04:48:037
6.662516,1.646262,7.179964,8.371194,0.382456,5.093842,0.019415,0.402259,-0.158635,-0.239944,0.441939,-0.15326,18.0,-11.175,-23.4,-22.425,210.5323,-2.2351,-58.6796,5.0,28.25743,48.84394,2.353304,373.3438,NaN,3.312,89.909676,18.7,6 / 25,15512,2022-01-10 17:04:48:041
6.662516,1.646262,7.179964,8.371194,0.382456,5.093842,0.019415,0.402259,-0.158635,-0.239944,0.441939,-0.15326,18.0,-11.175,-23.4,-22.425,210.5323,-2.2351,-58.6796,5.0,28.25743,48.84394,2.353304,373.3438,NaN,3.312,89.909676,18.7,6 / 25,15517,2022-01-10 17:04:48:046
6.662516,1.646262,7.179964,8.371194,0.382456,5.093842,0.019415,0.402259,-0.158635,-0.239944,0.441939,-0.15326,18.0,-11.175,-23.4,-22.425,210.5323,-2.2351,-58.6796,5.0,28.25743,48.84394,2.353304,373.3438,NaN,3.312,89.909676,18.7,6 / 25,15523,2022-01-10 17:04:48:052
6.662516,1.646262,7.179964,8.371194,0.382456,5.093842,0.019415,0.402259,-0.158635,-0.239944,0.441939,-0.15326,18.0,-11.175,-23.4,-22.425,210.5323,-2.2351,-58.6796,5.0,28.25743,48.84394,2.353304,373.3438,NaN,3.312,89.909676,18.7,6 / 25,15528,2022-01-10 17:04:48:057
6.662516,1.646262,7.179964,8.371194,0.382456,5.093842,0.019415,0.402259,-0.158635,-0.239944,0.441939,-0.15326,18.0,-11.175,-23.4,-22.425,210.5323,-2.2351,-58.6796,5.0,28.25743,48.84394,2.353304,373.3438,NaN,3.312,89.909676,18.7,6 / 25,15533,2022-01-10 17:04:48:062
6.662516,1.646262,7.179964,8.371194,0.382456,5.093842,0.019415,0.402259,-0.158635,-0.239944,0.441939,-0.15326,18.0,-11.175,-23.4,-22.425,210.5323,-2.2351,-58.6796,5.0,28.25743,48.84394,2.353304,373.3438,NaN,3.312,89.909676,18.7,6 / 25,15543,2022-01-10 17:04:48:072
6.662516,1.646262,7.179964,8.371194,0.382456,5.093842,0.019415,0.402259,-0.158635,-0.239944,0.441939,-0.15326,17.0,-11.175,-23.4,-22.425,210.5323,-2.2351,-58.6796,5.0,28.25743,48.84394,2.353304,373.3438,NaN,3.312,89.909676,18.7,6 / 25,15544,2022-01-10 17:04:48:073
6.662516,1.646262,7.179964,8.371194,0.382456,5.093842,0.019415,0.402259,-0.158635,-0.239944,0.441939,-0.15326,17.0,-11.175,-23.4,-22.425,210.5323,-2.2351,-58.6796,5.0,28.25743,48.84394,2.353304,373.3438,NaN,3.312,89.909676,18.7,6 / 25,15548,2022-01-10 17:04:48:077
6.662516,1.646262,7.179964,8.371194,0.382456,5.093842,0.019415,0.402259,-0.158635,-0.239944,0.441939,-0.15326,17.0,-11.175,-23.4,-22.425,210.5323,-2.2351,-58.6796,5.0,28.25743,48.84394,2.353304,373.3438,NaN,3.312,89.909676,18.7,6 / 25,15553,2022-01-10 17:04:48:082
6.662516,1.646262,7.179964,8.371194,0.382456,5.093842,0.019415,0.402259,-0.158635,-0.239944,0.441939,-0.15326,17.0,-11.175,-23.4,-22.425,210.5323,-2.2351,-58.6796,5.0,28.25743,48.84394,2.353304,373.3438,NaN,3.312,89.909676,18.7,6 / 25,15558,2022-01-10 17:04:48:087
6.662516,1.646262,7.179964,8.371194,0.382456,5.093842,0.019415,0.402259,-0.158635,-0.239944,0.441939,-0.15326,17.0,-11.175,-23.4,-22.425,210.5323,-2.2351,-58.6796,5.0,28.25743,48.84394,2.353304,373.3438,NaN,3.312,89.909676,18.7,6 / 25,15562,2022-01-10 17:04:48:091
6.662516,1.646262,7.179964,5.288054,1.594157,8.103427,3.162629,-0.521792,-0.621813,0.087749,3.881177,-1.252581,17.0,-11.175,-23.4,-22.425,210.5323,-2.2351,-58.6796,5.0,29.99822,48.84394,2.353304,373.3438,NaN,3.312,89.909676,18.7,6 / 25,15568,2022-01-10 17:04:48:097
6.662516,1.646262,7.179964,5.288054,1.594157,8.103427,3.162629,-0.521792,-0.621813,0.087749,3.881177,-1.252581,17.0,-11.175,-23.4,-22.425,210.5323,-2.2351,-58.6796,5.0,29.99822,48.84394,2.353304,373.3438,NaN,3.312,89.909676,18.7,6 / 25,15573,2022-01-10 17:04:48:102
6.662516,1.646262,7.179964,5.288054,1.594157,8.103427,3.162629,-0.521792,-0.621813,0.087749,3.881177,-1.252581,17.0,-11.175,-23.4,-22.425,210.5323,-2.2351,-58.6796,5.0,29.99822,48.84394,2.353304,373.3438,NaN,3.312,89.909676,18.7,6 / 25,15578,2022-01-10 17:04:48:107
6.662516,1.646262,7.179964,5.288054,1.594157,8.103427,3.162629,-0.521792,-0.621813,0.087749,3.881177,-1.252581,17.0,-11.175,-23.4,-22.425,210.5323,-2.2351,-58.6796,5.0,29.99822,48.84394,2.353304,373.3438,NaN,3.312,89.909676,18.7,6 / 25,15582,2022-01-10 17:04:48:111
6.662516,1.646262,7.179964,5.288054,1.594157,8.103427,3.162629,-0.521792,-0.621813,0.087749,3.881177,-1.252581,17.0,-11.175,-23.4,-22.425,210.5323,-2.2351,-58.6796,5.0,29.99822,48.84394,2.353304,373.3438,NaN,3.312,89.909676,18.7,6 / 25,15588,2022-01-10 17:04:48:117
6.662516,1.646262,7.179964,5.288054,1.594157,8.103427,3.162629,-0.521792,-0.621813,0.087749,3.881177,-1.252581,17.0,-11.175,-23.4,-22.425,210.5323,-2.2351,-58.6796,5.0,29.99822,48.84394,2.353304,373.3438,NaN,3.312,89.909676,18.7,6 / 25,15592,2022-01-10 17:04:48:121
4.031308,1.418944,9.695418,5.288054,1.594157,8.103427,3.162629,-0.521792,-0.621813,0.087749,3.881177,-1.252581,17.0,-16.95,-23.775,-22.05,173.4144,-9.3554,-33.1273,5.0,29.99822,48.84394,2.353304,373.3438,NaN,3.312,89.909676,18.7,6 / 25,15598,2022-01-10 17:04:48:127
4.031308,1.418944,9.695418,5.288054,1.594157,8.103427,3.162629,-0.521792,-0.621813,0.087749,3.881177,-1.252581,17.0,-16.95,-23.775,-22.05,173.4144,-9.3554,-33.1273,5.0,29.99822,48.84394,2.353304,373.3438,NaN,3.312,89.909676,18.7,6 / 25,15603,2022-01-10 17:04:48:132
4.031308,1.418944,9.695418,5.288054,1.594157,8.103427,3.162629,-0.521792,-0.621813,0.087749,3.881177,-1.252581,17.0,-16.95,-23.775,-22.05,173.4144,-9.3554,-33.1273,5.0,29.99822,48.84394,2.353304,373.3438,NaN,3.312,89.909676,18.7,6 / 25,15608,2022-01-10 17:04:48:137
4.031308,1.418944,9.695418,5.288054,1.594157,8.103427,3.162629,-0.521792,-0.621813,0.087749,3.881177,-1.252581,17.0,-16.95,-23.775,-22.05,173.4144,-9.3554,-33.1273,5.0,29.99822,48.84394,2.353304,373.3438,NaN,3.312,89.909676,18.7,6 / 25,15612,2022-01-10 17:04:48:141
4.031308,1.418944,9.695418,5.288054,1.594157,8.103427,3.162629,-0.521792,-0.621813,0.087749,3.881177,-1.252581,17.0,-16.95,-23.775,-22.05,173.4144,-9.3554,-33.1273,5.0,29.99822,48.84394,2.353304,373.3438,NaN,3.312,89.909676,18.7,6 / 25,15617,2022-01-10 17:04:48:146
4.031308,1.418944,9.695418,5.288054,1.594157,8.103427,3.162629,-0.521792,-0.621813,0.087749,3.881177,-1.252581,17.0,-16.95,-23.775,-22.05,173.4144,-9.3554,-33.1273,5.0,29.99822,48.84394,2.353304,373.3438,NaN,3.312,89.909676,18.7,6 / 25,15622,2022-01-10 17:04:48:151
4.031308,1.418944,9.695418,5.288054,1.594157,8.103427,3.162629,-0.521792,-0.621813,0.087749,3.881177,-1.252581,17.0,-16.95,-23.775,-22.05,173.4144,-9.3554,-33.1273,5.0,29.99822,48.84394,2.353304,373.3438,NaN,3.312,89.909676,18.7,6 / 25,15628,2022-01-10 17:04:48:157
4.031308,1.418944,9.695418,5.288054,1.594157,8.103427,3.162629,-0.521792,-0.621813,0.087749,3.881177,-1.252581,17.0,-16.95,-23.775,-22.05,173.4144,-9.3554,-33.1273,5.0,29.99822,48.84394,2.353304,373.3438,NaN,3.312,89.909676,18.7,6 / 25,15633,2022-01-10 17:04:48:162
4.031308,1.418944,9.695418,5.288054,1.594157,8.103427,3.162629,-0.521792,-0.621813,0.087749,3.881177,-1.252581,17.0,-16.95,-23.775,-22.05,173.4144,-9.3554,-33.1273,5.0,29.99822,48.84394,2.353304,373.3438,NaN,3.312,89.909676,18.7,6 / 25,15660,2022-01-10 17:04:48:189
4.031308,1.418944,9.695418,5.288054,1.594157,8.103427,3.162629,-0.521792,-0.621813,0.087749,3.881177,-1.252581,17.0,-16.95,-23.775,-22.05,173.4144,-9.3554,-33.1273,5.0,29.99822,48.84394,2.353304,373.3438,NaN,3.312,89.909676,18.7,6 / 25,15666,2022-01-10 17:04:48:195
4.031308,1.418944,9.695418,5.288054,1.594157,8.103427,3.162629,-0.521792,-0.621813,0.087749,3.881177,-1.252581,17.0,-16.95,-23.775,-22.05,173.4144,-9.3554,-33.1273,5.0,29.99822,48.84394,2.353304,373.3438,NaN,3.312,89.909676,18.7,6 / 25,15666,2022-01-10 17:04:48:195
4.031308,1.418944,9.695418,5.288054,1.594157,8.103427,3.162629,-0.521792,-0.621813,0.087749,3.881177,-1.252581,17.0,-16.95,-23.775,-22.05,173.4144,-9.3554,-33.1273,5.0,29.99822,48.84394,2.353304,373.3438,NaN,3.312,89.909676,18.7,6 / 25,15666,2022-01-10 17:04:48:195
4.031308,1.418944,9.695418,5.288054,1.594157,8.103427,3.162629,-0.521792,-0.621813,0.087749,3.881177,-1.252581,17.0,-16.95,-23.775,-22.05,173.4144,-9.3554,-33.1273,5.0,29.99822,48.84394,2.353304,373.3438,NaN,3.312,89.909676,18.7,6 / 25,15666,2022-01-10 17:04:48:195
4.031308,1.418944,9.695418,5.288054,1.594157,8.103427,3.162629,-0.521792,-0.621813,0.087749,3.881177,-1.252581,17.0,-16.95,-23.775,-22.05,173.4144,-9.3554,-33.1273,5.0,29.99822,48.84394,2.353304,373.3438,NaN,3.312,89.909676,18.7,6 / 25,15666,2022-01-10 17:04:48:195
4.031308,1.418944,9.695418,5.288054,1.594157,8.103427,3.162629,-0.521792,-0.621813,0.087749,3.881177,-1.252581,17.0,-16.95,-23.775,-22.05,173.4144,-9.3554,-33.1273,5.0,29.99822,48.84394,2.353304,373.3438,NaN,3.312,89.909676,18.7,6 / 25,15668,2022-01-10 17:04:48:197
4.031308,1.418944,9.695418,5.288054,1.594157,8.103427,3.162629,-0.521792,-0.621813,0.087749,3.881177,-1.252581,17.0,-16.95,-23.775,-22.05,173.4144,-9.3554,-33.1273,5.0,29.99822,48.84394,2.353304,373.3438,NaN,3.312,89.909676,18.7,6 / 25,15672,2022-01-10 17:04:48:201
4.031308,1.418944,9.695418,5.288054,1.594157,8.103427,3.162629,-0.521792,-0.621813,0.087749,3.881177,-1.252581,17.0,-16.95,-23.775,-22.05,173.4144,-9.3554,-33.1273,5.0,29.99822,48.84394,2.353304,373.3438,NaN,3.312,89.909676,18.7,6 / 25,15678,2022-01-10 17:04:48:207
4.031308,1.418944,9.695418,5.288054,1.594157,8.103427,3.162629,-0.521792,-0.621813,0.087749,3.881177,-1.252581,17.0,-16.95,-23.775,-22.05,173.4144,-9.3554,-33.1273,5.0,29.99822,48.84394,2.353304,373.3438,NaN,3.312,89.909676,18.7,6 / 25,15682,2022-01-10 17:04:48:211
4.031308,1.418944,9.695418,5.288054,1.594157,8.103427,3.162629,-0.521792,-0.621813,0.087749,3.881177,-1.252581,17.0,-16.95,-23.775,-22.05,173.4144,-9.3554,-33.1273,5.0,29.99822,48.84394,2.353304,373.3438,NaN,3.312,89.909676,18.7,6 / 25,15688,2022-01-10 17:04:48:217
4.031308,1.418944,9.695418,5.288054,1.594157,8.103427,3.162629,-0.521792,-0.621813,0.087749,3.881177,-1.252581,17.0,-16.95,-23.775,-22.05,173.4144,-9.3554,-33.1273,5.0,29.99822,48.84394,2.353304,373.3438,NaN,3.312,89.909676,18.7,6 / 25,15693,2022-01-10 17:04:48:222
4.031308,1.418944,9.695418,5.288054,1.594157,8.103427,3.162629,-0.521792,-0.621813,0.087749,3.881177,-1.252581,17.0,-16.95,-23.775,-22.05,173.4144,-9.3554,-33.1273,5.0,29.99822,48.84394,2.353304,373.3438,NaN,3.312,89.909676,18.7,6 / 25,15698,2022-01-10 17:04:48:227
4.031308,1.418944,9.695418,5.288054,1.594157,8.103427,3.162629,-0.521792,-0.621813,0.087749,3.881177,-1.252581,17.0,-16.95,-23.775,-22.05,173.4144,-9.3554,-33.1273,5.0,29.99822,48.84394,2.353304,373.3438,NaN,3.312,89.909676,18.7,6 / 25,15702,2022-01-10 17:04:48:231
-2.633002,1.9337,9.055637,-1.707658,2.011318,9.445046,3.543845,-0.541564,0.494699,0.188147,6.334409,-0.746861,17.0,-16.95,-23.775,-22.05,173.4144,-9.3554,-33.1273,5.0,29.99822,48.84394,2.353304,373.3438,NaN,3.312,89.909676,18.7,6 / 25,15708,2022-01-10 17:04:48:237
-2.633002,1.9337,9.055637,-1.707658,2.011318,9.445046,3.543845,-0.541564,0.494699,0.188147,6.334409,-0.746861,17.0,-16.95,-23.775,-22.05,173.4144,-9.3554,-33.1273,5.0,29.99822,48.84394,2.353304,373.3438,NaN,3.312,89.909676,18.7,6 / 25,15712,2022-01-10 17:04:48:241
-2.633002,1.9337,9.055637,-1.707658,2.011318,9.445046,3.543845,-0.541564,0.494699,0.188147,6.334409,-0.746861,17.0,-16.95,-23.775,-22.05,173.4144,-9.3554,-33.1273,5.0,29.99822,48.84394,2.353304,373.3438,NaN,3.312,89.909676,18.7,6 / 25,15717,2022-01-10 17:04:48:246
-2.633002,1.9337,9.055637,-1.707658,2.011318,9.445046,3.543845,-0.541564,0.494699,0.188147,6.334409,-0.746861,17.0,-16.95,-23.775,-22.05,173.4144,-9.3554,-33.1273,5.0,29.99822,48.84394,2.353304,373.3438,NaN,3.312,89.909676,18.7,6 / 25,15723,2022-01-10 17:04:48:252
-2.633002,1.9337,9.055637,-1.707658,2.011318,9.445046,3.543845,-0.541564,0.494699,0.188147,6.334409,-0.746861,34.0,-16.95,-23.775,-22.05,173.4144,-9.3554,-33.1273,5.0,29.99822,48.84394,2.353304,373.3438,NaN,3.312,89.909676,18.7,6 / 25,15727,2022-01-10 17:04:48:256
-2.633002,1.9337,9.055637,-1.707658,2.011318,9.445046,3.543845,-0.541564,0.494699,0.188147,6.334409,-0.746861,34.0,-12.0,-23.85,-21.225,141.7089,-11.8352,10.2483,5.0,29.99822,48.84394,2.353304,373.3438,NaN,3.312,89.909676,18.7,6 / 25,15733,2022-01-10 17:04:48:262
-2.633002,1.9337,9.055637,-1.707658,2.011318,9.445046,3.543845,-0.541564,0.494699,0.188147,6.334409,-0.746861,34.0,-12.0,-23.85,-21.225,141.7089,-11.8352,10.2483,5.0,29.99822,48.84394,2.353304,373.3438,NaN,3.312,89.909676,18.7,6 / 25,15737,2022-01-10 17:04:48:266
-2.633002,1.9337,9.055637,-1.707658,2.011318,9.445046,3.543845,-0.541564,0.494699,0.188147,6.334409,-0.746861,34.0,-12.0,-23.85,-21.225,141.7089,-11.8352,10.2483,5.0,29.99822,48.84394,2.353304,373.3438,NaN,3.312,89.909676,18.7,6 / 25,15743,2022-01-10 17:04:48:272
-2.633002,1.9337,9.055637,-1.707658,2.011318,9.445046,3.543845,-0.541564,0.494699,0.188147,6.334409,-0.746861,34.0,-12.0,-23.85,-21.225,141.7089,-11.8352,10.2483,5.0,29.99822,48.84394,2.353304,373.3438,NaN,3.312,89.909676,18.7,6 / 25,15748,2022-01-10 17:04:48:277
-2.633002,1.9337,9.055637,-1.707658,2.011318,9.445046,3.543845,-0.541564,0.494699,0.188147,6.334409,-0.746861,34.0,-12.0,-23.85,-21.225,141.7089,-11.8352,10.2483,5.0,29.99822,48.84394,2.353304,373.3438,NaN,3.312,89.909676,18.7,6 / 25,15752,2022-01-10 17:04:48:281
-2.633002,1.9337,9.055637,-1.707658,2.011318,9.445046,3.543845,-0.541564,0.494699,0.188147,6.334409,-0.746861,34.0,-12.0,-23.85,-21.225,141.7089,-11.8352,10.2483,5.0,29.99822,48.84394,2.353304,373.3438,NaN,3.312,89.909676,18.7,6 / 25,15758,2022-01-10 17:04:48:287
-2.633002,1.9337,9.055637,-1.707658,2.011318,9.445046,3.543845,-0.541564,0.494699,0.188147,6.334409,-0.746861,34.0,-12.0,-23.85,-21.225,141.7089,-11.8352,10.2483,5.0,29.99822,48.84394,2.353304,373.3438,NaN,3.312,89.909676,18.7,6 / 25,15762,2022-01-10 17:04:48:291
-2.633002,1.9337,9.055637,-1.707658,2.011318,9.445046,3.543845,-0.541564,0.494699,0.188147,6.334409,-0.746861,34.0,-12.0,-23.85,-21.225,141.7089,-11.8352,10.2483,5.0,29.99822,48.84394,2.353304,373.3438,NaN,3.312,89.909676,18.7,6 / 25,15768,2022-01-10 17:04:48:297
-2.633002,1.9337,9.055637,-1.707658,2.011318,9.445046,3.543845,-0.541564,0.494699,0.188147,6.334409,-0.746861,34.0,-12.0,-23.85,-21.225,141.7089,-11.8352,10.2483,5.0,29.99822,48.84394,2.353304,373.3438,NaN,3.312,89.909676,18.7,6 / 25,15773,2022-01-10 17:04:48:302
-2.633002,1.9337,9.055637,-1.707658,2.011318,9.445046,3.543845,-0.541564,0.494699,0.188147,6.334409,-0.746861,34.0,-12.0,-23.85,-21.225,141.7089,-11.8352,10.2483,5.0,29.99822,48.84394,2.353304,373.3438,NaN,3.312,89.909676,18.7,6 / 25,15778,2022-01-10 17:04:48:307
-2.633002,1.9337,9.055637,-1.707658,2.011318,9.445046,3.543845,-0.541564,0.494699,0.188147,6.334409,-0.746861,34.0,-12.0,-23.85,-21.225,141.7089,-11.8352,10.2483,5.0,29.99822,48.84394,2.353304,373.3438,NaN,3.312,89.909676,18.7,6 / 25,15782,2022-01-10 17:04:48:311
-2.633002,1.9337,9.055637,-1.707658,2.011318,9.445046,3.543845,-0.541564,0.494699,0.188147,6.334409,-0.746861,34.0,-12.0,-23.85,-21.225,141.7089,-11.8352,10.2483,5.0,29.99822,48.84394,2.353304,373.3438,NaN,3.312,89.909676,18.7,6 / 25,15789,2022-01-10 17:04:48:318
-6.3341,1.587638,8.11795,-1.707658,2.011318,9.445046,3.543845,-0.541564,0.494699,0.188147,6.334409,-0.746861,34.0,-12.0,-23.85,-21.225,141.7089,-11.8352,10.2483,5.0,29.99822,48.84394,2.353304,373.3438,NaN,3.312,89.909676,18.7,6 / 25,15793,2022-01-10 17:04:48:322
-6.3341,1.587638,8.11795,-1.707658,2.011318,9.445046,3.543845,-0.541564,0.494699,0.188147,6.334409,-0.746861,34.0,-12.0,-23.85,-21.225,141.7089,-11.8352,10.2483,5.0,29.99822,48.84394,2.353304,373.3438,NaN,3.312,89.909676,18.7,6 / 25,15798,2022-01-10 17:04:48:327
-6.3341,1.587638,8.11795,-1.707658,2.011318,9.445046,3.543845,-0.541564,0.494699,0.188147,6.334409,-0.746861,34.0,-12.0,-23.85,-21.225,141.7089,-11.8352,10.2483,5.0,29.99822,48.84394,2.353304,373.3438,NaN,3.312,89.909676,18.7,6 / 25,15802,2022-01-10 17:04:48:331
-6.3341,1.587638,8.11795,-6.188603,2.228741,7.273535,1.111628,-1.671168,1.847972,0.188147,6.334409,-0.746861,34.0,-12.0,-23.85,-21.225,141.7089,-11.8352,10.2483,5.0,29.99822,48.84394,2.353304,373.3438,NaN,3.312,89.909676,18.7,6 / 25,15808,2022-01-10 17:04:48:337
-6.3341,1.587638,8.11795,-6.188603,2.228741,7.273535,1.111628,-1.671168,1.847972,0.188147,6.334409,-0.746861,34.0,-12.0,-23.85,-21.225,141.7089,-11.8352,10.2483,5.0,29.99822,48.84394,2.353304,373.3438,NaN,3.312,89.909676,18.7,6 / 25,15813,2022-01-10 17:04:48:342
-6.3341,1.587638,8.11795,-6.188603,2.228741,7.273535,1.111628,-1.671168,1.847972,0.188147,6.334409,-0.746861,34.0,-12.0,-23.85,-21.225,141.7089,-11.8352,10.2483,5.0,29.99822,48.84394,2.353304,373.3438,NaN,3.312,89.909676,18.7,6 / 25,15818,2022-01-10 17:04:48:347
-6.3341,1.587638,8.11795,-6.188603,2.228741,7.273535,1.111628,-1.671168,1.847972,0.188147,6.334409,-0.746861,34.0,-12.0,-23.85,-21.225,141.7089,-11.8352,10.2483,5.0,29.99822,48.84394,2.353304,373.3438,NaN,3.312,89.909676,18.7,6 / 25,15823,2022-01-10 17:04:48:352
-6.3341,1.587638,8.11795,-6.188603,2.228741,7.273535,1.111628,-1.671168,1.847972,0.648727,2.5511,0.071637,34.0,-12.0,-23.85,-21.225,141.7089,-11.8352,10.2483,5.0,29.99822,48.84394,2.353304,373.3438,NaN,3.312,89.909676,18.7,6 / 25,15827,2022-01-10 17:04:48:356
-6.3341,1.587638,8.11795,-6.188603,2.228741,7.273535,1.111628,-1.671168,1.847972,0.648727,2.5511,0.071637,34.0,-12.0,-23.85,-21.225,141.7089,-11.8352,10.2483,5.0,29.99822,48.84394,2.353304,373.3438,NaN,3.312,89.909676,18.7,6 / 25,15833,2022-01-10 17:04:48:362
-6.3341,1.587638,8.11795,-6.188603,2.228741,7.273535,1.111628,-1.671168,1.847972,0.648727,2.5511,0.071637,34.0,-12.0,-23.85,-21.225,141.7089,-11.8352,10.2483,5.0,29.99822,48.84394,2.353304,373.3438,NaN,3.312,89.909676,18.7,6 / 25,15838,2022-01-10 17:04:48:367
-6.3341,1.587638,8.11795,-6.188603,2.228741,7.273535,1.111628,-1.671168,1.847972,0.648727,2.5511,0.071637,34.0,-12.0,-23.85,-21.225,141.7089,-11.8352,10.2483,5.0,29.99822,48.84394,2.353304,373.3438,NaN,3.312,89.909676,18.7,6 / 25,15843,2022-01-10 17:04:48:372
-6.3341,1.587638,8.11795,-6.188603,2.228741,7.273535,1.111628,-1.671168,1.847972,0.648727,2.5511,0.071637,34.0,-12.0,-23.85,-21.225,141.7089,-11.8352,10.2483,5.0,29.99822,48.84394,2.353304,373.3438,NaN,3.312,89.909676,18.7,6 / 25,15848,2022-01-10 17:04:48:377
-6.3341,1.587638,8.11795,-6.188603,2.228741,7.273535,1.111628,-1.671168,1.847972,0.648727,2.5511,0.071637,34.0,0.0,-24.45,-18.3,150.065,-13.1363,40.3924,5.0,29.99822,48.84394,2.353304,373.3438,NaN,3.312,89.909676,18.7,6 / 25,15853,2022-01-10 17:04:48:382
-6.3341,1.587638,8.11795,-6.188603,2.228741,7.273535,1.111628,-1.671168,1.847972,0.648727,2.5511,0.071637,34.0,0.0,-24.45,-18.3,150.065,-13.1363,40.3924,5.0,29.99822,48.84394,2.353304,373.3438,NaN,3.312,89.909676,18.7,6 / 25,15858,2022-01-10 17:04:48:387
-6.3341,1.587638,8.11795,-6.188603,2.228741,7.273535,1.111628,-1.671168,1.847972,0.648727,2.5511,0.071637,34.0,0.0,-24.45,-18.3,150.065,-13.1363,40.3924,5.0,29.99822,48.84394,2.353304,373.3438,NaN,3.312,89.909676,18.7,6 / 25,15863,2022-01-10 17:04:48:392
-6.3341,1.587638,8.11795,-6.188603,2.228741,7.273535,1.111628,-1.671168,1.847972,0.648727,2.5511,0.071637,34.0,0.0,-24.45,-18.3,150.065,-13.1363,40.3924,5.0,29.99822,48.84395,2.3533044,340.6963,NaN,4.824,93.367744,353.8,6 / 25,15868,2022-01-10 17:04:48:397
-6.3341,1.587638,8.11795,-6.188603,2.228741,7.273535,1.111628,-1.671168,1.847972,0.648727,2.5511,0.071637,34.0,0.0,-24.45,-18.3,150.065,-13.1363,40.3924,5.0,29.99822,48.84395,2.3533044,340.6963,NaN,4.824,93.367744,353.8,6 / 25,15873,2022-01-10 17:04:48:402
-6.3341,1.587638,8.11795,-6.188603,2.228741,7.273535,1.111628,-1.671168,1.847972,0.648727,2.5511,0.071637,34.0,0.0,-24.45,-18.3,150.065,-13.1363,40.3924,5.0,29.99822,48.84395,2.3533044,340.6963,NaN,4.824,93.367744,353.8,6 / 25,15878,2022-01-10 17:04:48:407
-6.3341,1.587638,8.11795,-6.188603,2.228741,7.273535,1.111628,-1.671168,1.847972,0.648727,2.5511,0.071637,34.0,0.0,-24.45,-18.3,150.065,-13.1363,40.3924,5.0,29.99822,48.84395,2.3533044,340.6963,NaN,4.824,93.367744,353.8,6 / 25,15882,2022-01-10 17:04:48:411
-6.3341,1.587638,8.11795,-6.188603,2.228741,7.273535,1.111628,-1.671168,1.847972,0.648727,2.5511,0.071637,34.0,0.0,-24.45,-18.3,150.065,-13.1363,40.3924,5.0,31.95874,48.84395,2.3533044,340.6963,NaN,4.824,93.367744,353.8,6 / 25,15887,2022-01-10 17:04:48:416
-6.3341,1.587638,8.11795,-6.188603,2.228741,7.273535,1.111628,-1.671168,1.847972,0.648727,2.5511,0.071637,34.0,0.0,-24.45,-18.3,150.065,-13.1363,40.3924,5.0,31.95874,48.84395,2.3533044,340.6963,NaN,4.824,93.367744,353.8,6 / 25,15894,2022-01-10 17:04:48:423
-7.782057,2.015355,7.095019,-6.188603,2.228741,7.273535,1.111628,-1.671168,1.847972,0.648727,2.5511,0.071637,34.0,0.0,-24.45,-18.3,150.065,-13.1363,40.3924,5.0,31.95874,48.84395,2.3533044,340.6963,NaN,4.824,93.367744,353.8,6 / 25,15897,2022-01-10 17:04:48:426
-7.782057,2.015355,7.095019,-6.188603,2.228741,7.273535,1.111628,-1.671168,1.847972,0.648727,2.5511,0.071637,34.0,0.0,-24.45,-18.3,150.065,-13.1363,40.3924,5.0,31.95874,48.84395,2.3533044,340.6963,NaN,4.824,93.367744,353.8,6 / 25,15903,2022-01-10 17:04:48:432
-7.782057,2.015355,7.095019,-6.188603,2.228741,7.273535,1.111628,-1.671168,1.847972,0.648727,2.5511,0.071637,34.0,0.0,-24.45,-18.3,150.065,-13.1363,40.3924,5.0,31.95874,48.84395,2.3533044,340.6963,NaN,4.824,93.367744,353.8,6 / 25,15908,2022-01-10 17:04:48:437
-7.782057,2.015355,7.095019,-6.188603,2.228741,7.273535,1.111628,-1.671168,1.847972,0.648727,2.5511,0.071637,34.0,0.0,-24.45,-18.3,150.065,-13.1363,40.3924,5.0,31.95874,48.84395,2.3533044,340.6963,NaN,4.824,93.367744,353.8,6 / 25,15914,2022-01-10 17:04:48:443
-7.782057,2.015355,7.095019,-6.188603,2.228741,7.273535,1.111628,-1.671168,1.847972,0.648727,2.5511,0.071637,34.0,0.0,-24.45,-18.3,150.065,-13.1363,40.3924,5.0,31.95874,48.84395,2.3533044,340.6963,NaN,4.824,93.367744,353.8,6 / 25,15917,2022-01-10 17:04:48:446
-7.782057,2.015355,7.095019,-6.188603,2.228741,7.273535,1.111628,-1.671168,1.847972,0.648727,2.5511,0.071637,34.0,0.0,-24.45,-18.3,150.065,-13.1363,40.3924,5.0,31.95874,48.84395,2.3533044,340.6963,NaN,4.824,93.367744,353.8,6 / 25,15923,2022-01-10 17:04:48:452
-7.782057,2.015355,7.095019,-6.188603,2.228741,7.273535,1.111628,-1.671168,1.847972,0.648727,2.5511,0.071637,34.0,0.0,-24.45,-18.3,150.065,-13.1363,40.3924,5.0,31.95874,48.84395,2.3533044,340.6963,NaN,4.824,93.367744,353.8,6 / 25,15928,2022-01-10 17:04:48:457
-7.782057,2.015355,7.095019,-6.188603,2.228741,7.273535,1.111628,-1.671168,1.847972,0.648727,2.5511,0.071637,34.0,0.0,-24.45,-18.3,150.065,-13.1363,40.3924,5.0,31.95874,48.84395,2.3533044,340.6963,NaN,4.824,93.367744,353.8,6 / 25,15933,2022-01-10 17:04:48:462
-7.782057,2.015355,7.095019,-6.188603,2.228741,7.273535,1.111628,-1.671168,1.847972,0.648727,2.5511,0.071637,34.0,0.0,-24.45,-18.3,150.065,-13.1363,40.3924,5.0,31.95874,48.84395,2.3533044,340.6963,NaN,4.824,93.367744,353.8,6 / 25,15938,2022-01-10 17:04:48:467
-7.782057,2.015355,7.095019,-7.006849,2.592085,6.352603,-0.849925,-0.71461,0.595545,0.648727,2.5511,0.071637,34.0,0.0,-24.45,-18.3,150.065,-13.1363,40.3924,5.0,31.95874,48.84395,2.3533044,340.6963,NaN,4.824,93.367744,353.8,6 / 25,15943,2022-01-10 17:04:48:472
-7.782057,2.015355,7.095019,-7.006849,2.592085,6.352603,-0.849925,-0.71461,0.595545,0.648727,2.5511,0.071637,34.0,0.0,-24.45,-18.3,150.065,-13.1363,40.3924,5.0,31.95874,48.84395,2.3533044,340.6963,NaN,4.824,93.367744,353.8,6 / 25,15948,2022-01-10 17:04:48:477
-7.782057,2.015355,7.095019,-7.006849,2.592085,6.352603,-0.849925,-0.71461,0.595545,0.648727,2.5511,0.071637,34.0,0.0,-24.45,-18.3,150.065,-13.1363,40.3924,5.0,31.95874,48.84395,2.3533044,340.6963,NaN,4.824,93.367744,353.8,6 / 25,15952,2022-01-10 17:04:48:481
-7.782057,2.015355,7.095019,-7.006849,2.592085,6.352603,-0.849925,-0.71461,0.595545,-0.493602,-1.94192,-0.185217,34.0,0.0,-24.45,-18.3,150.065,-13.1363,40.3924,5.0,31.95874,48.84395,2.3533044,340.6963,NaN,4.824,93.367744,353.8,6 / 25,15958,2022-01-10 17:04:48:487
-7.782057,2.015355,7.095019,-7.006849,2.592085,6.352603,-0.849925,-0.71461,0.595545,-0.493602,-1.94192,-0.185217,34.0,0.0,-24.45,-18.3,150.065,-13.1363,40.3924,5.0,31.95874,48.84395,2.3533044,340.6963,NaN,4.824,93.367744,353.8,6 / 25,15964,2022-01-10 17:04:48:493
-7.782057,2.015355,7.095019,-7.006849,2.592085,6.352603,-0.849925,-0.71461,0.595545,-0.493602,-1.94192,-0.185217,34.0,0.0,-24.45,-18.3,150.065,-13.1363,40.3924,5.0,31.95874,48.84395,2.3533044,340.6963,NaN,4.824,93.367744,353.8,6 / 25,15967,2022-01-10 17:04:48:496
-7.782057,2.015355,7.095019,-7.006849,2.592085,6.352603,-0.849925,-0.71461,0.595545,-0.493602,-1.94192,-0.185217,34.0,0.0,-24.45,-18.3,150.065,-13.1363,40.3924,5.0,31.95874,48.84395,2.3533044,340.6963,NaN,4.824,93.367744,353.8,6 / 25,15973,2022-01-10 17:04:48:502
-7.782057,2.015355,7.095019,-7.006849,2.592085,6.352603,-0.849925,-0.71461,0.595545,-0.493602,-1.94192,-0.185217,34.0,0.0,-24.45,-18.3,150.065,-13.1363,40.3924,5.0,31.95874,48.84395,2.3533044,340.6963,NaN,4.824,93.367744,353.8,6 / 25,15978,2022-01-10 17:04:48:507
-7.782057,2.015355,7.095019,-7.006849,2.592085,6.352603,-0.849925,-0.71461,0.595545,-0.493602,-1.94192,-0.185217,34.0,0.0,-24.45,-18.3,150.065,-13.1363,40.3924,5.0,31.95874,48.84395,2.3533044,340.6963,NaN,4.824,93.367744,353.8,6 / 25,15983,2022-01-10 17:04:48:512
-7.782057,2.015355,7.095019,-7.006849,2.592085,6.352603,-0.849925,-0.71461,0.595545,-0.493602,-1.94192,-0.185217,34.0,0.0,-24.45,-18.3,150.065,-13.1363,40.3924,5.0,31.95874,48.84395,2.3533044,340.6963,NaN,4.824,93.367744,353.8,6 / 25,15988,2022-01-10 17:04:48:517
-7.782057,2.015355,7.095019,-7.006849,2.592085,6.352603,-0.849925,-0.71461,0.595545,-0.493602,-1.94192,-0.185217,34.0,0.0,-24.45,-18.3,150.065,-13.1363,40.3924,5.0,31.95874,48.84395,2.3533044,340.6963,NaN,4.824,93.367744,353.8,6 / 25,15993,2022-01-10 17:04:48:522
-5.72423,1.658226,6.416952,-7.006849,2.592085,6.352603,-0.849925,-0.71461,0.595545,-0.493602,-1.94192,-0.185217,34.0,13.275,-25.275,-15.3,172.8207,-15.3265,47.8037,5.0,31.95874,48.84395,2.3533044,340.6963,NaN,4.824,93.367744,353.8,6 / 25,15998,2022-01-10 17:04:48:527
-5.72423,1.658226,6.416952,-7.006849,2.592085,6.352603,-0.849925,-0.71461,0.595545,-0.493602,-1.94192,-0.185217,34.0,13.275,-25.275,-15.3,172.8207,-15.3265,47.8037,5.0,31.95874,48.84395,2.3533044,340.6963,NaN,4.824,93.367744,353.8,6 / 25,16002,2022-01-10 17:04:48:531
-5.72423,1.658226,6.416952,-7.006849,2.592085,6.352603,-0.849925,-0.71461,0.595545,-0.493602,-1.94192,-0.185217,34.0,13.275,-25.275,-15.3,172.8207,-15.3265,47.8037,5.0,31.95874,48.84395,2.3533044,340.6963,NaN,4.824,93.367744,353.8,6 / 25,16008,2022-01-10 17:04:48:537
-5.72423,1.658226,6.416952,-7.006849,2.592085,6.352603,-0.849925,-0.71461,0.595545,-0.493602,-1.94192,-0.185217,34.0,13.275,-25.275,-15.3,172.8207,-15.3265,47.8037,5.0,31.95874,48.84395,2.3533044,340.6963,NaN,4.824,93.367744,353.8,6 / 25,16013,2022-01-10 17:04:48:542
-5.72423,1.658226,6.416952,-7.006849,2.592085,6.352603,-0.849925,-0.71461,0.595545,-0.493602,-1.94192,-0.185217,34.0,13.275,-25.275,-15.3,172.8207,-15.3265,47.8037,5.0,31.95874,48.84395,2.3533044,340.6963,NaN,4.824,93.367744,353.8,6 / 25,16018,2022-01-10 17:04:48:547
-5.72423,1.658226,6.416952,-7.006849,2.592085,6.352603,-0.849925,-0.71461,0.595545,-0.493602,-1.94192,-0.185217,34.0,13.275,-25.275,-15.3,172.8207,-15.3265,47.8037,5.0,31.95874,48.84395,2.3533044,340.6963,NaN,4.824,93.367744,353.8,6 / 25,16022,2022-01-10 17:04:48:551
-5.72423,1.658226,6.416952,-7.006849,2.592085,6.352603,-0.849925,-0.71461,0.595545,-0.493602,-1.94192,-0.185217,34.0,13.275,-25.275,-15.3,172.8207,-15.3265,47.8037,5.0,31.95874,48.84395,2.3533044,340.6963,NaN,4.824,93.367744,353.8,6 / 25,16027,2022-01-10 17:04:48:556
-5.72423,1.658226,6.416952,-7.006849,2.592085,6.352603,-0.849925,-0.71461,0.595545,-0.493602,-1.94192,-0.185217,34.0,13.275,-25.275,-15.3,172.8207,-15.3265,47.8037,5.0,31.95874,48.84395,2.3533044,340.6963,NaN,4.824,93.367744,353.8,6 / 25,16032,2022-01-10 17:04:48:561
-5.72423,1.658226,6.416952,-7.006849,2.592085,6.352603,-0.849925,-0.71461,0.595545,-0.493602,-1.94192,-0.185217,34.0,13.275,-25.275,-15.3,172.8207,-15.3265,47.8037,5.0,31.95874,48.84395,2.3533044,340.6963,NaN,4.824,93.367744,353.8,6 / 25,16038,2022-01-10 17:04:48:567
-5.72423,1.658226,6.416952,-7.006849,2.592085,6.352603,-0.849925,-0.71461,0.595545,-0.493602,-1.94192,-0.185217,34.0,13.275,-25.275,-15.3,172.8207,-15.3265,47.8037,5.0,31.95874,48.84395,2.3533044,340.6963,NaN,4.824,93.367744,353.8,6 / 25,16042,2022-01-10 17:04:48:571
-5.72423,1.658226,6.416952,-7.006849,2.592085,6.352603,-0.849925,-0.71461,0.595545,-0.493602,-1.94192,-0.185217,34.0,13.275,-25.275,-15.3,172.8207,-15.3265,47.8037,5.0,31.95874,48.84395,2.3533044,340.6963,NaN,4.824,93.367744,353.8,6 / 25,16048,2022-01-10 17:04:48:577
-5.72423,1.658226,6.416952,-7.006849,2.592085,6.352603,-0.849925,-0.71461,0.595545,-0.493602,-1.94192,-0.185217,34.0,13.275,-25.275,-15.3,172.8207,-15.3265,47.8037,5.0,31.95874,48.84395,2.3533044,340.6963,NaN,4.824,93.367744,353.8,6 / 25,16052,2022-01-10 17:04:48:581
-5.72423,1.658226,6.416952,-7.006849,2.592085,6.352603,-0.849925,-0.71461,0.595545,-0.493602,-1.94192,-0.185217,34.0,13.275,-25.275,-15.3,172.8207,-15.3265,47.8037,5.0,31.95874,48.84395,2.3533044,340.6963,NaN,4.824,93.367744,353.8,6 / 25,16057,2022-01-10 17:04:48:586
-5.72423,1.658226,6.416952,-7.006849,2.592085,6.352603,-0.849925,-0.71461,0.595545,-0.493602,-1.94192,-0.185217,34.0,13.275,-25.275,-15.3,172.8207,-15.3265,47.8037,5.0,31.95874,48.84395,2.3533044,340.6963,NaN,4.824,93.367744,353.8,6 / 25,16063,2022-01-10 17:04:48:592
-5.72423,1.658226,6.416952,-4.482992,1.503581,8.591415,-1.611175,0.284187,-1.774829,-0.493602,-1.94192,-0.185217,34.0,13.275,-25.275,-15.3,172.8207,-15.3265,47.8037,5.0,31.95874,48.84395,2.3533044,340.6963,NaN,4.824,93.367744,353.8,6 / 25,16068,2022-01-10 17:04:48:597
-5.72423,1.658226,6.416952,-4.482992,1.503581,8.591415,-1.611175,0.284187,-1.774829,-0.493602,-1.94192,-0.185217,34.0,13.275,-25.275,-15.3,172.8207,-15.3265,47.8037,5.0,31.95874,48.84395,2.3533044,340.6963,NaN,4.824,93.367744,353.8,6 / 25,16073,2022-01-10 17:04:48:602
-5.72423,1.658226,6.416952,-4.482992,1.503581,8.591415,-1.611175,0.284187,-1.774829,-0.493602,-1.94192,-0.185217,34.0,13.275,-25.275,-15.3,172.8207,-15.3265,47.8037,5.0,31.95874,48.84395,2.3533044,340.6963,NaN,4.824,93.367744,353.8,6 / 25,16077,2022-01-10 17:04:48:606
-5.72423,1.658226,6.416952,-4.482992,1.503581,8.591415,-1.611175,0.284187,-1.774829,-0.493602,-1.94192,-0.185217,34.0,13.275,-25.275,-15.3,172.8207,-15.3265,47.8037,5.0,31.95874,48.84395,2.3533044,340.6963,NaN,4.824,93.367744,353.8,6 / 25,16083,2022-01-10 17:04:48:612
-5.72423,1.658226,6.416952,-4.482992,1.503581,8.591415,-1.611175,0.284187,-1.774829,-0.493602,-1.94192,-0.185217,34.0,13.275,-25.275,-15.3,172.8207,-15.3265,47.8037,5.0,31.95874,48.84395,2.3533044,340.6963,NaN,4.824,93.367744,353.8,6 / 25,16087,2022-01-10 17:04:48:616
-3.875176,1.055833,9.128918,-4.482992,1.503581,8.591415,-1.611175,0.284187,-1.774829,-1.070559,-3.071466,-0.164046,34.0,13.275,-25.275,-15.3,172.8207,-15.3265,47.8037,5.0,31.95874,48.84395,2.3533044,340.6963,NaN,4.824,93.367744,353.8,6 / 25,16120,2022-01-10 17:04:48:649
-3.875176,1.055833,9.128918,-4.482992,1.503581,8.591415,-1.611175,0.284187,-1.774829,-1.070559,-3.071466,-0.164046,34.0,13.275,-25.275,-15.3,172.8207,-15.3265,47.8037,5.0,31.95874,48.84395,2.3533044,340.6963,NaN,4.824,93.367744,353.8,6 / 25,16121,2022-01-10 17:04:48:650
-3.875176,1.055833,9.128918,-4.482992,1.503581,8.591415,-1.611175,0.284187,-1.774829,-1.070559,-3.071466,-0.164046,34.0,13.275,-25.275,-15.3,172.8207,-15.3265,47.8037,5.0,31.95874,48.84395,2.3533044,340.6963,NaN,4.824,93.367744,353.8,6 / 25,16121,2022-01-10 17:04:48:650
-3.875176,1.055833,9.128918,-4.482992,1.503581,8.591415,-1.611175,0.284187,-1.774829,-1.070559,-3.071466,-0.164046,34.0,13.275,-25.275,-15.3,172.8207,-15.3265,47.8037,5.0,31.95874,48.84395,2.3533044,340.6963,NaN,4.824,93.367744,353.8,6 / 25,16121,2022-01-10 17:04:48:650
-3.875176,1.055833,9.128918,-4.482992,1.503581,8.591415,-1.611175,0.284187,-1.774829,-1.070559,-3.071466,-0.164046,34.0,13.275,-25.275,-15.3,172.8207,-15.3265,47.8037,5.0,31.95874,48.84395,2.3533044,340.6963,NaN,4.824,93.367744,353.8,6 / 25,16121,2022-01-10 17:04:48:650
-3.875176,1.055833,9.128918,-4.482992,1.503581,8.591415,-1.611175,0.284187,-1.774829,-1.070559,-3.071466,-0.164046,34.0,13.275,-25.275,-15.3,172.8207,-15.3265,47.8037,5.0,31.95874,48.84395,2.3533044,340.6963,NaN,4.824,93.367744,353.8,6 / 25,16121,2022-01-10 17:04:48:650
-3.875176,1.055833,9.128918,-4.482992,1.503581,8.591415,-1.611175,0.284187,-1.774829,-1.070559,-3.071466,-0.164046,34.0,13.275,-25.275,-15.3,172.8207,-15.3265,47.8037,5.0,31.95874,48.84395,2.3533044,340.6963,NaN,4.824,93.367744,353.8,6 / 25,16123,2022-01-10 17:04:48:652
-3.875176,1.055833,9.128918,-4.482992,1.503581,8.591415,-1.611175,0.284187,-1.774829,-1.070559,-3.071466,-0.164046,34.0,13.275,-25.275,-15.3,172.8207,-15.3265,47.8037,5.0,31.95874,48.84395,2.3533044,340.6963,NaN,4.824,93.367744,353.8,6 / 25,16128,2022-01-10 17:04:48:657
-3.875176,1.055833,9.128918,-4.482992,1.503581,8.591415,-1.611175,0.284187,-1.774829,-1.070559,-3.071466,-0.164046,38.0,13.275,-25.275,-15.3,172.8207,-15.3265,47.8037,5.0,31.95874,48.84395,2.3533044,340.6963,NaN,4.824,93.367744,353.8,6 / 25,16133,2022-01-10 17:04:48:662
-3.875176,1.055833,9.128918,-4.482992,1.503581,8.591415,-1.611175,0.284187,-1.774829,-1.070559,-3.071466,-0.164046,38.0,13.275,-25.275,-15.3,172.8207,-15.3265,47.8037,5.0,31.95874,48.84395,2.3533044,340.6963,NaN,4.824,93.367744,353.8,6 / 25,16137,2022-01-10 17:04:48:666
-3.875176,1.055833,9.128918,-4.482992,1.503581,8.591415,-1.611175,0.284187,-1.774829,-1.070559,-3.071466,-0.164046,38.0,13.275,-25.275,-15.3,172.8207,-15.3265,47.8037,5.0,31.95874,48.84395,2.3533044,340.6963,NaN,4.824,93.367744,353.8,6 / 25,16143,2022-01-10 17:04:48:672
-3.875176,1.055833,9.128918,-4.482992,1.503581,8.591415,-1.611175,0.284187,-1.774829,-1.070559,-3.071466,-0.164046,38.0,13.275,-25.275,-15.3,172.8207,-15.3265,47.8037,5.0,31.95874,48.84395,2.3533044,340.6963,NaN,4.824,93.367744,353.8,6 / 25,16148,2022-01-10 17:04:48:677
-3.875176,1.055833,9.128918,-4.482992,1.503581,8.591415,-1.611175,0.284187,-1.774829,-1.070559,-3.071466,-0.164046,38.0,13.275,-25.275,-15.3,172.8207,-15.3265,47.8037,5.0,31.95874,48.84395,2.3533044,340.6963,NaN,4.824,93.367744,353.8,6 / 25,16153,2022-01-10 17:04:48:682
-3.875176,1.055833,9.128918,-4.482992,1.503581,8.591415,-1.611175,0.284187,-1.774829,-1.070559,-3.071466,-0.164046,38.0,13.275,-25.275,-15.3,172.8207,-15.3265,47.8037,5.0,31.95874,48.84395,2.3533044,340.6963,NaN,4.824,93.367744,353.8,6 / 25,16157,2022-01-10 17:04:48:686
-3.875176,1.055833,9.128918,-4.482992,1.503581,8.591415,-1.611175,0.284187,-1.774829,-1.070559,-3.071466,-0.164046,38.0,22.05,-24.825,-14.25,211.5224,-8.8195,27.5555,5.0,31.95874,48.84395,2.3533044,340.6963,NaN,4.824,93.367744,353.8,6 / 25,16163,2022-01-10 17:04:48:692
-3.875176,1.055833,9.128918,-4.482992,1.503581,8.591415,-1.611175,0.284187,-1.774829,-1.070559,-3.071466,-0.164046,38.0,22.05,-24.825,-14.25,211.5224,-8.8195,27.5555,5.0,31.95874,48.84395,2.3533044,340.6963,NaN,4.824,93.367744,353.8,6 / 25,16168,2022-01-10 17:04:48:697
-3.875176,1.055833,9.128918,-4.482992,1.503581,8.591415,-1.611175,0.284187,-1.774829,-1.070559,-3.071466,-0.164046,38.0,22.05,-24.825,-14.25,211.5224,-8.8195,27.5555,5.0,31.95874,48.84395,2.3533044,340.6963,NaN,4.824,93.367744,353.8,6 / 25,16172,2022-01-10 17:04:48:701
-3.875176,1.055833,9.128918,-4.482992,1.503581,8.591415,-1.611175,0.284187,-1.774829,-1.070559,-3.071466,-0.164046,38.0,22.05,-24.825,-14.25,211.5224,-8.8195,27.5555,5.0,31.95874,48.84395,2.3533044,340.6963,NaN,4.824,93.367744,353.8,6 / 25,16178,2022-01-10 17:04:48:707
-3.875176,1.055833,9.128918,-4.482992,1.503581,8.591415,-1.611175,0.284187,-1.774829,-1.070559,-3.071466,-0.164046,38.0,22.05,-24.825,-14.25,211.5224,-8.8195,27.5555,5.0,31.95874,48.84395,2.3533044,340.6963,NaN,4.824,93.367744,353.8,6 / 25,16182,2022-01-10 17:04:48:711
-3.875176,1.055833,9.128918,-0.60757,0.676188,9.764426,-2.865585,0.167105,-0.157842,-1.070559,-3.071466,-0.164046,38.0,22.05,-24.825,-14.25,211.5224,-8.8195,27.5555,5.0,31.95874,48.84395,2.3533044,340.6963,NaN,4.824,93.367744,353.8,6 / 25,16188,2022-01-10 17:04:48:717
-3.875176,1.055833,9.128918,-0.60757,0.676188,9.764426,-2.865585,0.167105,-0.157842,-1.070559,-3.071466,-0.164046,38.0,22.05,-24.825,-14.25,211.5224,-8.8195,27.5555,5.0,31.95874,48.84395,2.3533044,340.6963,NaN,4.824,93.367744,353.8,6 / 25,16192,2022-01-10 17:04:48:721
-3.875176,1.055833,9.128918,-0.60757,0.676188,9.764426,-2.865585,0.167105,-0.157842,-1.070559,-3.071466,-0.164046,38.0,22.05,-24.825,-14.25,211.5224,-8.8195,27.5555,5.0,31.95874,48.84395,2.3533044,340.6963,NaN,4.824,93.367744,353.8,6 / 25,16197,2022-01-10 17:04:48:726
-3.875176,1.055833,9.128918,-0.60757,0.676188,9.764426,-2.865585,0.167105,-0.157842,-1.070559,-3.071466,-0.164046,38.0,22.05,-24.825,-14.25,211.5224,-8.8195,27.5555,5.0,31.95874,48.84395,2.3533044,340.6963,NaN,4.824,93.367744,353.8,6 / 25,16202,2022-01-10 17:04:48:731
-3.875176,1.055833,9.128918,-0.60757,0.676188,9.764426,-2.865585,0.167105,-0.157842,-1.070559,-3.071466,-0.164046,38.0,22.05,-24.825,-14.25,211.5224,-8.8195,27.5555,5.0,31.95874,48.84395,2.3533044,340.6963,NaN,4.824,93.367744,353.8,6 / 25,16208,2022-01-10 17:04:48:737
-3.875176,1.055833,9.128918,-0.60757,0.676188,9.764426,-2.865585,0.167105,-0.157842,-1.070559,-3.071466,-0.164046,38.0,22.05,-24.825,-14.25,211.5224,-8.8195,27.5555,5.0,22.25878,48.84395,2.3533044,340.6963,NaN,4.824,93.367744,353.8,6 / 25,16212,2022-01-10 17:04:48:741
-3.875176,1.055833,9.128918,-0.60757,0.676188,9.764426,-2.865585,0.167105,-0.157842,-1.070559,-3.071466,-0.164046,38.0,22.05,-24.825,-14.25,211.5224,-8.8195,27.5555,5.0,22.25878,48.84395,2.3533044,340.6963,NaN,4.824,93.367744,353.8,6 / 25,16217,2022-01-10 17:04:48:746
-3.875176,1.055833,9.128918,-0.60757,0.676188,9.764426,-2.865585,0.167105,-0.157842,-1.070559,-3.071466,-0.164046,38.0,22.05,-24.825,-14.25,211.5224,-8.8195,27.5555,5.0,22.25878,48.84395,2.3533044,340.6963,NaN,4.824,93.367744,353.8,6 / 25,16223,2022-01-10 17:04:48:752
1.069293,-0.105882,9.158828,-0.60757,0.676188,9.764426,-2.865585,0.167105,-0.157842,-1.070559,-3.071466,-0.164046,38.0,22.05,-24.825,-14.25,211.5224,-8.8195,27.5555,5.0,22.25878,48.84395,2.3533044,340.6963,NaN,4.824,93.367744,353.8,6 / 25,16228,2022-01-10 17:04:48:757
1.069293,-0.105882,9.158828,-0.60757,0.676188,9.764426,-2.865585,0.167105,-0.157842,-1.070559,-3.071466,-0.164046,38.0,22.05,-24.825,-14.25,211.5224,-8.8195,27.5555,5.0,22.25878,48.84395,2.3533044,340.6963,NaN,4.824,93.367744,353.8,6 / 25,16232,2022-01-10 17:04:48:761
1.069293,-0.105882,9.158828,-0.60757,0.676188,9.764426,-2.865585,0.167105,-0.157842,-1.070559,-3.071466,-0.164046,38.0,22.05,-24.825,-14.25,211.5224,-8.8195,27.5555,5.0,22.25878,48.84395,2.3533044,340.6963,NaN,4.824,93.367744,353.8,6 / 25,16238,2022-01-10 17:04:48:767
1.069293,-0.105882,9.158828,-0.60757,0.676188,9.764426,-2.865585,0.167105,-0.157842,-1.070559,-3.071466,-0.164046,38.0,22.05,-24.825,-14.25,211.5224,-8.8195,27.5555,5.0,22.25878,48.84395,2.3533044,340.6963,NaN,4.824,93.367744,353.8,6 / 25,16243,2022-01-10 17:04:48:772
1.069293,-0.105882,9.158828,-0.60757,0.676188,9.764426,-2.865585,0.167105,-0.157842,-1.006246,-4.64881,0.468037,38.0,22.05,-24.825,-14.25,211.5224,-8.8195,27.5555,5.0,22.25878,48.84395,2.3533044,340.6963,NaN,4.824,93.367744,353.8,6 / 25,16247,2022-01-10 17:04:48:776
1.069293,-0.105882,9.158828,-0.60757,0.676188,9.764426,-2.865585,0.167105,-0.157842,-1.006246,-4.64881,0.468037,38.0,22.05,-24.825,-14.25,211.5224,-8.8195,27.5555,5.0,22.25878,48.84395,2.3533044,340.6963,NaN,4.824,93.367744,353.8,6 / 25,16253,2022-01-10 17:04:48:782
1.069293,-0.105882,9.158828,-0.60757,0.676188,9.764426,-2.865585,0.167105,-0.157842,-1.006246,-4.64881,0.468037,38.0,22.05,-24.825,-14.25,211.5224,-8.8195,27.5555,5.0,22.25878,48.84395,2.3533044,340.6963,NaN,4.824,93.367744,353.8,6 / 25,16258,2022-01-10 17:04:48:787
1.069293,-0.105882,9.158828,-0.60757,0.676188,9.764426,-2.865585,0.167105,-0.157842,-1.006246,-4.64881,0.468037,38.0,22.05,-24.825,-14.25,211.5224,-8.8195,27.5555,5.0,22.25878,48.84395,2.3533044,340.6963,NaN,4.824,93.367744,353.8,6 / 25,16263,2022-01-10 17:04:48:792
1.069293,-0.105882,9.158828,-0.60757,0.676188,9.764426,-2.865585,0.167105,-0.157842,-1.006246,-4.64881,0.468037,38.0,22.05,-24.825,-14.25,211.5224,-8.8195,27.5555,5.0,22.25878,48.84395,2.3533044,340.6963,NaN,4.824,93.367744,353.8,6 / 25,16268,2022-01-10 17:04:48:797
1.069293,-0.105882,9.158828,-0.60757,0.676188,9.764426,-2.865585,0.167105,-0.157842,-1.006246,-4.64881,0.468037,38.0,22.05,-24.825,-14.25,211.5224,-8.8195,27.5555,5.0,22.25878,48.84395,2.3533044,340.6963,NaN,4.824,93.367744,353.8,6 / 25,16274,2022-01-10 17:04:48:803
1.069293,-0.105882,9.158828,-0.60757,0.676188,9.764426,-2.865585,0.167105,-0.157842,-1.006246,-4.64881,0.468037,38.0,22.05,-24.825,-14.25,211.5224,-8.8195,27.5555,5.0,22.25878,48.84395,2.3533044,340.6963,NaN,4.824,93.367744,353.8,6 / 25,16278,2022-01-10 17:04:48:807
1.069293,-0.105882,9.158828,-0.60757,0.676188,9.764426,-2.865585,0.167105,-0.157842,-1.006246,-4.64881,0.468037,38.0,22.05,-24.825,-14.25,211.5224,-8.8195,27.5555,5.0,22.25878,48.84395,2.3533044,340.6963,NaN,4.824,93.367744,353.8,6 / 25,16282,2022-01-10 17:04:48:811
1.069293,-0.105882,9.158828,-0.60757,0.676188,9.764426,-2.865585,0.167105,-0.157842,-1.006246,-4.64881,0.468037,38.0,22.05,-24.825,-14.25,211.5224,-8.8195,27.5555,5.0,22.25878,48.84395,2.3533044,340.6963,NaN,4.824,93.367744,353.8,6 / 25,16289,2022-01-10 17:04:48:818
1.069293,-0.105882,9.158828,-0.60757,0.676188,9.764426,-2.865585,0.167105,-0.157842,-1.006246,-4.64881,0.468037,38.0,22.05,-24.825,-14.25,211.5224,-8.8195,27.5555,5.0,22.25878,48.84395,2.3533044,340.6963,NaN,4.824,93.367744,353.8,6 / 25,16293,2022-01-10 17:04:48:822
1.069293,-0.105882,9.158828,-0.60757,0.676188,9.764426,-2.865585,0.167105,-0.157842,-1.006246,-4.64881,0.468037,38.0,22.05,-24.825,-14.25,211.5224,-8.8195,27.5555,5.0,22.25878,48.84395,2.3533044,340.6963,NaN,4.824,93.367744,353.8,6 / 25,16298,2022-01-10 17:04:48:827
1.069293,-0.105882,9.158828,4.524304,-0.56388,8.682343,-2.106265,0.678697,1.046751,-1.006246,-4.64881,0.468037,38.0,22.05,-24.825,-14.25,211.5224,-8.8195,27.5555,5.0,22.25878,48.84395,2.3533044,340.6963,NaN,4.824,93.367744,353.8,6 / 25,16302,2022-01-10 17:04:48:831
1.069293,-0.105882,9.158828,4.524304,-0.56388,8.682343,-2.106265,0.678697,1.046751,-1.006246,-4.64881,0.468037,18.0,22.05,-24.825,-14.25,211.5224,-8.8195,27.5555,5.0,22.25878,48.84395,2.3533044,340.6963,NaN,4.824,93.367744,353.8,6 / 25,16308,2022-01-10 17:04:48:837
1.069293,-0.105882,9.158828,4.524304,-0.56388,8.682343,-2.106265,0.678697,1.046751,-1.006246,-4.64881,0.468037,18.0,22.05,-24.825,-14.25,211.5224,-8.8195,27.5555,5.0,22.25878,48.84395,2.3533044,340.6963,NaN,4.824,93.367744,353.8,6 / 25,16313,2022-01-10 17:04:48:842
1.069293,-0.105882,9.158828,4.524304,-0.56388,8.682343,-2.106265,0.678697,1.046751,-1.006246,-4.64881,0.468037,18.0,22.05,-24.825,-14.25,211.5224,-8.8195,27.5555,5.0,22.25878,48.84395,2.3533044,340.6963,NaN,4.824,93.367744,353.8,6 / 25,16318,2022-01-10 17:04:48:847
1.069293,-0.105882,9.158828,4.524304,-0.56388,8.682343,-2.106265,0.678697,1.046751,-1.006246,-4.64881,0.468037,18.0,22.05,-24.825,-14.25,211.5224,-8.8195,27.5555,5.0,22.25878,48.84395,2.3533044,340.6963,NaN,4.824,93.367744,353.8,6 / 25,16323,2022-01-10 17:04:48:852
1.069293,-0.105882,9.158828,4.524304,-0.56388,8.682343,-2.106265,0.678697,1.046751,-1.006246,-4.64881,0.468037,18.0,22.05,-24.825,-14.25,211.5224,-8.8195,27.5555,5.0,22.25878,48.84395,2.3533044,340.6963,NaN,4.824,93.367744,353.8,6 / 25,16328,2022-01-10 17:04:48:857
1.069293,-0.105882,9.158828,4.524304,-0.56388,8.682343,-2.106265,0.678697,1.046751,-1.006246,-4.64881,0.468037,18.0,22.05,-24.825,-14.25,211.5224,-8.8195,27.5555,5.0,22.25878,48.84395,2.3533044,340.6963,NaN,4.824,93.367744,353.8,6 / 25,16333,2022-01-10 17:04:48:862
5.493622,0.19352,7.693822,4.524304,-0.56388,8.682343,-2.106265,0.678697,1.046751,-1.006246,-4.64881,0.468037,18.0,15.0,-22.65,-18.9,223.1796,3.2963,-27.5237,5.0,22.25878,48.84395,2.3533044,340.6963,NaN,4.824,93.367744,353.8,6 / 25,16338,2022-01-10 17:04:48:867
5.493622,0.19352,7.693822,4.524304,-0.56388,8.682343,-2.106265,0.678697,1.046751,-1.006246,-4.64881,0.468037,18.0,15.0,-22.65,-18.9,223.1796,3.2963,-27.5237,5.0,22.25878,48.84395,2.3533044,340.6963,NaN,4.824,93.367744,353.8,6 / 25,16343,2022-01-10 17:04:48:872
5.493622,0.19352,7.693822,4.524304,-0.56388,8.682343,-2.106265,0.678697,1.046751,-1.006246,-4.64881,0.468037,18.0,15.0,-22.65,-18.9,223.1796,3.2963,-27.5237,5.0,22.25878,48.84395,2.3533044,340.6963,NaN,4.824,93.367744,353.8,6 / 25,16348,2022-01-10 17:04:48:877
5.493622,0.19352,7.693822,4.524304,-0.56388,8.682343,-2.106265,0.678697,1.046751,-1.006246,-4.64881,0.468037,18.0,15.0,-22.65,-18.9,223.1796,3.2963,-27.5237,5.0,22.25878,48.84395,2.3533044,340.6963,NaN,4.824,93.367744,353.8,6 / 25,16353,2022-01-10 17:04:48:882
5.493622,0.19352,7.693822,4.524304,-0.56388,8.682343,-2.106265,0.678697,1.046751,-1.006246,-4.64881,0.468037,18.0,15.0,-22.65,-18.9,223.1796,3.2963,-27.5237,5.0,22.25878,48.84395,2.3533044,340.6963,NaN,4.824,93.367744,353.8,6 / 25,16357,2022-01-10 17:04:48:886
5.493622,0.19352,7.693822,4.524304,-0.56388,8.682343,-2.106265,0.678697,1.046751,-1.006246,-4.64881,0.468037,18.0,15.0,-22.65,-18.9,223.1796,3.2963,-27.5237,5.0,22.25878,48.84395,2.3533044,340.6963,NaN,4.824,93.367744,353.8,6 / 25,16363,2022-01-10 17:04:48:892
5.493622,0.19352,7.693822,4.524304,-0.56388,8.682343,-2.106265,0.678697,1.046751,-1.006246,-4.64881,0.468037,18.0,15.0,-22.65,-18.9,223.1796,3.2963,-27.5237,5.0,22.25878,48.84395,2.3533044,340.6963,NaN,4.824,93.367744,353.8,6 / 25,16368,2022-01-10 17:04:48:897
5.493622,0.19352,7.693822,4.524304,-0.56388,8.682343,-2.106265,0.678697,1.046751,-1.006246,-4.64881,0.468037,18.0,15.0,-22.65,-18.9,223.1796,3.2963,-27.5237,5.0,22.25878,48.84395,2.3533044,340.6963,NaN,4.824,93.367744,353.8,6 / 25,16372,2022-01-10 17:04:48:901
5.493622,0.19352,7.693822,4.524304,-0.56388,8.682343,-2.106265,0.678697,1.046751,-0.35672,-3.014476,-0.178693,18.0,15.0,-22.65,-18.9,223.1796,3.2963,-27.5237,5.0,22.25878,48.84395,2.3533044,340.6963,NaN,4.824,93.367744,353.8,6 / 25,16378,2022-01-10 17:04:48:907
5.493622,0.19352,7.693822,4.524304,-0.56388,8.682343,-2.106265,0.678697,1.046751,-0.35672,-3.014476,-0.178693,18.0,15.0,-22.65,-18.9,223.1796,3.2963,-27.5237,5.0,22.25878,48.84395,2.3533044,340.6963,NaN,4.824,93.367744,353.8,6 / 25,16383,2022-01-10 17:04:48:912
5.493622,0.19352,7.693822,4.524304,-0.56388,8.682343,-2.106265,0.678697,1.046751,-0.35672,-3.014476,-0.178693,18.0,15.0,-22.65,-18.9,223.1796,3.2963,-27.5237,5.0,22.25878,48.84395,2.3533044,340.6963,NaN,4.824,93.367744,353.8,6 / 25,16388,2022-01-10 17:04:48:917
5.493622,0.19352,7.693822,4.524304,-0.56388,8.682343,-2.106265,0.678697,1.046751,-0.35672,-3.014476,-0.178693,18.0,15.0,-22.65,-18.9,223.1796,3.2963,-27.5237,5.0,22.25878,48.84395,2.3533044,340.6963,NaN,4.824,93.367744,353.8,6 / 25,16394,2022-01-10 17:04:48:923
5.493622,0.19352,7.693822,4.524304,-0.56388,8.682343,-2.106265,0.678697,1.046751,-0.35672,-3.014476,-0.178693,18.0,15.0,-22.65,-18.9,223.1796,3.2963,-27.5237,5.0,22.25878,48.84395,2.3533044,340.6963,NaN,4.824,93.367744,353.8,6 / 25,16397,2022-01-10 17:04:48:926
5.493622,0.19352,7.693822,4.524304,-0.56388,8.682343,-2.106265,0.678697,1.046751,-0.35672,-3.014476,-0.178693,18.0,15.0,-22.65,-18.9,223.1796,3.2963,-27.5237,5.0,22.25878,48.84395,2.3533044,340.6963,NaN,4.824,93.367744,353.8,6 / 25,16404,2022-01-10 17:04:48:933
5.493622,0.19352,7.693822,4.524304,-0.56388,8.682343,-2.106265,0.678697,1.046751,-0.35672,-3.014476,-0.178693,18.0,15.0,-22.65,-18.9,223.1796,3.2963,-27.5237,5.0,22.25878,48.84395,2.3533044,340.6963,NaN,4.824,93.367744,353.8,6 / 25,16408,2022-01-10 17:04:48:937
5.493622,0.19352,7.693822,4.524304,-0.56388,8.682343,-2.106265,0.678697,1.046751,-0.35672,-3.014476,-0.178693,18.0,15.0,-22.65,-18.9,223.1796,3.2963,-27.5237,5.0,22.25878,48.84395,2.3533044,340.6963,NaN,4.824,93.367744,353.8,6 / 25,16413,2022-01-10 17:04:48:942
7.384849,-0.540778,7.079465,6.883212,-0.67876,6.952055,-0.725432,0.672933,0.637139,-0.35672,-3.014476,-0.178693,18.0,15.0,-22.65,-18.9,223.1796,3.2963,-27.5237,5.0,22.25878,48.84395,2.3533044,340.6963,NaN,4.824,93.367744,353.8,6 / 25,16418,2022-01-10 17:04:48:947
7.384849,-0.540778,7.079465,6.883212,-0.67876,6.952055,-0.725432,0.672933,0.637139,-0.35672,-3.014476,-0.178693,18.0,15.0,-22.65,-18.9,223.1796,3.2963,-27.5237,5.0,22.25878,48.84395,2.3533044,340.6963,NaN,4.824,93.367744,353.8,6 / 25,16423,2022-01-10 17:04:48:952
7.384849,-0.540778,7.079465,6.883212,-0.67876,6.952055,-0.725432,0.672933,0.637139,-0.35672,-3.014476,-0.178693,18.0,15.0,-22.65,-18.9,223.1796,3.2963,-27.5237,5.0,22.25878,48.84395,2.3533044,340.6963,NaN,4.824,93.367744,353.8,6 / 25,16429,2022-01-10 17:04:48:958
7.384849,-0.540778,7.079465,6.883212,-0.67876,6.952055,-0.725432,0.672933,0.637139,-0.35672,-3.014476,-0.178693,18.0,15.0,-22.65,-18.9,223.1796,3.2963,-27.5237,5.0,22.25878,48.84395,2.3533044,340.6963,NaN,4.824,93.367744,353.8,6 / 25,16433,2022-01-10 17:04:48:962
7.384849,-0.540778,7.079465,6.883212,-0.67876,6.952055,-0.725432,0.672933,0.637139,-0.35672,-3.014476,-0.178693,18.0,15.0,-22.65,-18.9,223.1796,3.2963,-27.5237,5.0,22.25878,48.84395,2.3533044,340.6963,NaN,4.824,93.367744,353.8,6 / 25,16438,2022-01-10 17:04:48:967
7.384849,-0.540778,7.079465,6.883212,-0.67876,6.952055,-0.725432,0.672933,0.637139,-0.35672,-3.014476,-0.178693,18.0,15.0,-22.65,-18.9,223.1796,3.2963,-27.5237,5.0,22.25878,48.84395,2.3533044,340.6963,NaN,4.824,93.367744,353.8,6 / 25,16443,2022-01-10 17:04:48:972
7.384849,-0.540778,7.079465,6.883212,-0.67876,6.952055,-0.725432,0.672933,0.637139,-0.35672,-3.014476,-0.178693,18.0,15.0,-22.65,-18.9,223.1796,3.2963,-27.5237,5.0,22.25878,48.84395,2.3533044,340.6963,NaN,4.824,93.367744,353.8,6 / 25,16448,2022-01-10 17:04:48:977
7.384849,-0.540778,7.079465,6.883212,-0.67876,6.952055,-0.725432,0.672933,0.637139,-0.35672,-3.014476,-0.178693,18.0,15.0,-22.65,-18.9,223.1796,3.2963,-27.5237,5.0,22.25878,48.84395,2.3533044,340.6963,NaN,4.824,93.367744,353.8,6 / 25,16453,2022-01-10 17:04:48:982
7.384849,-0.540778,7.079465,6.883212,-0.67876,6.952055,-0.725432,0.672933,0.637139,-0.35672,-3.014476,-0.178693,18.0,3.0,-20.55,-24.675,221.8309,3.9689,-44.7149,5.0,22.25878,48.84395,2.3533044,340.6963,NaN,4.824,93.367744,353.8,6 / 25,16458,2022-01-10 17:04:48:987
7.384849,-0.540778,7.079465,6.883212,-0.67876,6.952055,-0.725432,0.672933,0.637139,-0.35672,-3.014476,-0.178693,18.0,3.0,-20.55,-24.675,221.8309,3.9689,-44.7149,5.0,22.25878,48.84395,2.3533044,340.6963,NaN,4.824,93.367744,353.8,6 / 25,16463,2022-01-10 17:04:48:992
7.384849,-0.540778,7.079465,6.883212,-0.67876,6.952055,-0.725432,0.672933,0.637139,-0.35672,-3.014476,-0.178693,18.0,3.0,-20.55,-24.675,221.8309,3.9689,-44.7149,5.0,22.25878,48.84395,2.3533044,340.6963,NaN,4.824,93.367744,353.8,6 / 25,16468,2022-01-10 17:04:48:997
7.384849,-0.540778,7.079465,6.883212,-0.67876,6.952055,-0.725432,0.672933,0.637139,-0.35672,-3.014476,-0.178693,18.0,3.0,-20.55,-24.675,221.8309,3.9689,-44.7149,5.0,22.25878,48.84395,2.3533044,340.6963,NaN,4.824,93.367744,353.8,6 / 25,16473,2022-01-10 17:04:49:002
7.384849,-0.540778,7.079465,6.883212,-0.67876,6.952055,-0.725432,0.672933,0.637139,-0.35672,-3.014476,-0.178693,18.0,3.0,-20.55,-24.675,221.8309,3.9689,-44.7149,5.0,22.25878,48.84395,2.3533044,340.6963,NaN,4.824,93.367744,353.8,6 / 25,16479,2022-01-10 17:04:49:008
7.384849,-0.540778,7.079465,6.883212,-0.67876,6.952055,-0.725432,0.672933,0.637139,-0.35672,-3.014476,-0.178693,18.0,3.0,-20.55,-24.675,221.8309,3.9689,-44.7149,5.0,22.25878,48.84395,2.3533044,340.6963,NaN,4.824,93.367744,353.8,6 / 25,16483,2022-01-10 17:04:49:012
7.384849,-0.540778,7.079465,6.883212,-0.67876,6.952055,-0.725432,0.672933,0.637139,-0.35672,-3.014476,-0.178693,18.0,3.0,-20.55,-24.675,221.8309,3.9689,-44.7149,5.0,22.25878,48.84395,2.3533044,340.6963,NaN,4.824,93.367744,353.8,6 / 25,16488,2022-01-10 17:04:49:017
7.384849,-0.540778,7.079465,6.883212,-0.67876,6.952055,-0.725432,0.672933,0.637139,-0.35672,-3.014476,-0.178693,18.0,3.0,-20.55,-24.675,221.8309,3.9689,-44.7149,5.0,22.25878,48.84395,2.3533044,340.6963,NaN,4.824,93.367744,353.8,6 / 25,16492,2022-01-10 17:04:49:021
7.384849,-0.540778,7.079465,6.883212,-0.67876,6.952055,-0.725432,0.672933,0.637139,0.75019,-0.010652,0.36138,18.0,3.0,-20.55,-24.675,221.8309,3.9689,-44.7149,5.0,22.25878,48.84395,2.3533044,340.6963,NaN,4.824,93.367744,353.8,6 / 25,16498,2022-01-10 17:04:49:027
7.584949,-1.119243,7.338189,6.883212,-0.67876,6.952055,-0.725432,0.672933,0.637139,0.75019,-0.010652,0.36138,18.0,3.0,-20.55,-24.675,221.8309,3.9689,-44.7149,5.0,22.25878,48.84395,2.3533044,340.6963,NaN,4.824,93.367744,353.8,6 / 25,16503,2022-01-10 17:04:49:032
7.584949,-1.119243,7.338189,6.883212,-0.67876,6.952055,-0.725432,0.672933,0.637139,0.75019,-0.010652,0.36138,18.0,3.0,-20.55,-24.675,221.8309,3.9689,-44.7149,5.0,22.25878,48.84395,2.3533044,340.6963,NaN,4.824,93.367744,353.8,6 / 25,16508,2022-01-10 17:04:49:037
7.584949,-1.119243,7.338189,6.883212,-0.67876,6.952055,-0.725432,0.672933,0.637139,0.75019,-0.010652,0.36138,18.0,3.0,-20.55,-24.675,221.8309,3.9689,-44.7149,5.0,22.25878,48.84395,2.3533044,340.6963,NaN,4.824,93.367744,353.8,6 / 25,16513,2022-01-10 17:04:49:042
7.584949,-1.119243,7.338189,6.883212,-0.67876,6.952055,-0.725432,0.672933,0.637139,0.75019,-0.010652,0.36138,18.0,3.0,-20.55,-24.675,221.8309,3.9689,-44.7149,5.0,22.25878,48.84395,2.3533044,340.6963,NaN,4.824,93.367744,353.8,6 / 25,16518,2022-01-10 17:04:49:047
7.584949,-1.119243,7.338189,6.883212,-0.67876,6.952055,-0.725432,0.672933,0.637139,0.75019,-0.010652,0.36138,18.0,3.0,-20.55,-24.675,221.8309,3.9689,-44.7149,5.0,22.25878,48.84395,2.3533044,340.6963,NaN,4.824,93.367744,353.8,6 / 25,16523,2022-01-10 17:04:49:052
7.584949,-1.119243,7.338189,6.883212,-0.67876,6.952055,-0.725432,0.672933,0.637139,0.75019,-0.010652,0.36138,18.0,3.0,-20.55,-24.675,221.8309,3.9689,-44.7149,5.0,22.25878,48.84395,2.3533044,340.6963,NaN,4.824,93.367744,353.8,6 / 25,16529,2022-01-10 17:04:49:058
7.584949,-1.119243,7.338189,6.883212,-0.67876,6.952055,-0.725432,0.672933,0.637139,0.75019,-0.010652,0.36138,18.0,3.0,-20.55,-24.675,221.8309,3.9689,-44.7149,5.0,34.99484,48.84395,2.3533044,340.6963,NaN,4.824,93.367744,353.8,6 / 25,16532,2022-01-10 17:04:49:061
7.584949,-1.119243,7.338189,6.766855,-0.292538,7.09186,0.875649,-0.523157,-0.070796,0.75019,-0.010652,0.36138,18.0,3.0,-20.55,-24.675,221.8309,3.9689,-44.7149,5.0,34.99484,48.84395,2.3533044,340.6963,NaN,4.824,93.367744,353.8,6 / 25,16539,2022-01-10 17:04:49:068
7.584949,-1.119243,7.338189,6.766855,-0.292538,7.09186,0.875649,-0.523157,-0.070796,0.75019,-0.010652,0.36138,18.0,3.0,-20.55,-24.675,221.8309,3.9689,-44.7149,5.0,34.99484,48.84395,2.3533044,340.6963,NaN,4.824,93.367744,353.8,6 / 25,16543,2022-01-10 17:04:49:072
7.584949,-1.119243,7.338189,6.766855,-0.292538,7.09186,0.875649,-0.523157,-0.070796,0.75019,-0.010652,0.36138,18.0,3.0,-20.55,-24.675,221.8309,3.9689,-44.7149,5.0,34.99484,48.84395,2.3533044,340.6963,NaN,4.824,93.367744,353.8,6 / 25,16548,2022-01-10 17:04:49:077
7.584949,-1.119243,7.338189,6.766855,-0.292538,7.09186,0.875649,-0.523157,-0.070796,0.75019,-0.010652,0.36138,18.0,3.0,-20.55,-24.675,221.8309,3.9689,-44.7149,5.0,34.99484,48.84395,2.3533044,340.6963,NaN,4.824,93.367744,353.8,6 / 25,16552,2022-01-10 17:04:49:081
7.584949,-1.119243,7.338189,6.766855,-0.292538,7.09186,0.875649,-0.523157,-0.070796,0.75019,-0.010652,0.36138,18.0,3.0,-20.55,-24.675,221.8309,3.9689,-44.7149,5.0,34.99484,48.84395,2.3533044,340.6963,NaN,4.824,93.367744,353.8,6 / 25,16558,2022-01-10 17:04:49:087
7.584949,-1.119243,7.338189,6.766855,-0.292538,7.09186,0.875649,-0.523157,-0.070796,0.75019,-0.010652,0.36138,18.0,3.0,-20.55,-24.675,221.8309,3.9689,-44.7149,5.0,34.99484,48.84395,2.3533044,340.6963,NaN,4.824,93.367744,353.8,6 / 25,16565,2022-01-10 17:04:49:094
7.584949,-1.119243,7.338189,6.766855,-0.292538,7.09186,0.875649,-0.523157,-0.070796,0.75019,-0.010652,0.36138,18.0,3.0,-20.55,-24.675,221.8309,3.9689,-44.7149,5.0,34.99484,48.84395,2.3533044,340.6963,NaN,4.824,93.367744,353.8,6 / 25,16567,2022-01-10 17:04:49:096
7.584949,-1.119243,7.338189,6.766855,-0.292538,7.09186,0.875649,-0.523157,-0.070796,0.75019,-0.010652,0.36138,18.0,3.0,-20.55,-24.675,221.8309,3.9689,-44.7149,5.0,34.99484,48.84395,2.3533044,340.6963,NaN,4.824,93.367744,353.8,6 / 25,16574,2022-01-10 17:04:49:103
7.584949,-1.119243,7.338189,6.766855,-0.292538,7.09186,0.875649,-0.523157,-0.070796,0.75019,-0.010652,0.36138,18.0,3.0,-20.55,-24.675,221.8309,3.9689,-44.7149,5.0,34.99484,48.84395,2.3533044,340.6963,NaN,4.824,93.367744,353.8,6 / 25,16578,2022-01-10 17:04:49:107
6.052944,-0.636491,7.73809,6.766855,-0.292538,7.09186,0.875649,-0.523157,-0.070796,0.75019,-0.010652,0.36138,18.0,3.0,-20.55,-24.675,221.8309,3.9689,-44.7149,5.0,34.99484,48.84395,2.3533044,340.6963,NaN,4.824,93.367744,353.8,6 / 25,16585,2022-01-10 17:04:49:114
6.052944,-0.636491,7.73809,6.766855,-0.292538,7.09186,0.875649,-0.523157,-0.070796,0.75019,-0.010652,0.36138,18.0,3.0,-20.55,-24.675,221.8309,3.9689,-44.7149,5.0,34.99484,48.84395,2.3533044,340.6963,NaN,4.824,93.367744,353.8,6 / 25,16588,2022-01-10 17:04:49:117
6.052944,-0.636491,7.73809,6.766855,-0.292538,7.09186,0.875649,-0.523157,-0.070796,0.75019,-0.010652,0.36138,18.0,3.0,-20.55,-24.675,221.8309,3.9689,-44.7149,5.0,34.99484,48.84395,2.3533044,340.6963,NaN,4.824,93.367744,353.8,6 / 25,16593,2022-01-10 17:04:49:122
6.052944,-0.636491,7.73809,6.766855,-0.292538,7.09186,0.875649,-0.523157,-0.070796,0.75019,-0.010652,0.36138,18.0,-8.175,-19.425,-27.9,214.4219,1.7094,-43.6566,5.0,34.99484,48.84395,2.3533044,340.6963,NaN,4.824,93.367744,353.8,6 / 25,16598,2022-01-10 17:04:49:127
6.052944,-0.636491,7.73809,6.766855,-0.292538,7.09186,0.875649,-0.523157,-0.070796,0.75019,-0.010652,0.36138,18.0,-8.175,-19.425,-27.9,214.4219,1.7094,-43.6566,5.0,34.99484,48.84395,2.3533044,340.6963,NaN,4.824,93.367744,353.8,6 / 25,16603,2022-01-10 17:04:49:132
6.052944,-0.636491,7.73809,6.766855,-0.292538,7.09186,0.875649,-0.523157,-0.070796,0.75019,-0.010652,0.36138,18.0,-8.175,-19.425,-27.9,214.4219,1.7094,-43.6566,5.0,34.99484,48.84395,2.3533044,340.6963,NaN,4.824,93.367744,353.8,6 / 25,16608,2022-01-10 17:04:49:137
6.052944,-0.636491,7.73809,6.766855,-0.292538,7.09186,0.875649,-0.523157,-0.070796,0.75019,-0.010652,0.36138,18.0,-8.175,-19.425,-27.9,214.4219,1.7094,-43.6566,5.0,34.99484,48.84395,2.3533044,340.6963,NaN,4.824,93.367744,353.8,6 / 25,16613,2022-01-10 17:04:49:142
6.052944,-0.636491,7.73809,6.766855,-0.292538,7.09186,0.875649,-0.523157,-0.070796,0.75019,-0.010652,0.36138,18.0,-8.175,-19.425,-27.9,214.4219,1.7094,-43.6566,5.0,34.99484,48.84395,2.3533044,340.6963,NaN,4.824,93.367744,353.8,6 / 25,16618,2022-01-10 17:04:49:147
6.052944,-0.636491,7.73809,6.766855,-0.292538,7.09186,0.875649,-0.523157,-0.070796,0.75019,-0.010652,0.36138,18.0,-8.175,-19.425,-27.9,214.4219,1.7094,-43.6566,5.0,34.99484,48.84395,2.3533044,340.6963,NaN,4.824,93.367744,353.8,6 / 25,16623,2022-01-10 17:04:49:152
6.052944,-0.636491,7.73809,6.766855,-0.292538,7.09186,0.875649,-0.523157,-0.070796,0.75019,-0.010652,0.36138,18.0,-8.175,-19.425,-27.9,214.4219,1.7094,-43.6566,5.0,34.99484,48.84395,2.3533044,340.6963,NaN,4.824,93.367744,353.8,6 / 25,16627,2022-01-10 17:04:49:156
6.052944,-0.636491,7.73809,6.766855,-0.292538,7.09186,0.875649,-0.523157,-0.070796,0.974289,2.389185,-0.083621,18.0,-8.175,-19.425,-27.9,214.4219,1.7094,-43.6566,5.0,34.99484,48.84395,2.3533044,340.6963,NaN,4.824,93.367744,353.8,6 / 25,16633,2022-01-10 17:04:49:162
6.052944,-0.636491,7.73809,6.766855,-0.292538,7.09186,0.875649,-0.523157,-0.070796,0.974289,2.389185,-0.083621,18.0,-8.175,-19.425,-27.9,214.4219,1.7094,-43.6566,5.0,34.99484,48.84395,2.3533044,340.6963,NaN,4.824,93.367744,353.8,6 / 25,16637,2022-01-10 17:04:49:166
6.052944,-0.636491,7.73809,6.766855,-0.292538,7.09186,0.875649,-0.523157,-0.070796,0.974289,2.389185,-0.083621,18.0,-8.175,-19.425,-27.9,214.4219,1.7094,-43.6566,5.0,34.99484,48.84395,2.3533044,340.6963,NaN,4.824,93.367744,353.8,6 / 25,16646,2022-01-10 17:04:49:175
6.052944,-0.636491,7.73809,6.766855,-0.292538,7.09186,0.875649,-0.523157,-0.070796,0.974289,2.389185,-0.083621,18.0,-8.175,-19.425,-27.9,214.4219,1.7094,-43.6566,5.0,34.99484,48.84395,2.3533044,340.6963,NaN,4.824,93.367744,353.8,6 / 25,16671,2022-01-10 17:04:49:200
6.052944,-0.636491,7.73809,6.766855,-0.292538,7.09186,0.875649,-0.523157,-0.070796,0.974289,2.389185,-0.083621,18.0,-8.175,-19.425,-27.9,214.4219,1.7094,-43.6566,5.0,34.99484,48.84395,2.3533044,340.6963,NaN,4.824,93.367744,353.8,6 / 25,16672,2022-01-10 17:04:49:201
6.052944,-0.636491,7.73809,6.766855,-0.292538,7.09186,0.875649,-0.523157,-0.070796,0.974289,2.389185,-0.083621,18.0,-8.175,-19.425,-27.9,214.4219,1.7094,-43.6566,5.0,34.99484,48.84395,2.3533044,340.6963,NaN,4.824,93.367744,353.8,6 / 25,16672,2022-01-10 17:04:49:201
6.052944,-0.636491,7.73809,6.766855,-0.292538,7.09186,0.875649,-0.523157,-0.070796,0.974289,2.389185,-0.083621,18.0,-8.175,-19.425,-27.9,214.4219,1.7094,-43.6566,5.0,34.99484,48.84395,2.3533044,340.6963,NaN,4.824,93.367744,353.8,6 / 25,16672,2022-01-10 17:04:49:201
6.052944,-0.636491,7.73809,6.766855,-0.292538,7.09186,0.875649,-0.523157,-0.070796,0.974289,2.389185,-0.083621,18.0,-8.175,-19.425,-27.9,214.4219,1.7094,-43.6566,5.0,34.99484,48.84395,2.3533044,340.6963,NaN,4.824,93.367744,353.8,6 / 25,16672,2022-01-10 17:04:49:201
6.052944,-0.636491,7.73809,6.766855,-0.292538,7.09186,0.875649,-0.523157,-0.070796,0.974289,2.389185,-0.083621,18.0,-8.175,-19.425,-27.9,214.4219,1.7094,-43.6566,5.0,34.99484,48.84395,2.3533044,340.6963,NaN,4.824,93.367744,353.8,6 / 25,16672,2022-01-10 17:04:49:201
6.052944,-0.636491,7.73809,6.766855,-0.292538,7.09186,0.875649,-0.523157,-0.070796,0.974289,2.389185,-0.083621,18.0,-8.175,-19.425,-27.9,214.4219,1.7094,-43.6566,5.0,34.99484,48.84395,2.3533044,340.6963,NaN,4.824,93.367744,353.8,6 / 25,16677,2022-01-10 17:04:49:206
6.052944,-0.636491,7.73809,6.766855,-0.292538,7.09186,0.875649,-0.523157,-0.070796,0.974289,2.389185,-0.083621,18.0,-8.175,-19.425,-27.9,214.4219,1.7094,-43.6566,5.0,34.99484,48.84395,2.3533044,340.6963,NaN,4.824,93.367744,353.8,6 / 25,16683,2022-01-10 17:04:49:212
6.052944,-0.636491,7.73809,6.766855,-0.292538,7.09186,0.875649,-0.523157,-0.070796,0.974289,2.389185,-0.083621,18.0,-8.175,-19.425,-27.9,214.4219,1.7094,-43.6566,5.0,34.99484,48.84395,2.3533044,340.6963,NaN,4.824,93.367744,353.8,6 / 25,16688,2022-01-10 17:04:49:217
6.052944,-0.636491,7.73809,6.766855,-0.292538,7.09186,0.875649,-0.523157,-0.070796,0.974289,2.389185,-0.083621,18.0,-8.175,-19.425,-27.9,214.4219,1.7094,-43.6566,5.0,34.99484,48.84395,2.3533044,340.6963,NaN,4.824,93.367744,353.8,6 / 25,16693,2022-01-10 17:04:49:222
3.349653,0.127717,7.972885,4.545715,0.719656,8.659616,1.813651,-1.259184,-0.30461,0.974289,2.389185,-0.083621,18.0,-8.175,-19.425,-27.9,214.4219,1.7094,-43.6566,5.0,34.99484,48.84395,2.3533044,340.6963,NaN,4.824,93.367744,353.8,6 / 25,16697,2022-01-10 17:04:49:226
3.349653,0.127717,7.972885,4.545715,0.719656,8.659616,1.813651,-1.259184,-0.30461,0.974289,2.389185,-0.083621,18.0,-8.175,-19.425,-27.9,214.4219,1.7094,-43.6566,5.0,34.99484,48.84395,2.3533044,340.6963,NaN,4.824,93.367744,353.8,6 / 25,16702,2022-01-10 17:04:49:231
3.349653,0.127717,7.972885,4.545715,0.719656,8.659616,1.813651,-1.259184,-0.30461,0.974289,2.389185,-0.083621,18.0,-8.175,-19.425,-27.9,214.4219,1.7094,-43.6566,5.0,34.99484,48.84395,2.3533044,340.6963,NaN,4.824,93.367744,353.8,6 / 25,16708,2022-01-10 17:04:49:237
3.349653,0.127717,7.972885,4.545715,0.719656,8.659616,1.813651,-1.259184,-0.30461,0.974289,2.389185,-0.083621,18.0,-8.175,-19.425,-27.9,214.4219,1.7094,-43.6566,5.0,34.99484,48.84395,2.3533044,340.6963,NaN,4.824,93.367744,353.8,6 / 25,16713,2022-01-10 17:04:49:242
3.349653,0.127717,7.972885,4.545715,0.719656,8.659616,1.813651,-1.259184,-0.30461,0.974289,2.389185,-0.083621,18.0,-8.175,-19.425,-27.9,214.4219,1.7094,-43.6566,5.0,34.99484,48.84395,2.3533044,340.6963,NaN,4.824,93.367744,353.8,6 / 25,16717,2022-01-10 17:04:49:246
3.349653,0.127717,7.972885,4.545715,0.719656,8.659616,1.813651,-1.259184,-0.30461,0.974289,2.389185,-0.083621,18.0,-8.175,-19.425,-27.9,214.4219,1.7094,-43.6566,5.0,34.99484,48.84395,2.3533044,340.6963,NaN,4.824,93.367744,353.8,6 / 25,16723,2022-01-10 17:04:49:252
3.349653,0.127717,7.972885,4.545715,0.719656,8.659616,1.813651,-1.259184,-0.30461,0.974289,2.389185,-0.083621,18.0,-8.175,-19.425,-27.9,214.4219,1.7094,-43.6566,5.0,34.99484,48.84395,2.3533044,340.6963,NaN,4.824,93.367744,353.8,6 / 25,16727,2022-01-10 17:04:49:256
3.349653,0.127717,7.972885,4.545715,0.719656,8.659616,1.813651,-1.259184,-0.30461,0.974289,2.389185,-0.083621,18.0,-14.1,-19.95,-28.5,183.5241,-4.2084,-27.6964,5.0,34.99484,48.84395,2.3533044,340.6963,NaN,4.824,93.367744,353.8,6 / 25,16732,2022-01-10 17:04:49:261
3.349653,0.127717,7.972885,4.545715,0.719656,8.659616,1.813651,-1.259184,-0.30461,0.974289,2.389185,-0.083621,18.0,-14.1,-19.95,-28.5,183.5241,-4.2084,-27.6964,5.0,34.99484,48.84395,2.3533044,340.6963,NaN,4.824,93.367744,353.8,6 / 25,16737,2022-01-10 17:04:49:266
3.349653,0.127717,7.972885,4.545715,0.719656,8.659616,1.813651,-1.259184,-0.30461,0.974289,2.389185,-0.083621,18.0,-14.1,-19.95,-28.5,183.5241,-4.2084,-27.6964,5.0,34.99484,48.84395,2.3533044,340.6963,NaN,4.824,93.367744,353.8,6 / 25,16743,2022-01-10 17:04:49:272
3.349653,0.127717,7.972885,4.545715,0.719656,8.659616,1.813651,-1.259184,-0.30461,0.974289,2.389185,-0.083621,18.0,-14.1,-19.95,-28.5,183.5241,-4.2084,-27.6964,5.0,34.99484,48.84395,2.3533044,340.6963,NaN,4.824,93.367744,353.8,6 / 25,16747,2022-01-10 17:04:49:276
3.349653,0.127717,7.972885,4.545715,0.719656,8.659616,1.813651,-1.259184,-0.30461,0.974289,2.389185,-0.083621,18.0,-14.1,-19.95,-28.5,183.5241,-4.2084,-27.6964,5.0,34.99484,48.84395,2.3533044,340.6963,NaN,4.824,93.367744,353.8,6 / 25,16753,2022-01-10 17:04:49:282
3.349653,0.127717,7.972885,4.545715,0.719656,8.659616,1.813651,-1.259184,-0.30461,0.974289,2.389185,-0.083621,18.0,-14.1,-19.95,-28.5,183.5241,-4.2084,-27.6964,5.0,34.99484,48.84395,2.3533044,340.6963,NaN,4.824,93.367744,353.8,6 / 25,16757,2022-01-10 17:04:49:286
3.349653,0.127717,7.972885,4.545715,0.719656,8.659616,1.813651,-1.259184,-0.30461,0.974289,2.389185,-0.083621,18.0,-14.1,-19.95,-28.5,183.5241,-4.2084,-27.6964,5.0,34.99484,48.84395,2.3533044,340.6963,NaN,4.824,93.367744,353.8,6 / 25,16763,2022-01-10 17:04:49:292
3.349653,0.127717,7.972885,4.545715,0.719656,8.659616,1.813651,-1.259184,-0.30461,0.200264,3.256551,-0.148067,18.0,-14.1,-19.95,-28.5,183.5241,-4.2084,-27.6964,5.0,34.99484,48.84395,2.3533044,340.6963,NaN,4.824,93.367744,353.8,6 / 25,16768,2022-01-10 17:04:49:297
3.349653,0.127717,7.972885,4.545715,0.719656,8.659616,1.813651,-1.259184,-0.30461,0.200264,3.256551,-0.148067,18.0,-14.1,-19.95,-28.5,183.5241,-4.2084,-27.6964,5.0,34.99484,48.84395,2.3533044,340.6963,NaN,4.824,93.367744,353.8,6 / 25,16773,2022-01-10 17:04:49:302
3.349653,0.127717,7.972885,4.545715,0.719656,8.659616,1.813651,-1.259184,-0.30461,0.200264,3.256551,-0.148067,18.0,-14.1,-19.95,-28.5,183.5241,-4.2084,-27.6964,5.0,34.99484,48.84395,2.3533044,340.6963,NaN,4.824,93.367744,353.8,6 / 25,16778,2022-01-10 17:04:49:307
3.349653,0.127717,7.972885,4.545715,0.719656,8.659616,1.813651,-1.259184,-0.30461,0.200264,3.256551,-0.148067,18.0,-14.1,-19.95,-28.5,183.5241,-4.2084,-27.6964,5.0,34.99484,48.84395,2.3533044,340.6963,NaN,4.824,93.367744,353.8,6 / 25,16782,2022-01-10 17:04:49:311
-1.945365,0.701396,8.745467,4.545715,0.719656,8.659616,1.813651,-1.259184,-0.30461,0.200264,3.256551,-0.148067,18.0,-14.1,-19.95,-28.5,183.5241,-4.2084,-27.6964,5.0,34.99484,48.84395,2.3533044,340.6963,NaN,4.824,93.367744,353.8,6 / 25,16788,2022-01-10 17:04:49:317
-1.945365,0.701396,8.745467,4.545715,0.719656,8.659616,1.813651,-1.259184,-0.30461,0.200264,3.256551,-0.148067,18.0,-14.1,-19.95,-28.5,183.5241,-4.2084,-27.6964,5.0,34.99484,48.84395,2.3533044,340.6963,NaN,4.824,93.367744,353.8,6 / 25,16793,2022-01-10 17:04:49:322
-1.945365,0.701396,8.745467,4.545715,0.719656,8.659616,1.813651,-1.259184,-0.30461,0.200264,3.256551,-0.148067,18.0,-14.1,-19.95,-28.5,183.5241,-4.2084,-27.6964,5.0,34.99484,48.84395,2.3533044,340.6963,NaN,4.824,93.367744,353.8,6 / 25,16798,2022-01-10 17:04:49:327
-1.945365,0.701396,8.745467,4.545715,0.719656,8.659616,1.813651,-1.259184,-0.30461,0.200264,3.256551,-0.148067,18.0,-14.1,-19.95,-28.5,183.5241,-4.2084,-27.6964,5.0,34.99484,48.84395,2.3533044,340.6963,NaN,4.824,93.367744,353.8,6 / 25,16802,2022-01-10 17:04:49:331
-1.945365,0.701396,8.745467,4.545715,0.719656,8.659616,1.813651,-1.259184,-0.30461,0.200264,3.256551,-0.148067,18.0,-14.1,-19.95,-28.5,183.5241,-4.2084,-27.6964,5.0,34.99484,48.84395,2.3533044,340.6963,NaN,4.824,93.367744,353.8,6 / 25,16809,2022-01-10 17:04:49:338
-1.945365,0.701396,8.745467,4.545715,0.719656,8.659616,1.813651,-1.259184,-0.30461,0.200264,3.256551,-0.148067,18.0,-14.1,-19.95,-28.5,183.5241,-4.2084,-27.6964,5.0,34.99484,48.84395,2.3533044,340.6963,NaN,4.824,93.367744,353.8,6 / 25,16814,2022-01-10 17:04:49:343
-1.945365,0.701396,8.745467,4.545715,0.719656,8.659616,1.813651,-1.259184,-0.30461,0.200264,3.256551,-0.148067,18.0,-14.1,-19.95,-28.5,183.5241,-4.2084,-27.6964,5.0,34.99484,48.84395,2.3533044,340.6963,NaN,4.824,93.367744,353.8,6 / 25,16818,2022-01-10 17:04:49:347
-1.945365,0.701396,8.745467,4.545715,0.719656,8.659616,1.813651,-1.259184,-0.30461,0.200264,3.256551,-0.148067,18.0,-14.1,-19.95,-28.5,183.5241,-4.2084,-27.6964,5.0,34.99484,48.84395,2.3533044,340.6963,NaN,4.824,93.367744,353.8,6 / 25,16823,2022-01-10 17:04:49:352
-1.945365,0.701396,8.745467,4.545715,0.719656,8.659616,1.813651,-1.259184,-0.30461,0.200264,3.256551,-0.148067,18.0,-14.1,-19.95,-28.5,183.5241,-4.2084,-27.6964,5.0,34.99484,48.84395,2.3533044,340.6963,NaN,4.824,93.367744,353.8,6 / 25,16828,2022-01-10 17:04:49:357
-1.945365,0.701396,8.745467,4.545715,0.719656,8.659616,1.813651,-1.259184,-0.30461,0.200264,3.256551,-0.148067,18.0,-14.1,-19.95,-28.5,183.5241,-4.2084,-27.6964,5.0,34.99484,48.84395,2.3533044,340.6963,NaN,4.824,93.367744,353.8,6 / 25,16834,2022-01-10 17:04:49:363
-1.945365,0.701396,8.745467,4.545715,0.719656,8.659616,1.813651,-1.259184,-0.30461,0.200264,3.256551,-0.148067,18.0,-14.1,-19.95,-28.5,183.5241,-4.2084,-27.6964,5.0,34.99484,48.84395,2.3533044,340.6963,NaN,4.824,93.367744,353.8,6 / 25,16838,2022-01-10 17:04:49:367
-1.945365,0.701396,8.745467,4.545715,0.719656,8.659616,1.813651,-1.259184,-0.30461,0.200264,3.256551,-0.148067,18.0,-14.1,-19.95,-28.5,183.5241,-4.2084,-27.6964,5.0,34.99484,48.84395,2.3533044,340.6963,NaN,4.824,93.367744,353.8,6 / 25,16843,2022-01-10 17:04:49:372
-1.945365,0.701396,8.745467,-1.076445,1.011541,9.694763,0.379307,-0.158732,-0.918248,0.200264,3.256551,-0.148067,18.0,-14.1,-19.95,-28.5,183.5241,-4.2084,-27.6964,5.0,34.99484,48.84395,2.3533044,340.6963,NaN,4.824,93.367744,353.8,6 / 25,16847,2022-01-10 17:04:49:376
-1.945365,0.701396,8.745467,-1.076445,1.011541,9.694763,0.379307,-0.158732,-0.918248,0.200264,3.256551,-0.148067,18.0,-14.1,-19.95,-28.5,183.5241,-4.2084,-27.6964,5.0,34.99484,48.84395,2.3533044,340.6963,NaN,4.824,93.367744,353.8,6 / 25,16853,2022-01-10 17:04:49:382
-1.945365,0.701396,8.745467,-1.076445,1.011541,9.694763,0.379307,-0.158732,-0.918248,0.200264,3.256551,-0.148067,18.0,-11.175,-21.675,-27.75,143.7681,-5.9205,6.3358,5.0,34.99484,48.84395,2.3533044,340.6963,NaN,4.824,93.367744,353.8,6 / 25,16858,2022-01-10 17:04:49:387
-1.945365,0.701396,8.745467,-1.076445,1.011541,9.694763,0.379307,-0.158732,-0.918248,0.200264,3.256551,-0.148067,18.0,-11.175,-21.675,-27.75,143.7681,-5.9205,6.3358,5.0,34.99484,48.84395,2.3533044,340.6963,NaN,4.824,93.367744,353.8,6 / 25,16863,2022-01-10 17:04:49:392
-1.945365,0.701396,8.745467,-1.076445,1.011541,9.694763,0.379307,-0.158732,-0.918248,0.200264,3.256551,-0.148067,18.0,-11.175,-21.675,-27.75,143.7681,-5.9205,6.3358,5.0,34.99484,48.84396,2.3533113,353.5048,NaN,3.276,89.909676,352.3,6 / 25,16868,2022-01-10 17:04:49:397
-1.945365,0.701396,8.745467,-1.076445,1.011541,9.694763,0.379307,-0.158732,-0.918248,0.200264,3.256551,-0.148067,18.0,-11.175,-21.675,-27.75,143.7681,-5.9205,6.3358,5.0,30.62605,48.84396,2.3533113,353.5048,NaN,3.276,89.909676,352.3,6 / 25,16873,2022-01-10 17:04:49:402
-1.945365,0.701396,8.745467,-1.076445,1.011541,9.694763,0.379307,-0.158732,-0.918248,0.200264,3.256551,-0.148067,18.0,-11.175,-21.675,-27.75,143.7681,-5.9205,6.3358,5.0,30.62605,48.84396,2.3533113,353.5048,NaN,3.276,89.909676,352.3,6 / 25,16878,2022-01-10 17:04:49:407
-1.945365,0.701396,8.745467,-1.076445,1.011541,9.694763,0.379307,-0.158732,-0.918248,0.200264,3.256551,-0.148067,18.0,-11.175,-21.675,-27.75,143.7681,-5.9205,6.3358,5.0,30.62605,48.84396,2.3533113,353.5048,NaN,3.276,89.909676,352.3,6 / 25,16883,2022-01-10 17:04:49:412
-1.472483,-0.256929,9.593424,-1.076445,1.011541,9.694763,0.379307,-0.158732,-0.918248,0.200264,3.256551,-0.148067,42.0,-11.175,-21.675,-27.75,143.7681,-5.9205,6.3358,5.0,30.62605,48.84396,2.3533113,353.5048,NaN,3.276,89.909676,352.3,6 / 25,16887,2022-01-10 17:04:49:416
-1.472483,-0.256929,9.593424,-1.076445,1.011541,9.694763,0.379307,-0.158732,-0.918248,0.200264,3.256551,-0.148067,42.0,-11.175,-21.675,-27.75,143.7681,-5.9205,6.3358,5.0,30.62605,48.84396,2.3533113,353.5048,NaN,3.276,89.909676,352.3,6 / 25,16893,2022-01-10 17:04:49:422
-1.472483,-0.256929,9.593424,-1.076445,1.011541,9.694763,0.379307,-0.158732,-0.918248,0.200264,3.256551,-0.148067,42.0,-11.175,-21.675,-27.75,143.7681,-5.9205,6.3358,5.0,30.62605,48.84396,2.3533113,353.5048,NaN,3.276,89.909676,352.3,6 / 25,16898,2022-01-10 17:04:49:427
-1.472483,-0.256929,9.593424,-1.076445,1.011541,9.694763,0.379307,-0.158732,-0.918248,-1.177082,0.576291,0.010652,42.0,-11.175,-21.675,-27.75,143.7681,-5.9205,6.3358,5.0,30.62605,48.84396,2.3533113,353.5048,NaN,3.276,89.909676,352.3,6 / 25,16902,2022-01-10 17:04:49:431
-1.472483,-0.256929,9.593424,-1.076445,1.011541,9.694763,0.379307,-0.158732,-0.918248,-1.177082,0.576291,0.010652,42.0,-11.175,-21.675,-27.75,143.7681,-5.9205,6.3358,5.0,30.62605,48.84396,2.3533113,353.5048,NaN,3.276,89.909676,352.3,6 / 25,16909,2022-01-10 17:04:49:438
-1.472483,-0.256929,9.593424,-1.076445,1.011541,9.694763,0.379307,-0.158732,-0.918248,-1.177082,0.576291,0.010652,42.0,-11.175,-21.675,-27.75,143.7681,-5.9205,6.3358,5.0,30.62605,48.84396,2.3533113,353.5048,NaN,3.276,89.909676,352.3,6 / 25,16913,2022-01-10 17:04:49:442
-1.472483,-0.256929,9.593424,-1.076445,1.011541,9.694763,0.379307,-0.158732,-0.918248,-1.177082,0.576291,0.010652,42.0,-11.175,-21.675,-27.75,143.7681,-5.9205,6.3358,5.0,30.62605,48.84396,2.3533113,353.5048,NaN,3.276,89.909676,352.3,6 / 25,16917,2022-01-10 17:04:49:446
-1.472483,-0.256929,9.593424,-1.076445,1.011541,9.694763,0.379307,-0.158732,-0.918248,-1.177082,0.576291,0.010652,42.0,-11.175,-21.675,-27.75,143.7681,-5.9205,6.3358,5.0,30.62605,48.84396,2.3533113,353.5048,NaN,3.276,89.909676,352.3,6 / 25,16923,2022-01-10 17:04:49:452
-1.472483,-0.256929,9.593424,-1.076445,1.011541,9.694763,0.379307,-0.158732,-0.918248,-1.177082,0.576291,0.010652,42.0,-11.175,-21.675,-27.75,143.7681,-5.9205,6.3358,5.0,30.62605,48.84396,2.3533113,353.5048,NaN,3.276,89.909676,352.3,6 / 25,16927,2022-01-10 17:04:49:456
-1.472483,-0.256929,9.593424,-1.076445,1.011541,9.694763,0.379307,-0.158732,-0.918248,-1.177082,0.576291,0.010652,42.0,-11.175,-21.675,-27.75,143.7681,-5.9205,6.3358,5.0,30.62605,48.84396,2.3533113,353.5048,NaN,3.276,89.909676,352.3,6 / 25,16933,2022-01-10 17:04:49:462
-1.472483,-0.256929,9.593424,-1.076445,1.011541,9.694763,0.379307,-0.158732,-0.918248,-1.177082,0.576291,0.010652,42.0,-11.175,-21.675,-27.75,143.7681,-5.9205,6.3358,5.0,30.62605,48.84396,2.3533113,353.5048,NaN,3.276,89.909676,352.3,6 / 25,16938,2022-01-10 17:04:49:467
-1.472483,-0.256929,9.593424,-1.076445,1.011541,9.694763,0.379307,-0.158732,-0.918248,-1.177082,0.576291,0.010652,42.0,-11.175,-21.675,-27.75,143.7681,-5.9205,6.3358,5.0,30.62605,48.84396,2.3533113,353.5048,NaN,3.276,89.909676,352.3,6 / 25,16943,2022-01-10 17:04:49:472
-1.472483,-0.256929,9.593424,-1.076445,1.011541,9.694763,0.379307,-0.158732,-0.918248,-1.177082,0.576291,0.010652,42.0,-11.175,-21.675,-27.75,143.7681,-5.9205,6.3358,5.0,30.62605,48.84396,2.3533113,353.5048,NaN,3.276,89.909676,352.3,6 / 25,16948,2022-01-10 17:04:49:477
-1.472483,-0.256929,9.593424,-1.076445,1.011541,9.694763,0.379307,-0.158732,-0.918248,-1.177082,0.576291,0.010652,42.0,-11.175,-21.675,-27.75,143.7681,-5.9205,6.3358,5.0,30.62605,48.84396,2.3533113,353.5048,NaN,3.276,89.909676,352.3,6 / 25,16954,2022-01-10 17:04:49:483
-1.472483,-0.256929,9.593424,-1.076445,1.011541,9.694763,0.379307,-0.158732,-0.918248,-1.177082,0.576291,0.010652,42.0,-11.175,-21.675,-27.75,143.7681,-5.9205,6.3358,5.0,30.62605,48.84396,2.3533113,353.5048,NaN,3.276,89.909676,352.3,6 / 25,16958,2022-01-10 17:04:49:487
-1.472483,-0.256929,9.593424,-1.076445,1.011541,9.694763,0.379307,-0.158732,-0.918248,-1.177082,0.576291,0.010652,42.0,-11.175,-21.675,-27.75,143.7681,-5.9205,6.3358,5.0,30.62605,48.84396,2.3533113,353.5048,NaN,3.276,89.909676,352.3,6 / 25,16963,2022-01-10 17:04:49:492
-1.472483,-0.256929,9.593424,-1.076445,1.011541,9.694763,0.379307,-0.158732,-0.918248,-1.177082,0.576291,0.010652,42.0,-11.175,-21.675,-27.75,143.7681,-5.9205,6.3358,5.0,30.62605,48.84396,2.3533113,353.5048,NaN,3.276,89.909676,352.3,6 / 25,16969,2022-01-10 17:04:49:498
-1.472483,-0.256929,9.593424,-1.076445,1.011541,9.694763,0.379307,-0.158732,-0.918248,-1.177082,0.576291,0.010652,42.0,-11.175,-21.675,-27.75,143.7681,-5.9205,6.3358,5.0,30.62605,48.84396,2.3533113,353.5048,NaN,3.276,89.909676,352.3,6 / 25,16973,2022-01-10 17:04:49:502
-2.424528,-0.202792,9.760024,-1.442731,-0.154559,9.698712,-0.983121,0.142324,0.401258,-1.177082,0.576291,0.010652,42.0,-11.175,-21.675,-27.75,143.7681,-5.9205,6.3358,5.0,30.62605,48.84396,2.3533113,353.5048,NaN,3.276,89.909676,352.3,6 / 25,16978,2022-01-10 17:04:49:507
-2.424528,-0.202792,9.760024,-1.442731,-0.154559,9.698712,-0.983121,0.142324,0.401258,-1.177082,0.576291,0.010652,42.0,-11.175,-21.675,-27.75,143.7681,-5.9205,6.3358,5.0,30.62605,48.84396,2.3533113,353.5048,NaN,3.276,89.909676,352.3,6 / 25,16982,2022-01-10 17:04:49:511
-2.424528,-0.202792,9.760024,-1.442731,-0.154559,9.698712,-0.983121,0.142324,0.401258,-1.177082,0.576291,0.010652,42.0,-11.175,-21.675,-27.75,143.7681,-5.9205,6.3358,5.0,30.62605,48.84396,2.3533113,353.5048,NaN,3.276,89.909676,352.3,6 / 25,16989,2022-01-10 17:04:49:518
-2.424528,-0.202792,9.760024,-1.442731,-0.154559,9.698712,-0.983121,0.142324,0.401258,-1.177082,0.576291,0.010652,42.0,-11.175,-21.675,-27.75,143.7681,-5.9205,6.3358,5.0,30.62605,48.84396,2.3533113,353.5048,NaN,3.276,89.909676,352.3,6 / 25,16993,2022-01-10 17:04:49:522
-2.424528,-0.202792,9.760024,-1.442731,-0.154559,9.698712,-0.983121,0.142324,0.401258,-1.177082,0.576291,0.010652,42.0,-3.675,-22.8,-28.275,160.9768,0.9031,8.461,5.0,30.62605,48.84396,2.3533113,353.5048,NaN,3.276,89.909676,352.3,6 / 25,16998,2022-01-10 17:04:49:527
-2.424528,-0.202792,9.760024,-1.442731,-0.154559,9.698712,-0.983121,0.142324,0.401258,-1.177082,0.576291,0.010652,42.0,-3.675,-22.8,-28.275,160.9768,0.9031,8.461,5.0,30.62605,48.84396,2.3533113,353.5048,NaN,3.276,89.909676,352.3,6 / 25,17003,2022-01-10 17:04:49:532
-2.424528,-0.202792,9.760024,-1.442731,-0.154559,9.698712,-0.983121,0.142324,0.401258,-1.177082,0.576291,0.010652,42.0,-3.675,-22.8,-28.275,160.9768,0.9031,8.461,5.0,30.62605,48.84396,2.3533113,353.5048,NaN,3.276,89.909676,352.3,6 / 25,17008,2022-01-10 17:04:49:537
-2.424528,-0.202792,9.760024,-1.442731,-0.154559,9.698712,-0.983121,0.142324,0.401258,-1.177082,0.576291,0.010652,42.0,-3.675,-22.8,-28.275,160.9768,0.9031,8.461,5.0,30.62605,48.84396,2.3533113,353.5048,NaN,3.276,89.909676,352.3,6 / 25,17013,2022-01-10 17:04:49:542
-2.424528,-0.202792,9.760024,-1.442731,-0.154559,9.698712,-0.983121,0.142324,0.401258,-1.177082,0.576291,0.010652,42.0,-3.675,-22.8,-28.275,160.9768,0.9031,8.461,5.0,30.62605,48.84396,2.3533113,353.5048,NaN,3.276,89.909676,352.3,6 / 25,17019,2022-01-10 17:04:49:548
-2.424528,-0.202792,9.760024,-1.442731,-0.154559,9.698712,-0.983121,0.142324,0.401258,-1.177082,0.576291,0.010652,42.0,-3.675,-22.8,-28.275,160.9768,0.9031,8.461,5.0,30.62605,48.84396,2.3533113,353.5048,NaN,3.276,89.909676,352.3,6 / 25,17023,2022-01-10 17:04:49:552
-2.424528,-0.202792,9.760024,-1.442731,-0.154559,9.698712,-0.983121,0.142324,0.401258,-1.177082,0.576291,0.010652,42.0,-3.675,-22.8,-28.275,160.9768,0.9031,8.461,5.0,30.62605,48.84396,2.3533113,353.5048,NaN,3.276,89.909676,352.3,6 / 25,17028,2022-01-10 17:04:49:557
-2.424528,-0.202792,9.760024,-1.442731,-0.154559,9.698712,-0.983121,0.142324,0.401258,-0.185617,-0.34913,-0.058188,42.0,-3.675,-22.8,-28.275,160.9768,0.9031,8.461,5.0,30.62605,48.84396,2.3533113,353.5048,NaN,3.276,89.909676,352.3,6 / 25,17034,2022-01-10 17:04:49:563
-2.424528,-0.202792,9.760024,-1.442731,-0.154559,9.698712,-0.983121,0.142324,0.401258,-0.185617,-0.34913,-0.058188,42.0,-3.675,-22.8,-28.275,160.9768,0.9031,8.461,5.0,30.62605,48.84396,2.3533113,353.5048,NaN,3.276,89.909676,352.3,6 / 25,17038,2022-01-10 17:04:49:567
-2.424528,-0.202792,9.760024,-1.442731,-0.154559,9.698712,-0.983121,0.142324,0.401258,-0.185617,-0.34913,-0.058188,42.0,-3.675,-22.8,-28.275,160.9768,0.9031,8.461,5.0,30.62605,48.84396,2.3533113,353.5048,NaN,3.276,89.909676,352.3,6 / 25,17043,2022-01-10 17:04:49:572
-2.424528,-0.202792,9.760024,-1.442731,-0.154559,9.698712,-0.983121,0.142324,0.401258,-0.185617,-0.34913,-0.058188,42.0,-3.675,-22.8,-28.275,160.9768,0.9031,8.461,5.0,30.62605,48.84396,2.3533113,353.5048,NaN,3.276,89.909676,352.3,6 / 25,17048,2022-01-10 17:04:49:577
-2.424528,-0.202792,9.760024,-1.442731,-0.154559,9.698712,-0.983121,0.142324,0.401258,-0.185617,-0.34913,-0.058188,42.0,-3.675,-22.8,-28.275,160.9768,0.9031,8.461,5.0,30.62605,48.84396,2.3533113,353.5048,NaN,3.276,89.909676,352.3,6 / 25,17053,2022-01-10 17:04:49:582
-2.424528,-0.202792,9.760024,-1.442731,-0.154559,9.698712,-0.983121,0.142324,0.401258,-0.185617,-0.34913,-0.058188,42.0,-3.675,-22.8,-28.275,160.9768,0.9031,8.461,5.0,30.62605,48.84396,2.3533113,353.5048,NaN,3.276,89.909676,352.3,6 / 25,17058,2022-01-10 17:04:49:587
-2.424528,-0.202792,9.760024,-1.442731,-0.154559,9.698712,-0.983121,0.142324,0.401258,-0.185617,-0.34913,-0.058188,42.0,-3.675,-22.8,-28.275,160.9768,0.9031,8.461,5.0,30.62605,48.84396,2.3533113,353.5048,NaN,3.276,89.909676,352.3,6 / 25,17063,2022-01-10 17:04:49:592
-2.424528,-0.202792,9.760024,-1.442731,-0.154559,9.698712,-0.983121,0.142324,0.401258,-0.185617,-0.34913,-0.058188,42.0,-3.675,-22.8,-28.275,160.9768,0.9031,8.461,5.0,30.62605,48.84396,2.3533113,353.5048,NaN,3.276,89.909676,352.3,6 / 25,17069,2022-01-10 17:04:49:598
-2.424528,-0.202792,9.760024,-1.442731,-0.154559,9.698712,-0.983121,0.142324,0.401258,-0.185617,-0.34913,-0.058188,42.0,-3.675,-22.8,-28.275,160.9768,0.9031,8.461,5.0,30.62605,48.84396,2.3533113,353.5048,NaN,3.276,89.909676,352.3,6 / 25,17073,2022-01-10 17:04:49:602
-2.424528,-0.202792,9.760024,-1.442731,-0.154559,9.698712,-0.983121,0.142324,0.401258,-0.185617,-0.34913,-0.058188,42.0,-3.675,-22.8,-28.275,160.9768,0.9031,8.461,5.0,30.62605,48.84396,2.3533113,353.5048,NaN,3.276,89.909676,352.3,6 / 25,17078,2022-01-10 17:04:49:607
-2.424528,-0.202792,9.760024,-1.442731,-0.154559,9.698712,-0.983121,0.142324,0.401258,-0.185617,-0.34913,-0.058188,42.0,-3.675,-22.8,-28.275,160.9768,0.9031,8.461,5.0,30.62605,48.84396,2.3533113,353.5048,NaN,3.276,89.909676,352.3,6 / 25,17083,2022-01-10 17:04:49:612
-2.424528,-0.202792,9.760024,-1.442731,-0.154559,9.698712,-0.983121,0.142324,0.401258,-0.185617,-0.34913,-0.058188,42.0,-3.675,-22.8,-28.275,160.9768,0.9031,8.461,5.0,30.62605,48.84396,2.3533113,353.5048,NaN,3.276,89.909676,352.3,6 / 25,17089,2022-01-10 17:04:49:618
-2.424528,-0.202792,9.760024,-1.442731,-0.154559,9.698712,-0.983121,0.142324,0.401258,-0.185617,-0.34913,-0.058188,42.0,-3.675,-22.8,-28.275,160.9768,0.9031,8.461,5.0,30.62605,48.84396,2.3533113,353.5048,NaN,3.276,89.909676,352.3,6 / 25,17093,2022-01-10 17:04:49:622
-1.117747,-0.325125,10.753046,-1.164455,-0.208867,9.73503,-1.026515,-0.051353,0.785444,-0.185617,-0.34913,-0.058188,42.0,-3.675,-22.8,-28.275,160.9768,0.9031,8.461,5.0,30.62605,48.84396,2.3533113,353.5048,NaN,3.276,89.909676,352.3,6 / 25,17098,2022-01-10 17:04:49:627
-1.117747,-0.325125,10.753046,-1.164455,-0.208867,9.73503,-1.026515,-0.051353,0.785444,-0.185617,-0.34913,-0.058188,42.0,-3.675,-22.8,-28.275,160.9768,0.9031,8.461,5.0,30.62605,48.84396,2.3533113,353.5048,NaN,3.276,89.909676,352.3,6 / 25,17103,2022-01-10 17:04:49:632
-1.117747,-0.325125,10.753046,-1.164455,-0.208867,9.73503,-1.026515,-0.051353,0.785444,-0.185617,-0.34913,-0.058188,42.0,-3.675,-22.8,-28.275,160.9768,0.9031,8.461,5.0,30.62605,48.84396,2.3533113,353.5048,NaN,3.276,89.909676,352.3,6 / 25,17108,2022-01-10 17:04:49:637
-1.117747,-0.325125,10.753046,-1.164455,-0.208867,9.73503,-1.026515,-0.051353,0.785444,-0.185617,-0.34913,-0.058188,42.0,-3.675,-22.8,-28.275,160.9768,0.9031,8.461,5.0,30.62605,48.84396,2.3533113,353.5048,NaN,3.276,89.909676,352.3,6 / 25,17114,2022-01-10 17:04:49:643
-1.117747,-0.325125,10.753046,-1.164455,-0.208867,9.73503,-1.026515,-0.051353,0.785444,-0.185617,-0.34913,-0.058188,42.0,-3.675,-22.8,-28.275,160.9768,0.9031,8.461,5.0,30.62605,48.84396,2.3533113,353.5048,NaN,3.276,89.909676,352.3,6 / 25,17118,2022-01-10 17:04:49:647
-1.117747,-0.325125,10.753046,-1.164455,-0.208867,9.73503,-1.026515,-0.051353,0.785444,-0.185617,-0.34913,-0.058188,42.0,-3.675,-22.8,-28.275,160.9768,0.9031,8.461,5.0,30.62605,48.84396,2.3533113,353.5048,NaN,3.276,89.909676,352.3,6 / 25,17124,2022-01-10 17:04:49:653
-1.117747,-0.325125,10.753046,-1.164455,-0.208867,9.73503,-1.026515,-0.051353,0.785444,-0.185617,-0.34913,-0.058188,42.0,-3.675,-22.8,-28.275,160.9768,0.9031,8.461,5.0,30.62605,48.84396,2.3533113,353.5048,NaN,3.276,89.909676,352.3,6 / 25,17127,2022-01-10 17:04:49:656
-1.117747,-0.325125,10.753046,-1.164455,-0.208867,9.73503,-1.026515,-0.051353,0.785444,-0.185617,-0.34913,-0.058188,42.0,-3.675,-22.8,-28.275,160.9768,0.9031,8.461,5.0,30.62605,48.84396,2.3533113,353.5048,NaN,3.276,89.909676,352.3,6 / 25,17133,2022-01-10 17:04:49:662
-1.117747,-0.325125,10.753046,-1.164455,-0.208867,9.73503,-1.026515,-0.051353,0.785444,-0.185617,-0.34913,-0.058188,42.0,3.45,-22.95,-29.325,178.8707,1.2204,6.821,5.0,30.62605,48.84396,2.3533113,353.5048,NaN,3.276,89.909676,352.3,6 / 25,17138,2022-01-10 17:04:49:667
-1.117747,-0.325125,10.753046,-1.164455,-0.208867,9.73503,-1.026515,-0.051353,0.785444,-0.185617,-0.34913,-0.058188,42.0,3.45,-22.95,-29.325,178.8707,1.2204,6.821,5.0,30.62605,48.84396,2.3533113,353.5048,NaN,3.276,89.909676,352.3,6 / 25,17142,2022-01-10 17:04:49:671
-1.117747,-0.325125,10.753046,-1.164455,-0.208867,9.73503,-1.026515,-0.051353,0.785444,-0.185617,-0.34913,-0.058188,42.0,3.45,-22.95,-29.325,178.8707,1.2204,6.821,5.0,30.62605,48.84396,2.3533113,353.5048,NaN,3.276,89.909676,352.3,6 / 25,17147,2022-01-10 17:04:49:676
-1.117747,-0.325125,10.753046,-1.164455,-0.208867,9.73503,-1.026515,-0.051353,0.785444,-0.185617,-0.34913,-0.058188,42.0,3.45,-22.95,-29.325,178.8707,1.2204,6.821,5.0,30.62605,48.84396,2.3533113,353.5048,NaN,3.276,89.909676,352.3,6 / 25,17153,2022-01-10 17:04:49:682
-1.117747,-0.325125,10.753046,-1.164455,-0.208867,9.73503,-1.026515,-0.051353,0.785444,0.759112,0.083221,-0.364443,42.0,3.45,-22.95,-29.325,178.8707,1.2204,6.821,5.0,30.62605,48.84396,2.3533113,353.5048,NaN,3.276,89.909676,352.3,6 / 25,17157,2022-01-10 17:04:49:686
-1.117747,-0.325125,10.753046,-1.164455,-0.208867,9.73503,-1.026515,-0.051353,0.785444,0.759112,0.083221,-0.364443,42.0,3.45,-22.95,-29.325,178.8707,1.2204,6.821,5.0,30.62605,48.84396,2.3533113,353.5048,NaN,3.276,89.909676,352.3,6 / 25,17163,2022-01-10 17:04:49:692
-1.117747,-0.325125,10.753046,-1.164455,-0.208867,9.73503,-1.026515,-0.051353,0.785444,0.759112,0.083221,-0.364443,42.0,3.45,-22.95,-29.325,178.8707,1.2204,6.821,5.0,30.62605,48.84396,2.3533113,353.5048,NaN,3.276,89.909676,352.3,6 / 25,17168,2022-01-10 17:04:49:697
-1.117747,-0.325125,10.753046,-1.164455,-0.208867,9.73503,-1.026515,-0.051353,0.785444,0.759112,0.083221,-0.364443,42.0,3.45,-22.95,-29.325,178.8707,1.2204,6.821,5.0,30.62605,48.84396,2.3533113,353.5048,NaN,3.276,89.909676,352.3,6 / 25,17172,2022-01-10 17:04:49:701
-1.117747,-0.325125,10.753046,-1.164455,-0.208867,9.73503,-1.026515,-0.051353,0.785444,0.759112,0.083221,-0.364443,42.0,3.45,-22.95,-29.325,178.8707,1.2204,6.821,5.0,30.76381,48.84396,2.3533113,353.5048,NaN,3.276,89.909676,352.3,6 / 25,17178,2022-01-10 17:04:49:707
-1.117747,-0.325125,10.753046,-1.164455,-0.208867,9.73503,-1.026515,-0.051353,0.785444,0.759112,0.083221,-0.364443,42.0,3.45,-22.95,-29.325,178.8707,1.2204,6.821,5.0,30.76381,48.84396,2.3533113,353.5048,NaN,3.276,89.909676,352.3,6 / 25,17182,2022-01-10 17:04:49:711
-1.117747,-0.325125,10.753046,-1.164455,-0.208867,9.73503,-1.026515,-0.051353,0.785444,0.759112,0.083221,-0.364443,42.0,3.45,-22.95,-29.325,178.8707,1.2204,6.821,5.0,30.76381,48.84396,2.3533113,353.5048,NaN,3.276,89.909676,352.3,6 / 25,17187,2022-01-10 17:04:49:716
-1.117747,-0.325125,10.753046,-1.164455,-0.208867,9.73503,-1.026515,-0.051353,0.785444,0.759112,0.083221,-0.364443,42.0,3.45,-22.95,-29.325,178.8707,1.2204,6.821,5.0,30.76381,48.84396,2.3533113,353.5048,NaN,3.276,89.909676,352.3,6 / 25,17193,2022-01-10 17:04:49:722
-2.127518,0.3,8.904889,-1.164455,-0.208867,9.73503,-1.026515,-0.051353,0.785444,0.759112,0.083221,-0.364443,42.0,3.45,-22.95,-29.325,178.8707,1.2204,6.821,5.0,30.76381,48.84396,2.3533113,353.5048,NaN,3.276,89.909676,352.3,6 / 25,17198,2022-01-10 17:04:49:727
-2.127518,0.3,8.904889,-1.164455,-0.208867,9.73503,-1.026515,-0.051353,0.785444,0.759112,0.083221,-0.364443,42.0,3.45,-22.95,-29.325,178.8707,1.2204,6.821,5.0,30.76381,48.84396,2.3533113,353.5048,NaN,3.276,89.909676,352.3,6 / 25,17203,2022-01-10 17:04:49:732
-2.127518,0.3,8.904889,-1.164455,-0.208867,9.73503,-1.026515,-0.051353,0.785444,0.759112,0.083221,-0.364443,42.0,3.45,-22.95,-29.325,178.8707,1.2204,6.821,5.0,30.76381,48.84396,2.3533113,353.5048,NaN,3.276,89.909676,352.3,6 / 25,17207,2022-01-10 17:04:49:736
-2.127518,0.3,8.904889,-1.164455,-0.208867,9.73503,-1.026515,-0.051353,0.785444,0.759112,0.083221,-0.364443,42.0,3.45,-22.95,-29.325,178.8707,1.2204,6.821,5.0,30.76381,48.84396,2.3533113,353.5048,NaN,3.276,89.909676,352.3,6 / 25,17212,2022-01-10 17:04:49:741
-2.127518,0.3,8.904889,-1.164455,-0.208867,9.73503,-1.026515,-0.051353,0.785444,0.759112,0.083221,-0.364443,42.0,3.45,-22.95,-29.325,178.8707,1.2204,6.821,5.0,30.76381,48.84396,2.3533113,353.5048,NaN,3.276,89.909676,352.3,6 / 25,17217,2022-01-10 17:04:49:746
-2.127518,0.3,8.904889,-1.2113,0.472411,9.720081,-1.08335,0.01739,0.038044,0.759112,0.083221,-0.364443,42.0,3.45,-22.95,-29.325,178.8707,1.2204,6.821,5.0,30.76381,48.84396,2.3533113,353.5048,NaN,3.276,89.909676,352.3,6 / 25,17223,2022-01-10 17:04:49:752
-2.127518,0.3,8.904889,-1.2113,0.472411,9.720081,-1.08335,0.01739,0.038044,0.759112,0.083221,-0.364443,42.0,3.45,-22.95,-29.325,178.8707,1.2204,6.821,5.0,30.76381,48.84396,2.3533113,353.5048,NaN,3.276,89.909676,352.3,6 / 25,17228,2022-01-10 17:04:49:757
-2.127518,0.3,8.904889,-1.2113,0.472411,9.720081,-1.08335,0.01739,0.038044,0.759112,0.083221,-0.364443,42.0,3.45,-22.95,-29.325,178.8707,1.2204,6.821,5.0,30.76381,48.84396,2.3533113,353.5048,NaN,3.276,89.909676,352.3,6 / 25,17232,2022-01-10 17:04:49:761
-2.127518,0.3,8.904889,-1.2113,0.472411,9.720081,-1.08335,0.01739,0.038044,0.759112,0.083221,-0.364443,42.0,3.45,-22.95,-29.325,178.8707,1.2204,6.821,5.0,30.76381,48.84396,2.3533113,353.5048,NaN,3.276,89.909676,352.3,6 / 25,17238,2022-01-10 17:04:49:767
-2.127518,0.3,8.904889,-1.2113,0.472411,9.720081,-1.08335,0.01739,0.038044,0.759112,0.083221,-0.364443,42.0,3.45,-22.95,-29.325,178.8707,1.2204,6.821,5.0,30.76381,48.84396,2.3533113,353.5048,NaN,3.276,89.909676,352.3,6 / 25,17243,2022-01-10 17:04:49:772
-2.127518,0.3,8.904889,-1.2113,0.472411,9.720081,-1.08335,0.01739,0.038044,0.759112,0.083221,-0.364443,42.0,3.45,-22.95,-29.325,178.8707,1.2204,6.821,5.0,30.76381,48.84396,2.3533113,353.5048,NaN,3.276,89.909676,352.3,6 / 25,17248,2022-01-10 17:04:49:777
-2.127518,0.3,8.904889,-1.2113,0.472411,9.720081,-1.08335,0.01739,0.038044,0.759112,0.083221,-0.364443,42.0,3.45,-22.95,-29.325,178.8707,1.2204,6.821,5.0,30.76381,48.84396,2.3533113,353.5048,NaN,3.276,89.909676,352.3,6 / 25,17252,2022-01-10 17:04:49:781
-2.127518,0.3,8.904889,-1.2113,0.472411,9.720081,-1.08335,0.01739,0.038044,0.759112,0.083221,-0.364443,42.0,8.25,-22.425,-29.625,191.6595,-2.7612,7.1035,5.0,30.76381,48.84396,2.3533113,353.5048,NaN,3.276,89.909676,352.3,6 / 25,17257,2022-01-10 17:04:49:786
-2.127518,0.3,8.904889,-1.2113,0.472411,9.720081,-1.08335,0.01739,0.038044,0.759112,0.083221,-0.364443,42.0,8.25,-22.425,-29.625,191.6595,-2.7612,7.1035,5.0,30.76381,48.84396,2.3533113,353.5048,NaN,3.276,89.909676,352.3,6 / 25,17263,2022-01-10 17:04:49:792
-2.127518,0.3,8.904889,-1.2113,0.472411,9.720081,-1.08335,0.01739,0.038044,0.759112,0.083221,-0.364443,42.0,8.25,-22.425,-29.625,191.6595,-2.7612,7.1035,5.0,30.76381,48.84396,2.3533113,353.5048,NaN,3.276,89.909676,352.3,6 / 25,17267,2022-01-10 17:04:49:796
-2.127518,0.3,8.904889,-1.2113,0.472411,9.720081,-1.08335,0.01739,0.038044,0.759112,0.083221,-0.364443,42.0,8.25,-22.425,-29.625,191.6595,-2.7612,7.1035,5.0,30.76381,48.84396,2.3533113,353.5048,NaN,3.276,89.909676,352.3,6 / 25,17273,2022-01-10 17:04:49:802
-2.127518,0.3,8.904889,-1.2113,0.472411,9.720081,-1.08335,0.01739,0.038044,0.759112,0.083221,-0.364443,42.0,8.25,-22.425,-29.625,191.6595,-2.7612,7.1035,5.0,30.76381,48.84396,2.3533113,353.5048,NaN,3.276,89.909676,352.3,6 / 25,17278,2022-01-10 17:04:49:807
-2.127518,0.3,8.904889,-1.2113,0.472411,9.720081,-1.08335,0.01739,0.038044,0.759112,0.083221,-0.364443,42.0,8.25,-22.425,-29.625,191.6595,-2.7612,7.1035,5.0,30.76381,48.84396,2.3533113,353.5048,NaN,3.276,89.909676,352.3,6 / 25,17283,2022-01-10 17:04:49:812
-2.127518,0.3,8.904889,-1.2113,0.472411,9.720081,-1.08335,0.01739,0.038044,0.759112,0.083221,-0.364443,42.0,8.25,-22.425,-29.625,191.6595,-2.7612,7.1035,5.0,30.76381,48.84396,2.3533113,353.5048,NaN,3.276,89.909676,352.3,6 / 25,17288,2022-01-10 17:04:49:817
-2.127518,0.3,8.904889,-1.2113,0.472411,9.720081,-1.08335,0.01739,0.038044,0.759112,0.083221,-0.364443,42.0,8.25,-22.425,-29.625,191.6595,-2.7612,7.1035,5.0,30.76381,48.84396,2.3533113,353.5048,NaN,3.276,89.909676,352.3,6 / 25,17294,2022-01-10 17:04:49:823
-1.671087,-0.451944,11.023734,-1.2113,0.472411,9.720081,-1.08335,0.01739,0.038044,0.759112,0.083221,-0.364443,42.0,8.25,-22.425,-29.625,191.6595,-2.7612,7.1035,5.0,30.76381,48.84396,2.3533113,353.5048,NaN,3.276,89.909676,352.3,6 / 25,17297,2022-01-10 17:04:49:826
-1.671087,-0.451944,11.023734,-1.2113,0.472411,9.720081,-1.08335,0.01739,0.038044,0.759112,0.083221,-0.364443,42.0,8.25,-22.425,-29.625,191.6595,-2.7612,7.1035,5.0,30.76381,48.84396,2.3533113,353.5048,NaN,3.276,89.909676,352.3,6 / 25,17304,2022-01-10 17:04:49:833
-1.671087,-0.451944,11.023734,-1.2113,0.472411,9.720081,-1.08335,0.01739,0.038044,0.759112,0.083221,-0.364443,42.0,8.25,-22.425,-29.625,191.6595,-2.7612,7.1035,5.0,30.76381,48.84396,2.3533113,353.5048,NaN,3.276,89.909676,352.3,6 / 25,17308,2022-01-10 17:04:49:837
-1.671087,-0.451944,11.023734,-1.2113,0.472411,9.720081,-1.08335,0.01739,0.038044,-0.067243,-0.086284,-0.299064,42.0,8.25,-22.425,-29.625,191.6595,-2.7612,7.1035,5.0,30.76381,48.84396,2.3533113,353.5048,NaN,3.276,89.909676,352.3,6 / 25,17313,2022-01-10 17:04:49:842
-1.671087,-0.451944,11.023734,-1.2113,0.472411,9.720081,-1.08335,0.01739,0.038044,-0.067243,-0.086284,-0.299064,42.0,8.25,-22.425,-29.625,191.6595,-2.7612,7.1035,5.0,30.76381,48.84396,2.3533113,353.5048,NaN,3.276,89.909676,352.3,6 / 25,17318,2022-01-10 17:04:49:847
-1.671087,-0.451944,11.023734,-1.2113,0.472411,9.720081,-1.08335,0.01739,0.038044,-0.067243,-0.086284,-0.299064,42.0,8.25,-22.425,-29.625,191.6595,-2.7612,7.1035,5.0,30.76381,48.84396,2.3533113,353.5048,NaN,3.276,89.909676,352.3,6 / 25,17322,2022-01-10 17:04:49:851
-1.671087,-0.451944,11.023734,-1.2113,0.472411,9.720081,-1.08335,0.01739,0.038044,-0.067243,-0.086284,-0.299064,42.0,8.25,-22.425,-29.625,191.6595,-2.7612,7.1035,5.0,30.76381,48.84396,2.3533113,353.5048,NaN,3.276,89.909676,352.3,6 / 25,17328,2022-01-10 17:04:49:857
-1.671087,-0.451944,11.023734,-1.193294,0.470769,9.722387,-0.972488,0.060179,-0.279756,-0.067243,-0.086284,-0.299064,42.0,8.25,-22.425,-29.625,191.6595,-2.7612,7.1035,5.0,30.76381,48.84396,2.3533113,353.5048,NaN,3.276,89.909676,352.3,6 / 25,17332,2022-01-10 17:04:49:861
-1.671087,-0.451944,11.023734,-1.193294,0.470769,9.722387,-0.972488,0.060179,-0.279756,-0.067243,-0.086284,-0.299064,42.0,8.25,-22.425,-29.625,191.6595,-2.7612,7.1035,5.0,30.76381,48.84396,2.3533113,353.5048,NaN,3.276,89.909676,352.3,6 / 25,17338,2022-01-10 17:04:49:867
-1.671087,-0.451944,11.023734,-1.193294,0.470769,9.722387,-0.972488,0.060179,-0.279756,-0.067243,-0.086284,-0.299064,42.0,8.25,-22.425,-29.625,191.6595,-2.7612,7.1035,5.0,30.76381,48.84396,2.3533113,353.5048,NaN,3.276,89.909676,352.3,6 / 25,17343,2022-01-10 17:04:49:872
-1.671087,-0.451944,11.023734,-1.193294,0.470769,9.722387,-0.972488,0.060179,-0.279756,-0.067243,-0.086284,-0.299064,42.0,8.25,-22.425,-29.625,191.6595,-2.7612,7.1035,5.0,30.76381,48.84396,2.3533113,353.5048,NaN,3.276,89.909676,352.3,6 / 25,17348,2022-01-10 17:04:49:877
-1.671087,-0.451944,11.023734,-1.193294,0.470769,9.722387,-0.972488,0.060179,-0.279756,-0.067243,-0.086284,-0.299064,42.0,8.25,-22.425,-29.625,191.6595,-2.7612,7.1035,5.0,30.76381,48.84396,2.3533113,353.5048,NaN,3.276,89.909676,352.3,6 / 25,17353,2022-01-10 17:04:49:882
-1.671087,-0.451944,11.023734,-1.193294,0.470769,9.722387,-0.972488,0.060179,-0.279756,-0.067243,-0.086284,-0.299064,42.0,8.25,-22.425,-29.625,191.6595,-2.7612,7.1035,5.0,30.76381,48.84396,2.3533113,353.5048,NaN,3.276,89.909676,352.3,6 / 25,17358,2022-01-10 17:04:49:887
-1.671087,-0.451944,11.023734,-1.193294,0.470769,9.722387,-0.972488,0.060179,-0.279756,-0.067243,-0.086284,-0.299064,42.0,8.25,-22.425,-29.625,191.6595,-2.7612,7.1035,5.0,30.76381,48.84396,2.3533113,353.5048,NaN,3.276,89.909676,352.3,6 / 25,17363,2022-01-10 17:04:49:892
-1.671087,-0.451944,11.023734,-1.193294,0.470769,9.722387,-0.972488,0.060179,-0.279756,-0.067243,-0.086284,-0.299064,42.0,8.25,-22.425,-29.625,191.6595,-2.7612,7.1035,5.0,30.76381,48.84396,2.3533113,353.5048,NaN,3.276,89.909676,352.3,6 / 25,17369,2022-01-10 17:04:49:898
-1.671087,-0.451944,11.023734,-1.193294,0.470769,9.722387,-0.972488,0.060179,-0.279756,-0.067243,-0.086284,-0.299064,42.0,8.25,-22.425,-29.625,191.6595,-2.7612,7.1035,5.0,30.76381,48.84396,2.3533113,353.5048,NaN,3.276,89.909676,352.3,6 / 25,17373,2022-01-10 17:04:49:902
-1.671087,-0.451944,11.023734,-1.193294,0.470769,9.722387,-0.972488,0.060179,-0.279756,-0.067243,-0.086284,-0.299064,42.0,8.25,-22.425,-29.625,191.6595,-2.7612,7.1035,5.0,30.76381,48.84396,2.3533113,353.5048,NaN,3.276,89.909676,352.3,6 / 25,17378,2022-01-10 17:04:49:907
-1.671087,-0.451944,11.023734,-1.193294,0.470769,9.722387,-0.972488,0.060179,-0.279756,-0.067243,-0.086284,-0.299064,42.0,8.25,-22.425,-29.625,191.6595,-2.7612,7.1035,5.0,30.76381,48.84396,2.3533113,353.5048,NaN,3.276,89.909676,352.3,6 / 25,17384,2022-01-10 17:04:49:913
-1.671087,-0.451944,11.023734,-1.193294,0.470769,9.722387,-0.972488,0.060179,-0.279756,-0.067243,-0.086284,-0.299064,42.0,8.25,-22.425,-29.625,191.6595,-2.7612,7.1035,5.0,30.76381,48.84396,2.3533113,353.5048,NaN,3.276,89.909676,352.3,6 / 25,17388,2022-01-10 17:04:49:917
-1.671087,-0.451944,11.023734,-1.193294,0.470769,9.722387,-0.972488,0.060179,-0.279756,-0.067243,-0.086284,-0.299064,42.0,8.25,-22.425,-29.625,191.6595,-2.7612,7.1035,5.0,30.76381,48.84396,2.3533113,353.5048,NaN,3.276,89.909676,352.3,6 / 25,17392,2022-01-10 17:04:49:921
-0.746561,-5.98E-4,8.788539,-1.193294,0.470769,9.722387,-0.972488,0.060179,-0.279756,-0.067243,-0.086284,-0.299064,42.0,9.675,-21.675,-29.625,197.019,-2.7515,6.9973,5.0,30.76381,48.84396,2.3533113,353.5048,NaN,3.276,89.909676,352.3,6 / 25,17398,2022-01-10 17:04:49:927
-0.746561,-5.98E-4,8.788539,-1.193294,0.470769,9.722387,-0.972488,0.060179,-0.279756,-0.067243,-0.086284,-0.299064,42.0,9.675,-21.675,-29.625,197.019,-2.7515,6.9973,5.0,30.76381,48.84396,2.3533113,353.5048,NaN,3.276,89.909676,352.3,6 / 25,17402,2022-01-10 17:04:49:931
-0.746561,-5.98E-4,8.788539,-1.193294,0.470769,9.722387,-0.972488,0.060179,-0.279756,-0.067243,-0.086284,-0.299064,42.0,9.675,-21.675,-29.625,197.019,-2.7515,6.9973,5.0,30.76381,48.84396,2.3533113,353.5048,NaN,3.276,89.909676,352.3,6 / 25,17407,2022-01-10 17:04:49:936
-0.746561,-5.98E-4,8.788539,-1.193294,0.470769,9.722387,-0.972488,0.060179,-0.279756,-0.067243,-0.086284,-0.299064,42.0,9.675,-21.675,-29.625,197.019,-2.7515,6.9973,5.0,30.76381,48.84396,2.3533113,353.5048,NaN,3.276,89.909676,352.3,6 / 25,17413,2022-01-10 17:04:49:942
-0.746561,-5.98E-4,8.788539,-1.193294,0.470769,9.722387,-0.972488,0.060179,-0.279756,-0.067243,-0.086284,-0.299064,42.0,9.675,-21.675,-29.625,197.019,-2.7515,6.9973,5.0,30.76381,48.84396,2.3533113,353.5048,NaN,3.276,89.909676,352.3,6 / 25,17418,2022-01-10 17:04:49:947
-0.746561,-5.98E-4,8.788539,-1.193294,0.470769,9.722387,-0.972488,0.060179,-0.279756,-0.067243,-0.086284,-0.299064,42.0,9.675,-21.675,-29.625,197.019,-2.7515,6.9973,5.0,30.76381,48.84396,2.3533113,353.5048,NaN,3.276,89.909676,352.3,6 / 25,17422,2022-01-10 17:04:49:951
-0.746561,-5.98E-4,8.788539,-1.193294,0.470769,9.722387,-0.972488,0.060179,-0.279756,-0.067243,-0.086284,-0.299064,42.0,9.675,-21.675,-29.625,197.019,-2.7515,6.9973,5.0,30.76381,48.84396,2.3533113,353.5048,NaN,3.276,89.909676,352.3,6 / 25,17428,2022-01-10 17:04:49:957
-0.746561,-5.98E-4,8.788539,-1.193294,0.470769,9.722387,-0.972488,0.060179,-0.279756,-0.067243,-0.086284,-0.299064,42.0,9.675,-21.675,-29.625,197.019,-2.7515,6.9973,5.0,30.76381,48.84396,2.3533113,353.5048,NaN,3.276,89.909676,352.3,6 / 25,17432,2022-01-10 17:04:49:961
-0.746561,-5.98E-4,8.788539,-1.193294,0.470769,9.722387,-0.972488,0.060179,-0.279756,-0.067243,-0.086284,-0.299064,42.0,9.675,-21.675,-29.625,197.019,-2.7515,6.9973,5.0,30.76381,48.84396,2.3533113,353.5048,NaN,3.276,89.909676,352.3,6 / 25,17437,2022-01-10 17:04:49:966
-0.746561,-5.98E-4,8.788539,-1.193294,0.470769,9.722387,-0.972488,0.060179,-0.279756,-0.067243,-0.086284,-0.299064,42.0,9.675,-21.675,-29.625,197.019,-2.7515,6.9973,5.0,30.76381,48.84396,2.3533113,353.5048,NaN,3.276,89.909676,352.3,6 / 25,17442,2022-01-10 17:04:49:971
-0.746561,-5.98E-4,8.788539,-1.193294,0.470769,9.722387,-0.972488,0.060179,-0.279756,-0.523828,-0.833145,-0.006525,42.0,9.675,-21.675,-29.625,197.019,-2.7515,6.9973,5.0,30.76381,48.84396,2.3533113,353.5048,NaN,3.276,89.909676,352.3,6 / 25,17448,2022-01-10 17:04:49:977
-0.746561,-5.98E-4,8.788539,-1.193294,0.470769,9.722387,-0.972488,0.060179,-0.279756,-0.523828,-0.833145,-0.006525,42.0,9.675,-21.675,-29.625,197.019,-2.7515,6.9973,5.0,30.76381,48.84396,2.3533113,353.5048,NaN,3.276,89.909676,352.3,6 / 25,17453,2022-01-10 17:04:49:982
-0.746561,-5.98E-4,8.788539,-1.193294,0.470769,9.722387,-0.972488,0.060179,-0.279756,-0.523828,-0.833145,-0.006525,42.0,9.675,-21.675,-29.625,197.019,-2.7515,6.9973,5.0,30.76381,48.84396,2.3533113,353.5048,NaN,3.276,89.909676,352.3,6 / 25,17458,2022-01-10 17:04:49:987
-0.746561,-5.98E-4,8.788539,-1.193294,0.470769,9.722387,-0.972488,0.060179,-0.279756,-0.523828,-0.833145,-0.006525,42.0,9.675,-21.675,-29.625,197.019,-2.7515,6.9973,5.0,30.76381,48.84396,2.3533113,353.5048,NaN,3.276,89.909676,352.3,6 / 25,17462,2022-01-10 17:04:49:991
-0.746561,-5.98E-4,8.788539,-0.573334,0.389844,9.782111,-0.972488,0.060179,-0.279756,-0.523828,-0.833145,-0.006525,42.0,9.675,-21.675,-29.625,197.019,-2.7515,6.9973,5.0,30.76381,48.84396,2.3533113,353.5048,NaN,3.276,89.909676,352.3,6 / 25,17468,2022-01-10 17:04:49:997
-0.746561,-5.98E-4,8.788539,-0.573334,0.389844,9.782111,-0.293189,-0.062395,-0.789142,-0.523828,-0.833145,-0.006525,42.0,9.675,-21.675,-29.625,197.019,-2.7515,6.9973,5.0,30.76381,48.84396,2.3533113,353.5048,NaN,3.276,89.909676,352.3,6 / 25,17473,2022-01-10 17:04:50:002
-0.746561,-5.98E-4,8.788539,-0.573334,0.389844,9.782111,-0.293189,-0.062395,-0.789142,-0.523828,-0.833145,-0.006525,42.0,9.675,-21.675,-29.625,197.019,-2.7515,6.9973,5.0,30.76381,48.84396,2.3533113,353.5048,NaN,3.276,89.909676,352.3,6 / 25,17477,2022-01-10 17:04:50:006
-0.746561,-5.98E-4,8.788539,-0.573334,0.389844,9.782111,-0.293189,-0.062395,-0.789142,-0.523828,-0.833145,-0.006525,42.0,9.675,-21.675,-29.625,197.019,-2.7515,6.9973,5.0,30.76381,48.84396,2.3533113,353.5048,NaN,3.276,89.909676,352.3,6 / 25,17482,2022-01-10 17:04:50:011
-0.746561,-5.98E-4,8.788539,-0.573334,0.389844,9.782111,-0.293189,-0.062395,-0.789142,-0.523828,-0.833145,-0.006525,42.0,9.675,-21.675,-29.625,197.019,-2.7515,6.9973,5.0,30.76381,48.84396,2.3533113,353.5048,NaN,3.276,89.909676,352.3,6 / 25,17488,2022-01-10 17:04:50:017
-0.746561,-5.98E-4,8.788539,-0.573334,0.389844,9.782111,-0.293189,-0.062395,-0.789142,-0.523828,-0.833145,-0.006525,42.0,9.675,-21.675,-29.625,197.019,-2.7515,6.9973,5.0,30.76381,48.84396,2.3533113,353.5048,NaN,3.276,89.909676,352.3,6 / 25,17493,2022-01-10 17:04:50:022
-0.746561,-5.98E-4,8.788539,-0.573334,0.389844,9.782111,-0.293189,-0.062395,-0.789142,-0.523828,-0.833145,-0.006525,42.0,9.675,-21.675,-29.625,197.019,-2.7515,6.9973,5.0,30.76381,48.84396,2.3533113,353.5048,NaN,3.276,89.909676,352.3,6 / 25,17499,2022-01-10 17:04:50:028
0.446261,-0.207876,12.417852,-0.573334,0.389844,9.782111,-0.293189,-0.062395,-0.789142,-0.523828,-0.833145,-0.006525,42.0,9.675,-21.675,-29.625,197.019,-2.7515,6.9973,5.0,30.76381,48.84396,2.3533113,353.5048,NaN,3.276,89.909676,352.3,6 / 25,17503,2022-01-10 17:04:50:032
0.446261,-0.207876,12.417852,-0.573334,0.389844,9.782111,-0.293189,-0.062395,-0.789142,-0.523828,-0.833145,-0.006525,42.0,9.675,-21.675,-29.625,197.019,-2.7515,6.9973,5.0,30.76381,48.84396,2.3533113,353.5048,NaN,3.276,89.909676,352.3,6 / 25,17508,2022-01-10 17:04:50:037
0.446261,-0.207876,12.417852,-0.573334,0.389844,9.782111,-0.293189,-0.062395,-0.789142,-0.523828,-0.833145,-0.006525,42.0,9.675,-21.675,-29.625,197.019,-2.7515,6.9973,5.0,30.76381,48.84396,2.3533113,353.5048,NaN,3.276,89.909676,352.3,6 / 25,17512,2022-01-10 17:04:50:041
0.446261,-0.207876,12.417852,-0.573334,0.389844,9.782111,-0.293189,-0.062395,-0.789142,-0.523828,-0.833145,-0.006525,42.0,9.675,-21.675,-29.625,197.019,-2.7515,6.9973,5.0,30.76381,48.84396,2.3533113,353.5048,NaN,3.276,89.909676,352.3,6 / 25,17517,2022-01-10 17:04:50:046
0.446261,-0.207876,12.417852,-0.573334,0.389844,9.782111,-0.293189,-0.062395,-0.789142,-0.523828,-0.833145,-0.006525,42.0,9.675,-21.675,-29.625,197.019,-2.7515,6.9973,5.0,29.97066,48.84396,2.3533113,353.5048,NaN,3.276,89.909676,352.3,6 / 25,17522,2022-01-10 17:04:50:051
0.446261,-0.207876,12.417852,-0.573334,0.389844,9.782111,-0.293189,-0.062395,-0.789142,-0.523828,-0.833145,-0.006525,42.0,9.675,-21.675,-29.625,197.019,-2.7515,6.9973,5.0,29.97066,48.84396,2.3533113,353.5048,NaN,3.276,89.909676,352.3,6 / 25,17528,2022-01-10 17:04:50:057
0.446261,-0.207876,12.417852,-0.573334,0.389844,9.782111,-0.293189,-0.062395,-0.789142,-0.523828,-0.833145,-0.006525,42.0,9.225,-21.45,-29.475,200.1963,-2.2783,3.3543,5.0,29.97066,48.84396,2.3533113,353.5048,NaN,3.276,89.909676,352.3,6 / 25,17533,2022-01-10 17:04:50:062
0.446261,-0.207876,12.417852,-0.573334,0.389844,9.782111,-0.293189,-0.062395,-0.789142,-0.523828,-0.833145,-0.006525,42.0,9.225,-21.45,-29.475,200.1963,-2.2783,3.3543,5.0,29.97066,48.84396,2.3533113,353.5048,NaN,3.276,89.909676,352.3,6 / 25,17537,2022-01-10 17:04:50:066
0.446261,-0.207876,12.417852,-0.573334,0.389844,9.782111,-0.293189,-0.062395,-0.789142,-0.523828,-0.833145,-0.006525,42.0,9.225,-21.45,-29.475,200.1963,-2.2783,3.3543,5.0,29.97066,48.84396,2.3533113,353.5048,NaN,3.276,89.909676,352.3,6 / 25,17543,2022-01-10 17:04:50:072
0.446261,-0.207876,12.417852,-0.573334,0.389844,9.782111,-0.293189,-0.062395,-0.789142,-0.523828,-0.833145,-0.006525,42.0,9.225,-21.45,-29.475,200.1963,-2.2783,3.3543,5.0,29.97066,48.84396,2.3533113,353.5048,NaN,3.276,89.909676,352.3,6 / 25,17547,2022-01-10 17:04:50:076
0.446261,-0.207876,12.417852,-0.573334,0.389844,9.782111,-0.293189,-0.062395,-0.789142,-0.523828,-0.833145,-0.006525,42.0,9.225,-21.45,-29.475,200.1963,-2.2783,3.3543,5.0,29.97066,48.84396,2.3533113,353.5048,NaN,3.276,89.909676,352.3,6 / 25,17552,2022-01-10 17:04:50:081
0.446261,-0.207876,12.417852,-0.573334,0.389844,9.782111,-0.293189,-0.062395,-0.789142,-0.523828,-0.833145,-0.006525,42.0,9.225,-21.45,-29.475,200.1963,-2.2783,3.3543,5.0,29.97066,48.84396,2.3533113,353.5048,NaN,3.276,89.909676,352.3,6 / 25,17557,2022-01-10 17:04:50:086
0.446261,-0.207876,12.417852,-0.573334,0.389844,9.782111,-0.293189,-0.062395,-0.789142,-0.523828,-0.833145,-0.006525,42.0,9.225,-21.45,-29.475,200.1963,-2.2783,3.3543,5.0,29.97066,48.84396,2.3533113,353.5048,NaN,3.276,89.909676,352.3,6 / 25,17563,2022-01-10 17:04:50:092
0.446261,-0.207876,12.417852,-0.573334,0.389844,9.782111,-0.293189,-0.062395,-0.789142,0.889736,1.418358,0.164312,42.0,9.225,-21.45,-29.475,200.1963,-2.2783,3.3543,5.0,29.97066,48.84396,2.3533113,353.5048,NaN,3.276,89.909676,352.3,6 / 25,17568,2022-01-10 17:04:50:097
0.446261,-0.207876,12.417852,-0.573334,0.389844,9.782111,-0.293189,-0.062395,-0.789142,0.889736,1.418358,0.164312,42.0,9.225,-21.45,-29.475,200.1963,-2.2783,3.3543,5.0,29.97066,48.84396,2.3533113,353.5048,NaN,3.276,89.909676,352.3,6 / 25,17573,2022-01-10 17:04:50:102
0.446261,-0.207876,12.417852,-0.573334,0.389844,9.782111,-0.293189,-0.062395,-0.789142,0.889736,1.418358,0.164312,42.0,9.225,-21.45,-29.475,200.1963,-2.2783,3.3543,5.0,29.97066,48.84396,2.3533113,353.5048,NaN,3.276,89.909676,352.3,6 / 25,17577,2022-01-10 17:04:50:106
0.446261,-0.207876,12.417852,-0.573334,0.389844,9.782111,-0.293189,-0.062395,-0.789142,0.889736,1.418358,0.164312,42.0,9.225,-21.45,-29.475,200.1963,-2.2783,3.3543,5.0,29.97066,48.84396,2.3533113,353.5048,NaN,3.276,89.909676,352.3,6 / 25,17582,2022-01-10 17:04:50:111
-1.370489,0.51326,9.798309,-0.799655,0.048592,9.773872,0.833138,-0.652898,2.96477,0.889736,1.418358,0.164312,42.0,9.225,-21.45,-29.475,200.1963,-2.2783,3.3543,5.0,29.97066,48.84396,2.3533113,353.5048,NaN,3.276,89.909676,352.3,6 / 25,17588,2022-01-10 17:04:50:117
-1.370489,0.51326,9.798309,-0.799655,0.048592,9.773872,0.833138,-0.652898,2.96477,0.889736,1.418358,0.164312,42.0,9.225,-21.45,-29.475,200.1963,-2.2783,3.3543,5.0,29.97066,48.84396,2.3533113,353.5048,NaN,3.276,89.909676,352.3,6 / 25,17593,2022-01-10 17:04:50:122
-1.370489,0.51326,9.798309,-0.799655,0.048592,9.773872,0.833138,-0.652898,2.96477,0.889736,1.418358,0.164312,42.0,9.225,-21.45,-29.475,200.1963,-2.2783,3.3543,5.0,29.97066,48.84396,2.3533113,353.5048,NaN,3.276,89.909676,352.3,6 / 25,17598,2022-01-10 17:04:50:127
-1.370489,0.51326,9.798309,-0.799655,0.048592,9.773872,0.833138,-0.652898,2.96477,0.889736,1.418358,0.164312,42.0,9.225,-21.45,-29.475,200.1963,-2.2783,3.3543,5.0,29.97066,48.84396,2.3533113,353.5048,NaN,3.276,89.909676,352.3,6 / 25,17603,2022-01-10 17:04:50:132
-1.370489,0.51326,9.798309,-0.799655,0.048592,9.773872,0.833138,-0.652898,2.96477,0.889736,1.418358,0.164312,42.0,9.225,-21.45,-29.475,200.1963,-2.2783,3.3543,5.0,29.97066,48.84396,2.3533113,353.5048,NaN,3.276,89.909676,352.3,6 / 25,17608,2022-01-10 17:04:50:137
-1.370489,0.51326,9.798309,-0.799655,0.048592,9.773872,0.833138,-0.652898,2.96477,0.889736,1.418358,0.164312,42.0,9.225,-21.45,-29.475,200.1963,-2.2783,3.3543,5.0,29.97066,48.84396,2.3533113,353.5048,NaN,3.276,89.909676,352.3,6 / 25,17613,2022-01-10 17:04:50:142
-1.370489,0.51326,9.798309,-0.799655,0.048592,9.773872,0.833138,-0.652898,2.96477,0.889736,1.418358,0.164312,42.0,9.225,-21.45,-29.475,200.1963,-2.2783,3.3543,5.0,29.97066,48.84396,2.3533113,353.5048,NaN,3.276,89.909676,352.3,6 / 25,17617,2022-01-10 17:04:50:146
-1.370489,0.51326,9.798309,-0.799655,0.048592,9.773872,0.833138,-0.652898,2.96477,0.889736,1.418358,0.164312,42.0,9.225,-21.45,-29.475,200.1963,-2.2783,3.3543,5.0,29.97066,48.84396,2.3533113,353.5048,NaN,3.276,89.909676,352.3,6 / 25,17623,2022-01-10 17:04:50:152
-1.370489,0.51326,9.798309,-0.799655,0.048592,9.773872,0.833138,-0.652898,2.96477,0.889736,1.418358,0.164312,42.0,9.225,-21.45,-29.475,200.1963,-2.2783,3.3543,5.0,29.97066,48.84396,2.3533113,353.5048,NaN,3.276,89.909676,352.3,6 / 25,17627,2022-01-10 17:04:50:156
-1.370489,0.51326,9.798309,-0.799655,0.048592,9.773872,0.833138,-0.652898,2.96477,0.889736,1.418358,0.164312,42.0,9.225,-21.45,-29.475,200.1963,-2.2783,3.3543,5.0,29.97066,48.84396,2.3533113,353.5048,NaN,3.276,89.909676,352.3,6 / 25,17633,2022-01-10 17:04:50:162
-1.370489,0.51326,9.798309,-0.799655,0.048592,9.773872,0.833138,-0.652898,2.96477,0.889736,1.418358,0.164312,42.0,9.225,-21.45,-29.475,200.1963,-2.2783,3.3543,5.0,29.97066,48.84396,2.3533113,353.5048,NaN,3.276,89.909676,352.3,6 / 25,17638,2022-01-10 17:04:50:167
-1.370489,0.51326,9.798309,-0.799655,0.048592,9.773872,0.833138,-0.652898,2.96477,0.889736,1.418358,0.164312,42.0,9.225,-21.45,-29.475,200.1963,-2.2783,3.3543,5.0,29.97066,48.84396,2.3533113,353.5048,NaN,3.276,89.909676,352.3,6 / 25,17642,2022-01-10 17:04:50:171
-1.370489,0.51326,9.798309,-0.799655,0.048592,9.773872,0.833138,-0.652898,2.96477,0.889736,1.418358,0.164312,42.0,9.225,-21.45,-29.475,200.1963,-2.2783,3.3543,5.0,29.97066,48.84396,2.3533113,353.5048,NaN,3.276,89.909676,352.3,6 / 25,17647,2022-01-10 17:04:50:176
-1.370489,0.51326,9.798309,-0.799655,0.048592,9.773872,0.833138,-0.652898,2.96477,0.889736,1.418358,0.164312,42.0,9.225,-21.45,-29.475,200.1963,-2.2783,3.3543,5.0,29.97066,48.84396,2.3533113,353.5048,NaN,3.276,89.909676,352.3,6 / 25,17652,2022-01-10 17:04:50:181
-1.370489,0.51326,9.798309,-0.799655,0.048592,9.773872,0.833138,-0.652898,2.96477,0.889736,1.418358,0.164312,42.0,9.6,-21.825,-29.1,199.1816,-0.2839,4.6773,5.0,29.97066,48.84396,2.3533113,353.5048,NaN,3.276,89.909676,352.3,6 / 25,17658,2022-01-10 17:04:50:187
-1.370489,0.51326,9.798309,-0.799655,0.048592,9.773872,0.833138,-0.652898,2.96477,0.889736,1.418358,0.164312,42.0,9.6,-21.825,-29.1,199.1816,-0.2839,4.6773,5.0,29.97066,48.84396,2.3533113,353.5048,NaN,3.276,89.909676,352.3,6 / 25,17663,2022-01-10 17:04:50:192
-1.370489,0.51326,9.798309,-0.799655,0.048592,9.773872,0.833138,-0.652898,2.96477,0.889736,1.418358,0.164312,42.0,9.6,-21.825,-29.1,199.1816,-0.2839,4.6773,5.0,29.97066,48.84396,2.3533113,353.5048,NaN,3.276,89.909676,352.3,6 / 25,17668,2022-01-10 17:04:50:197
-1.370489,0.51326,9.798309,-0.799655,0.048592,9.773872,0.833138,-0.652898,2.96477,0.889736,1.418358,0.164312,42.0,9.6,-21.825,-29.1,199.1816,-0.2839,4.6773,5.0,29.97066,48.84396,2.3533113,353.5048,NaN,3.276,89.909676,352.3,6 / 25,17672,2022-01-10 17:04:50:201
-1.370489,0.51326,9.798309,-0.799655,0.048592,9.773872,0.833138,-0.652898,2.96477,0.889736,1.418358,0.164312,42.0,9.6,-21.825,-29.1,199.1816,-0.2839,4.6773,5.0,29.97066,48.84396,2.3533113,353.5048,NaN,3.276,89.909676,352.3,6 / 25,17677,2022-01-10 17:04:50:206
-1.370489,0.51326,9.798309,-0.799655,0.048592,9.773872,0.833138,-0.652898,2.96477,0.889736,1.418358,0.164312,42.0,9.6,-21.825,-29.1,199.1816,-0.2839,4.6773,5.0,29.97066,48.84396,2.3533113,353.5048,NaN,3.276,89.909676,352.3,6 / 25,17682,2022-01-10 17:04:50:211
-1.370489,0.51326,9.798309,-0.799655,0.048592,9.773872,0.833138,-0.652898,2.96477,0.889736,1.418358,0.164312,42.0,9.6,-21.825,-29.1,199.1816,-0.2839,4.6773,5.0,29.97066,48.84396,2.3533113,353.5048,NaN,3.276,89.909676,352.3,6 / 25,17688,2022-01-10 17:04:50:217
-1.370489,0.51326,9.798309,-0.799655,0.048592,9.773872,0.833138,-0.652898,2.96477,0.889736,1.418358,0.164312,42.0,9.6,-21.825,-29.1,199.1816,-0.2839,4.6773,5.0,29.97066,48.84396,2.3533113,353.5048,NaN,3.276,89.909676,352.3,6 / 25,17692,2022-01-10 17:04:50:221
-1.370489,0.51326,9.798309,-0.799655,0.048592,9.773872,0.833138,-0.652898,2.96477,0.889736,1.418358,0.164312,42.0,9.6,-21.825,-29.1,199.1816,-0.2839,4.6773,5.0,29.97066,48.84396,2.3533113,353.5048,NaN,3.276,89.909676,352.3,6 / 25,17698,2022-01-10 17:04:50:227
-1.347757,0.999602,8.498708,-1.068569,0.766062,9.718113,-0.68723,-0.06675,-1.671809,-0.581085,-0.716369,0.374829,42.0,9.6,-21.825,-29.1,199.1816,-0.2839,4.6773,5.0,29.97066,48.84396,2.3533113,353.5048,NaN,3.276,89.909676,352.3,6 / 25,17703,2022-01-10 17:04:50:232
-1.347757,0.999602,8.498708,-1.068569,0.766062,9.718113,-0.68723,-0.06675,-1.671809,-0.581085,-0.716369,0.374829,42.0,9.6,-21.825,-29.1,199.1816,-0.2839,4.6773,5.0,29.97066,48.84396,2.3533113,353.5048,NaN,3.276,89.909676,352.3,6 / 25,17708,2022-01-10 17:04:50:237
-1.347757,0.999602,8.498708,-1.068569,0.766062,9.718113,-0.68723,-0.06675,-1.671809,-0.581085,-0.716369,0.374829,42.0,9.6,-21.825,-29.1,199.1816,-0.2839,4.6773,5.0,29.97066,48.84396,2.3533113,353.5048,NaN,3.276,89.909676,352.3,6 / 25,17712,2022-01-10 17:04:50:241
-1.347757,0.999602,8.498708,-1.068569,0.766062,9.718113,-0.68723,-0.06675,-1.671809,-0.581085,-0.716369,0.374829,42.0,9.6,-21.825,-29.1,199.1816,-0.2839,4.6773,5.0,29.97066,48.84396,2.3533113,353.5048,NaN,3.276,89.909676,352.3,6 / 25,17717,2022-01-10 17:04:50:246
-1.347757,0.999602,8.498708,-1.068569,0.766062,9.718113,-0.68723,-0.06675,-1.671809,-0.581085,-0.716369,0.374829,42.0,9.6,-21.825,-29.1,199.1816,-0.2839,4.6773,5.0,29.97066,48.84396,2.3533113,353.5048,NaN,3.276,89.909676,352.3,6 / 25,17723,2022-01-10 17:04:50:252
-1.347757,0.999602,8.498708,-1.068569,0.766062,9.718113,-0.68723,-0.06675,-1.671809,-0.581085,-0.716369,0.374829,42.0,9.6,-21.825,-29.1,199.1816,-0.2839,4.6773,5.0,29.97066,48.84396,2.3533113,353.5048,NaN,3.276,89.909676,352.3,6 / 25,17727,2022-01-10 17:04:50:256
-1.347757,0.999602,8.498708,-1.068569,0.766062,9.718113,-0.68723,-0.06675,-1.671809,-0.581085,-0.716369,0.374829,42.0,9.6,-21.825,-29.1,199.1816,-0.2839,4.6773,5.0,29.97066,48.84396,2.3533113,353.5048,NaN,3.276,89.909676,352.3,6 / 25,17732,2022-01-10 17:04:50:261
-1.347757,0.999602,8.498708,-1.068569,0.766062,9.718113,-0.68723,-0.06675,-1.671809,-0.581085,-0.716369,0.374829,42.0,9.6,-21.825,-29.1,199.1816,-0.2839,4.6773,5.0,29.97066,48.84396,2.3533113,353.5048,NaN,3.276,89.909676,352.3,6 / 25,17737,2022-01-10 17:04:50:266
-1.347757,0.999602,8.498708,-1.068569,0.766062,9.718113,-0.68723,-0.06675,-1.671809,-0.581085,-0.716369,0.374829,42.0,9.6,-21.825,-29.1,199.1816,-0.2839,4.6773,5.0,29.97066,48.84396,2.3533113,353.5048,NaN,3.276,89.909676,352.3,6 / 25,17743,2022-01-10 17:04:50:272
-1.347757,0.999602,8.498708,-1.068569,0.766062,9.718113,-0.68723,-0.06675,-1.671809,-0.581085,-0.716369,0.374829,42.0,9.6,-21.825,-29.1,199.1816,-0.2839,4.6773,5.0,29.97066,48.84396,2.3533113,353.5048,NaN,3.276,89.909676,352.3,6 / 25,17748,2022-01-10 17:04:50:277
-1.347757,0.999602,8.498708,-1.068569,0.766062,9.718113,-0.68723,-0.06675,-1.671809,-0.581085,-0.716369,0.374829,42.0,9.6,-21.825,-29.1,199.1816,-0.2839,4.6773,5.0,29.97066,48.84396,2.3533113,353.5048,NaN,3.276,89.909676,352.3,6 / 25,17752,2022-01-10 17:04:50:281
-1.347757,0.999602,8.498708,-1.068569,0.766062,9.718113,-0.68723,-0.06675,-1.671809,-0.581085,-0.716369,0.374829,42.0,9.6,-21.825,-29.1,199.1816,-0.2839,4.6773,5.0,29.97066,48.84396,2.3533113,353.5048,NaN,3.276,89.909676,352.3,6 / 25,17758,2022-01-10 17:04:50:287
-1.347757,0.999602,8.498708,-1.068569,0.766062,9.718113,-0.68723,-0.06675,-1.671809,-0.581085,-0.716369,0.374829,42.0,9.6,-21.825,-29.1,199.1816,-0.2839,4.6773,5.0,29.97066,48.84396,2.3533113,353.5048,NaN,3.276,89.909676,352.3,6 / 25,17763,2022-01-10 17:04:50:292
-1.347757,0.999602,8.498708,-1.068569,0.766062,9.718113,-0.68723,-0.06675,-1.671809,-0.581085,-0.716369,0.374829,42.0,9.6,-21.825,-29.1,199.1816,-0.2839,4.6773,5.0,29.97066,48.84396,2.3533113,353.5048,NaN,3.276,89.909676,352.3,6 / 25,17767,2022-01-10 17:04:50:296
-1.347757,0.999602,8.498708,-1.068569,0.766062,9.718113,-0.68723,-0.06675,-1.671809,-0.581085,-0.716369,0.374829,42.0,9.6,-21.825,-29.1,199.1816,-0.2839,4.6773,5.0,29.97066,48.84396,2.3533113,353.5048,NaN,3.276,89.909676,352.3,6 / 25,17773,2022-01-10 17:04:50:302
-1.347757,0.999602,8.498708,-1.068569,0.766062,9.718113,-0.68723,-0.06675,-1.671809,-0.581085,-0.716369,0.374829,42.0,9.6,-21.825,-29.1,199.1816,-0.2839,4.6773,5.0,29.97066,48.84396,2.3533113,353.5048,NaN,3.276,89.909676,352.3,6 / 25,17777,2022-01-10 17:04:50:306
-1.347757,0.999602,8.498708,-1.068569,0.766062,9.718113,-0.68723,-0.06675,-1.671809,-0.581085,-0.716369,0.374829,42.0,9.6,-21.825,-29.1,199.1816,-0.2839,4.6773,5.0,29.97066,48.84396,2.3533113,353.5048,NaN,3.276,89.909676,352.3,6 / 25,17782,2022-01-10 17:04:50:311
-1.347757,0.999602,8.498708,-1.068569,0.766062,9.718113,-0.68723,-0.06675,-1.671809,-0.581085,-0.716369,0.374829,42.0,9.6,-21.825,-29.1,199.1816,-0.2839,4.6773,5.0,29.97066,48.84396,2.3533113,353.5048,NaN,3.276,89.909676,352.3,6 / 25,17788,2022-01-10 17:04:50:317
-0.232702,-1.103689,11.664412,-1.068569,0.766062,9.718113,-0.68723,-0.06675,-1.671809,-0.581085,-0.716369,0.374829,42.0,9.6,-21.825,-29.1,199.1816,-0.2839,4.6773,5.0,29.97066,48.84396,2.3533113,353.5048,NaN,3.276,89.909676,352.3,6 / 25,17793,2022-01-10 17:04:50:322
-0.232702,-1.103689,11.664412,-1.068569,0.766062,9.718113,-0.68723,-0.06675,-1.671809,-0.581085,-0.716369,0.374829,42.0,8.85,-21.675,-29.025,196.4179,-4.4803,6.2748,5.0,29.97066,48.84396,2.3533113,353.5048,NaN,3.276,89.909676,352.3,6 / 25,17798,2022-01-10 17:04:50:327
-0.232702,-1.103689,11.664412,-1.068569,0.766062,9.718113,-0.68723,-0.06675,-1.671809,-0.581085,-0.716369,0.374829,42.0,8.85,-21.675,-29.025,196.4179,-4.4803,6.2748,5.0,29.97066,48.84396,2.3533113,353.5048,NaN,3.276,89.909676,352.3,6 / 25,17803,2022-01-10 17:04:50:332
-0.232702,-1.103689,11.664412,-1.068569,0.766062,9.718113,-0.68723,-0.06675,-1.671809,-0.581085,-0.716369,0.374829,42.0,8.85,-21.675,-29.025,196.4179,-4.4803,6.2748,5.0,29.97066,48.84396,2.3533113,353.5048,NaN,3.276,89.909676,352.3,6 / 25,17808,2022-01-10 17:04:50:337
-0.232702,-1.103689,11.664412,-1.068569,0.766062,9.718113,-0.68723,-0.06675,-1.671809,-0.581085,-0.716369,0.374829,42.0,8.85,-21.675,-29.025,196.4179,-4.4803,6.2748,5.0,29.97066,48.84396,2.3533113,353.5048,NaN,3.276,89.909676,352.3,6 / 25,17813,2022-01-10 17:04:50:342
-0.232702,-1.103689,11.664412,-1.068569,0.766062,9.718113,-0.68723,-0.06675,-1.671809,-0.581085,-0.716369,0.374829,42.0,8.85,-21.675,-29.025,196.4179,-4.4803,6.2748,5.0,29.97066,48.84396,2.3533113,353.5048,NaN,3.276,89.909676,352.3,6 / 25,17817,2022-01-10 17:04:50:346
-0.232702,-1.103689,11.664412,-1.068569,0.766062,9.718113,-0.68723,-0.06675,-1.671809,-0.581085,-0.716369,0.374829,42.0,8.85,-21.675,-29.025,196.4179,-4.4803,6.2748,5.0,29.97066,48.84396,2.3533113,353.5048,NaN,3.276,89.909676,352.3,6 / 25,17822,2022-01-10 17:04:50:351
-0.232702,-1.103689,11.664412,-1.068569,0.766062,9.718113,-0.68723,-0.06675,-1.671809,-0.581085,-0.716369,0.374829,42.0,8.85,-21.675,-29.025,196.4179,-4.4803,6.2748,5.0,29.97066,48.84396,2.3533113,353.5048,NaN,3.276,89.909676,352.3,6 / 25,17828,2022-01-10 17:04:50:357
-0.232702,-1.103689,11.664412,0.044729,-0.42553,9.797312,-0.926074,0.214248,0.718641,-0.313844,-0.195071,0.260716,42.0,8.85,-21.675,-29.025,196.4179,-4.4803,6.2748,5.0,29.97066,48.84396,2.3533113,353.5048,NaN,3.276,89.909676,352.3,6 / 25,17833,2022-01-10 17:04:50:362
-0.232702,-1.103689,11.664412,0.044729,-0.42553,9.797312,-0.926074,0.214248,0.718641,-0.313844,-0.195071,0.260716,42.0,8.85,-21.675,-29.025,196.4179,-4.4803,6.2748,5.0,29.97066,48.84396,2.3533113,353.5048,NaN,3.276,89.909676,352.3,6 / 25,17838,2022-01-10 17:04:50:367
-0.232702,-1.103689,11.664412,0.044729,-0.42553,9.797312,-0.926074,0.214248,0.718641,-0.313844,-0.195071,0.260716,42.0,8.85,-21.675,-29.025,196.4179,-4.4803,6.2748,5.0,29.97066,48.84396,2.3533113,353.5048,NaN,3.276,89.909676,352.3,6 / 25,17843,2022-01-10 17:04:50:372
-0.232702,-1.103689,11.664412,0.044729,-0.42553,9.797312,-0.926074,0.214248,0.718641,-0.313844,-0.195071,0.260716,42.0,8.85,-21.675,-29.025,196.4179,-4.4803,6.2748,5.0,27.76285,48.84396,2.3533113,353.5048,NaN,3.276,89.909676,352.3,6 / 25,17850,2022-01-10 17:04:50:379
-0.232702,-1.103689,11.664412,0.044729,-0.42553,9.797312,-0.926074,0.214248,0.718641,-0.313844,-0.195071,0.260716,42.0,8.85,-21.675,-29.025,196.4179,-4.4803,6.2748,5.0,27.76285,48.84396,2.3533113,353.5048,NaN,3.276,89.909676,352.3,6 / 25,17855,2022-01-10 17:04:50:384
-0.232702,-1.103689,11.664412,0.044729,-0.42553,9.797312,-0.926074,0.214248,0.718641,-0.313844,-0.195071,0.260716,42.0,8.85,-21.675,-29.025,196.4179,-4.4803,6.2748,5.0,27.76285,48.84396,2.3533113,353.5048,NaN,3.276,89.909676,352.3,6 / 25,17857,2022-01-10 17:04:50:386
-0.232702,-1.103689,11.664412,0.044729,-0.42553,9.797312,-0.926074,0.214248,0.718641,-0.313844,-0.195071,0.260716,42.0,8.85,-21.675,-29.025,196.4179,-4.4803,6.2748,5.0,27.76285,48.84396,2.3533113,353.5048,NaN,3.276,89.909676,352.3,6 / 25,17863,2022-01-10 17:04:50:392
-0.232702,-1.103689,11.664412,0.044729,-0.42553,9.797312,-0.926074,0.214248,0.718641,-0.313844,-0.195071,0.260716,42.0,8.85,-21.675,-29.025,196.4179,-4.4803,6.2748,5.0,27.76285,48.84396,2.3533113,353.5048,NaN,3.276,89.909676,352.3,6 / 25,17867,2022-01-10 17:04:50:396
-0.232702,-1.103689,11.664412,0.044729,-0.42553,9.797312,-0.926074,0.214248,0.718641,-0.313844,-0.195071,0.260716,42.0,8.85,-21.675,-29.025,196.4179,-4.4803,6.2748,5.0,27.76285,48.84396,2.3533113,353.5048,NaN,3.276,89.909676,352.3,6 / 25,17873,2022-01-10 17:04:50:402
-0.232702,-1.103689,11.664412,0.044729,-0.42553,9.797312,-0.926074,0.214248,0.718641,-0.313844,-0.195071,0.260716,42.0,8.85,-21.675,-29.025,196.4179,-4.4803,6.2748,5.0,27.76285,48.84396,2.3533113,353.5048,NaN,3.276,89.909676,352.3,6 / 25,17877,2022-01-10 17:04:50:406
-0.232702,-1.103689,11.664412,0.044729,-0.42553,9.797312,-0.926074,0.214248,0.718641,-0.313844,-0.195071,0.260716,42.0,8.85,-21.675,-29.025,196.4179,-4.4803,6.2748,5.0,27.76285,48.84396,2.3533113,353.5048,NaN,3.276,89.909676,352.3,6 / 25,17883,2022-01-10 17:04:50:412
-0.232702,-1.103689,11.664412,0.044729,-0.42553,9.797312,-0.926074,0.214248,0.718641,-0.313844,-0.195071,0.260716,42.0,8.85,-21.675,-29.025,196.4179,-4.4803,6.2748,5.0,27.76285,48.84396,2.3533113,353.5048,NaN,3.276,89.909676,352.3,6 / 25,17887,2022-01-10 17:04:50:416
-0.534497,-0.660419,10.162318,0.044729,-0.42553,9.797312,-0.926074,0.214248,0.718641,-0.313844,-0.195071,0.260716,42.0,8.85,-21.675,-29.025,196.4179,-4.4803,6.2748,5.0,27.76285,48.84396,2.3533113,353.5048,NaN,3.276,89.909676,352.3,6 / 25,17893,2022-01-10 17:04:50:422
-0.534497,-0.660419,10.162318,0.044729,-0.42553,9.797312,-0.926074,0.214248,0.718641,-0.313844,-0.195071,0.260716,42.0,8.85,-21.675,-29.025,196.4179,-4.4803,6.2748,5.0,27.76285,48.84396,2.3533113,353.5048,NaN,3.276,89.909676,352.3,6 / 25,17899,2022-01-10 17:04:50:428
-0.534497,-0.660419,10.162318,0.044729,-0.42553,9.797312,-0.926074,0.214248,0.718641,-0.313844,-0.195071,0.260716,42.0,8.85,-21.675,-29.025,196.4179,-4.4803,6.2748,5.0,27.76285,48.84396,2.3533113,353.5048,NaN,3.276,89.909676,352.3,6 / 25,17903,2022-01-10 17:04:50:432
-0.534497,-0.660419,10.162318,0.044729,-0.42553,9.797312,-0.926074,0.214248,0.718641,-0.313844,-0.195071,0.260716,42.0,8.85,-21.675,-29.025,196.4179,-4.4803,6.2748,5.0,27.76285,48.84396,2.3533113,353.5048,NaN,3.276,89.909676,352.3,6 / 25,17908,2022-01-10 17:04:50:437
-0.534497,-0.660419,10.162318,0.044729,-0.42553,9.797312,-0.926074,0.214248,0.718641,-0.313844,-0.195071,0.260716,42.0,8.85,-21.675,-29.025,196.4179,-4.4803,6.2748,5.0,27.76285,48.84396,2.3533113,353.5048,NaN,3.276,89.909676,352.3,6 / 25,17913,2022-01-10 17:04:50:442
-0.534497,-0.660419,10.162318,0.044729,-0.42553,9.797312,-0.926074,0.214248,0.718641,-0.313844,-0.195071,0.260716,42.0,8.85,-21.675,-29.025,196.4179,-4.4803,6.2748,5.0,27.76285,48.84396,2.3533113,353.5048,NaN,3.276,89.909676,352.3,6 / 25,17919,2022-01-10 17:04:50:448
-0.534497,-0.660419,10.162318,0.044729,-0.42553,9.797312,-0.926074,0.214248,0.718641,-0.313844,-0.195071,0.260716,42.0,8.85,-21.675,-29.025,196.4179,-4.4803,6.2748,5.0,27.76285,48.84396,2.3533113,353.5048,NaN,3.276,89.909676,352.3,6 / 25,17923,2022-01-10 17:04:50:452
-0.534497,-0.660419,10.162318,0.044729,-0.42553,9.797312,-0.926074,0.214248,0.718641,-0.313844,-0.195071,0.260716,42.0,8.85,-21.675,-29.025,196.4179,-4.4803,6.2748,5.0,27.76285,48.84396,2.3533113,353.5048,NaN,3.276,89.909676,352.3,6 / 25,17928,2022-01-10 17:04:50:457
-0.534497,-0.660419,10.162318,0.044729,-0.42553,9.797312,-0.926074,0.214248,0.718641,-0.313844,-0.195071,0.260716,42.0,8.85,-21.675,-29.025,196.4179,-4.4803,6.2748,5.0,27.76285,48.84396,2.3533113,353.5048,NaN,3.276,89.909676,352.3,6 / 25,17933,2022-01-10 17:04:50:462
-0.534497,-0.660419,10.162318,0.044729,-0.42553,9.797312,-0.926074,0.214248,0.718641,-0.313844,-0.195071,0.260716,42.0,7.575,-20.925,-29.625,200.0624,2.487,-0.2616,5.0,27.76285,48.84396,2.3533113,353.5048,NaN,3.276,89.909676,352.3,6 / 25,17938,2022-01-10 17:04:50:467
-0.534497,-0.660419,10.162318,0.044729,-0.42553,9.797312,-0.926074,0.214248,0.718641,-0.313844,-0.195071,0.260716,42.0,7.575,-20.925,-29.625,200.0624,2.487,-0.2616,5.0,27.76285,48.84396,2.3533113,353.5048,NaN,3.276,89.909676,352.3,6 / 25,17943,2022-01-10 17:04:50:472
-0.534497,-0.660419,10.162318,0.044729,-0.42553,9.797312,-0.926074,0.214248,0.718641,-0.313844,-0.195071,0.260716,42.0,7.575,-20.925,-29.625,200.0624,2.487,-0.2616,5.0,27.76285,48.84396,2.3533113,353.5048,NaN,3.276,89.909676,352.3,6 / 25,17948,2022-01-10 17:04:50:477
-0.534497,-0.660419,10.162318,-0.778363,-0.280083,9.771699,0.201424,-0.358644,0.689962,-0.313844,-0.195071,0.260716,42.0,7.575,-20.925,-29.625,200.0624,2.487,-0.2616,5.0,27.76285,48.84396,2.3533113,353.5048,NaN,3.276,89.909676,352.3,6 / 25,17952,2022-01-10 17:04:50:481
-0.534497,-0.660419,10.162318,-0.778363,-0.280083,9.771699,0.201424,-0.358644,0.689962,-0.313844,-0.195071,0.260716,42.0,7.575,-20.925,-29.625,200.0624,2.487,-0.2616,5.0,27.76285,48.84396,2.3533113,353.5048,NaN,3.276,89.909676,352.3,6 / 25,17959,2022-01-10 17:04:50:488
-0.534497,-0.660419,10.162318,-0.778363,-0.280083,9.771699,0.201424,-0.358644,0.689962,-0.313844,-0.195071,0.260716,42.0,7.575,-20.925,-29.625,200.0624,2.487,-0.2616,5.0,27.76285,48.84396,2.3533113,353.5048,NaN,3.276,89.909676,352.3,6 / 25,17963,2022-01-10 17:04:50:492
-0.534497,-0.660419,10.162318,-0.778363,-0.280083,9.771699,0.201424,-0.358644,0.689962,-0.017976,1.001719,0.088947,42.0,7.575,-20.925,-29.625,200.0624,2.487,-0.2616,5.0,27.76285,48.84396,2.3533113,353.5048,NaN,3.276,89.909676,352.3,6 / 25,17968,2022-01-10 17:04:50:497
-0.534497,-0.660419,10.162318,-0.778363,-0.280083,9.771699,0.201424,-0.358644,0.689962,-0.017976,1.001719,0.088947,42.0,7.575,-20.925,-29.625,200.0624,2.487,-0.2616,5.0,27.76285,48.84396,2.3533113,353.5048,NaN,3.276,89.909676,352.3,6 / 25,17973,2022-01-10 17:04:50:502
-0.534497,-0.660419,10.162318,-0.778363,-0.280083,9.771699,0.201424,-0.358644,0.689962,-0.017976,1.001719,0.088947,42.0,7.575,-20.925,-29.625,200.0624,2.487,-0.2616,5.0,27.76285,48.84396,2.3533113,353.5048,NaN,3.276,89.909676,352.3,6 / 25,17978,2022-01-10 17:04:50:507
-0.534497,-0.660419,10.162318,-0.778363,-0.280083,9.771699,0.201424,-0.358644,0.689962,-0.017976,1.001719,0.088947,42.0,7.575,-20.925,-29.625,200.0624,2.487,-0.2616,5.0,27.76285,48.84396,2.3533113,353.5048,NaN,3.276,89.909676,352.3,6 / 25,17983,2022-01-10 17:04:50:512
-0.534497,-0.660419,10.162318,-0.778363,-0.280083,9.771699,0.201424,-0.358644,0.689962,-0.017976,1.001719,0.088947,42.0,7.575,-20.925,-29.625,200.0624,2.487,-0.2616,5.0,27.76285,48.84396,2.3533113,353.5048,NaN,3.276,89.909676,352.3,6 / 25,17987,2022-01-10 17:04:50:516
-0.534497,-0.660419,10.162318,-0.778363,-0.280083,9.771699,0.201424,-0.358644,0.689962,-0.017976,1.001719,0.088947,42.0,7.575,-20.925,-29.625,200.0624,2.487,-0.2616,5.0,27.76285,48.84396,2.3533113,353.5048,NaN,3.276,89.909676,352.3,6 / 25,17993,2022-01-10 17:04:50:522
-1.93699,-0.358624,9.476176,-0.778363,-0.280083,9.771699,0.201424,-0.358644,0.689962,-0.017976,1.001719,0.088947,42.0,7.575,-20.925,-29.625,200.0624,2.487,-0.2616,5.0,27.76285,48.84396,2.3533113,353.5048,NaN,3.276,89.909676,352.3,6 / 25,17998,2022-01-10 17:04:50:527
-1.93699,-0.358624,9.476176,-0.778363,-0.280083,9.771699,0.201424,-0.358644,0.689962,-0.017976,1.001719,0.088947,42.0,7.575,-20.925,-29.625,200.0624,2.487,-0.2616,5.0,27.76285,48.84396,2.3533113,353.5048,NaN,3.276,89.909676,352.3,6 / 25,18003,2022-01-10 17:04:50:532
-1.93699,-0.358624,9.476176,-0.778363,-0.280083,9.771699,0.201424,-0.358644,0.689962,-0.017976,1.001719,0.088947,91.0,7.575,-20.925,-29.625,200.0624,2.487,-0.2616,5.0,27.76285,48.84396,2.3533113,353.5048,NaN,3.276,89.909676,352.3,6 / 25,18009,2022-01-10 17:04:50:538
-1.93699,-0.358624,9.476176,-0.778363,-0.280083,9.771699,0.201424,-0.358644,0.689962,-0.017976,1.001719,0.088947,91.0,7.575,-20.925,-29.625,200.0624,2.487,-0.2616,5.0,27.76285,48.84396,2.3533113,353.5048,NaN,3.276,89.909676,352.3,6 / 25,18012,2022-01-10 17:04:50:541
-1.93699,-0.358624,9.476176,-0.778363,-0.280083,9.771699,0.201424,-0.358644,0.689962,-0.017976,1.001719,0.088947,91.0,7.575,-20.925,-29.625,200.0624,2.487,-0.2616,5.0,27.76285,48.84396,2.3533113,353.5048,NaN,3.276,89.909676,352.3,6 / 25,18017,2022-01-10 17:04:50:546
-1.93699,-0.358624,9.476176,-0.778363,-0.280083,9.771699,0.201424,-0.358644,0.689962,-0.017976,1.001719,0.088947,91.0,7.575,-20.925,-29.625,200.0624,2.487,-0.2616,5.0,27.76285,48.84396,2.3533113,353.5048,NaN,3.276,89.909676,352.3,6 / 25,18022,2022-01-10 17:04:50:551
-1.93699,-0.358624,9.476176,-0.778363,-0.280083,9.771699,0.201424,-0.358644,0.689962,-0.017976,1.001719,0.088947,91.0,7.575,-20.925,-29.625,200.0624,2.487,-0.2616,5.0,27.76285,48.84396,2.3533113,353.5048,NaN,3.276,89.909676,352.3,6 / 25,18027,2022-01-10 17:04:50:556
-1.93699,-0.358624,9.476176,-0.778363,-0.280083,9.771699,0.201424,-0.358644,0.689962,-0.017976,1.001719,0.088947,91.0,7.575,-20.925,-29.625,200.0624,2.487,-0.2616,5.0,27.76285,48.84396,2.3533113,353.5048,NaN,3.276,89.909676,352.3,6 / 25,18033,2022-01-10 17:04:50:562
-1.93699,-0.358624,9.476176,-0.778363,-0.280083,9.771699,0.201424,-0.358644,0.689962,-0.017976,1.001719,0.088947,91.0,7.575,-20.925,-29.625,200.0624,2.487,-0.2616,5.0,27.76285,48.84396,2.3533113,353.5048,NaN,3.276,89.909676,352.3,6 / 25,18037,2022-01-10 17:04:50:566
-1.93699,-0.358624,9.476176,-0.778363,-0.280083,9.771699,0.201424,-0.358644,0.689962,-0.017976,1.001719,0.088947,91.0,7.575,-20.925,-29.625,200.0624,2.487,-0.2616,5.0,27.76285,48.84396,2.3533113,353.5048,NaN,3.276,89.909676,352.3,6 / 25,18043,2022-01-10 17:04:50:572
-1.93699,-0.358624,9.476176,-0.778363,-0.280083,9.771699,0.201424,-0.358644,0.689962,-0.017976,1.001719,0.088947,91.0,7.575,-20.925,-29.625,200.0624,2.487,-0.2616,5.0,27.76285,48.84396,2.3533113,353.5048,NaN,3.276,89.909676,352.3,6 / 25,18048,2022-01-10 17:04:50:577
-1.93699,-0.358624,9.476176,-0.778363,-0.280083,9.771699,0.201424,-0.358644,0.689962,-0.017976,1.001719,0.088947,91.0,7.575,-20.925,-29.625,200.0624,2.487,-0.2616,5.0,27.76285,48.84396,2.3533113,353.5048,NaN,3.276,89.909676,352.3,6 / 25,18052,2022-01-10 17:04:50:581
-1.93699,-0.358624,9.476176,-0.778363,-0.280083,9.771699,0.201424,-0.358644,0.689962,-0.017976,1.001719,0.088947,91.0,7.875,-20.775,-29.7,194.3483,1.6366,4.5543,5.0,27.76285,48.84396,2.3533113,353.5048,NaN,3.276,89.909676,352.3,6 / 25,18058,2022-01-10 17:04:50:587
-1.93699,-0.358624,9.476176,-0.778363,-0.280083,9.771699,0.201424,-0.358644,0.689962,-0.017976,1.001719,0.088947,91.0,7.875,-20.775,-29.7,194.3483,1.6366,4.5543,5.0,27.76285,48.84396,2.3533113,353.5048,NaN,3.276,89.909676,352.3,6 / 25,18063,2022-01-10 17:04:50:592
-1.93699,-0.358624,9.476176,-0.778363,-0.280083,9.771699,0.201424,-0.358644,0.689962,-0.017976,1.001719,0.088947,91.0,7.875,-20.775,-29.7,194.3483,1.6366,4.5543,5.0,27.76285,48.84396,2.3533113,353.5048,NaN,3.276,89.909676,352.3,6 / 25,18068,2022-01-10 17:04:50:597
-1.93699,-0.358624,9.476176,-1.457927,-0.314249,9.692579,-0.450693,0.033509,0.137103,-0.017976,1.001719,0.088947,91.0,7.875,-20.775,-29.7,194.3483,1.6366,4.5543,5.0,27.76285,48.84396,2.3533113,353.5048,NaN,3.276,89.909676,352.3,6 / 25,18074,2022-01-10 17:04:50:603
-1.93699,-0.358624,9.476176,-1.457927,-0.314249,9.692579,-0.450693,0.033509,0.137103,-0.017976,1.001719,0.088947,91.0,7.875,-20.775,-29.7,194.3483,1.6366,4.5543,5.0,27.76285,48.84396,2.3533113,353.5048,NaN,3.276,89.909676,352.3,6 / 25,18077,2022-01-10 17:04:50:606
-1.93699,-0.358624,9.476176,-1.457927,-0.314249,9.692579,-0.450693,0.033509,0.137103,-0.017976,1.001719,0.088947,91.0,7.875,-20.775,-29.7,194.3483,1.6366,4.5543,5.0,27.76285,48.84396,2.3533113,353.5048,NaN,3.276,89.909676,352.3,6 / 25,18082,2022-01-10 17:04:50:611
-1.93699,-0.358624,9.476176,-1.457927,-0.314249,9.692579,-0.450693,0.033509,0.137103,-0.017976,1.001719,0.088947,91.0,7.875,-20.775,-29.7,194.3483,1.6366,4.5543,5.0,27.76285,48.84396,2.3533113,353.5048,NaN,3.276,89.909676,352.3,6 / 25,18088,2022-01-10 17:04:50:617
-1.93699,-0.358624,9.476176,-1.457927,-0.314249,9.692579,-0.450693,0.033509,0.137103,-0.017976,1.001719,0.088947,91.0,7.875,-20.775,-29.7,194.3483,1.6366,4.5543,5.0,27.76285,48.84396,2.3533113,353.5048,NaN,3.276,89.909676,352.3,6 / 25,18092,2022-01-10 17:04:50:621
-1.93699,-0.358624,9.476176,-1.457927,-0.314249,9.692579,-0.450693,0.033509,0.137103,-0.017976,1.001719,0.088947,91.0,7.875,-20.775,-29.7,194.3483,1.6366,4.5543,5.0,27.76285,48.84396,2.3533113,353.5048,NaN,3.276,89.909676,352.3,6 / 25,18097,2022-01-10 17:04:50:626
-1.777867,-0.3,9.767203,-1.457927,-0.314249,9.692579,-0.450693,0.033509,0.137103,0.033022,-0.094939,0.031424,91.0,7.875,-20.775,-29.7,194.3483,1.6366,4.5543,5.0,27.76285,48.84396,2.3533113,353.5048,NaN,3.276,89.909676,352.3,6 / 25,18103,2022-01-10 17:04:50:632
-1.777867,-0.3,9.767203,-1.457927,-0.314249,9.692579,-0.450693,0.033509,0.137103,0.033022,-0.094939,0.031424,91.0,7.875,-20.775,-29.7,194.3483,1.6366,4.5543,5.0,27.76285,48.84396,2.3533113,353.5048,NaN,3.276,89.909676,352.3,6 / 25,18108,2022-01-10 17:04:50:637
-1.777867,-0.3,9.767203,-1.457927,-0.314249,9.692579,-0.450693,0.033509,0.137103,0.033022,-0.094939,0.031424,91.0,7.875,-20.775,-29.7,194.3483,1.6366,4.5543,5.0,27.76285,48.84396,2.3533113,353.5048,NaN,3.276,89.909676,352.3,6 / 25,18113,2022-01-10 17:04:50:642
-1.777867,-0.3,9.767203,-1.457927,-0.314249,9.692579,-0.450693,0.033509,0.137103,0.033022,-0.094939,0.031424,91.0,7.875,-20.775,-29.7,194.3483,1.6366,4.5543,5.0,27.76285,48.84396,2.3533113,353.5048,NaN,3.276,89.909676,352.3,6 / 25,18117,2022-01-10 17:04:50:646
-1.777867,-0.3,9.767203,-1.457927,-0.314249,9.692579,-0.450693,0.033509,0.137103,0.033022,-0.094939,0.031424,91.0,7.875,-20.775,-29.7,194.3483,1.6366,4.5543,5.0,27.76285,48.84396,2.3533113,353.5048,NaN,3.276,89.909676,352.3,6 / 25,18122,2022-01-10 17:04:50:651
-1.777867,-0.3,9.767203,-1.457927,-0.314249,9.692579,-0.450693,0.033509,0.137103,0.033022,-0.094939,0.031424,91.0,7.875,-20.775,-29.7,194.3483,1.6366,4.5543,5.0,27.76285,48.84396,2.3533113,353.5048,NaN,3.276,89.909676,352.3,6 / 25,18127,2022-01-10 17:04:50:656
-1.777867,-0.3,9.767203,-1.457927,-0.314249,9.692579,-0.450693,0.033509,0.137103,0.033022,-0.094939,0.031424,91.0,7.875,-20.775,-29.7,194.3483,1.6366,4.5543,5.0,27.76285,48.84396,2.3533113,353.5048,NaN,3.276,89.909676,352.3,6 / 25,18134,2022-01-10 17:04:50:663
-1.777867,-0.3,9.767203,-1.457927,-0.314249,9.692579,-0.450693,0.033509,0.137103,0.033022,-0.094939,0.031424,91.0,7.875,-20.775,-29.7,194.3483,1.6366,4.5543,5.0,27.76285,48.84396,2.3533113,353.5048,NaN,3.276,89.909676,352.3,6 / 25,18137,2022-01-10 17:04:50:666
-1.777867,-0.3,9.767203,-1.457927,-0.314249,9.692579,-0.450693,0.033509,0.137103,0.033022,-0.094939,0.031424,91.0,7.875,-20.775,-29.7,194.3483,1.6366,4.5543,5.0,27.76285,48.84396,2.3533113,353.5048,NaN,3.276,89.909676,352.3,6 / 25,18143,2022-01-10 17:04:50:672
-1.777867,-0.3,9.767203,-1.457927,-0.314249,9.692579,-0.450693,0.033509,0.137103,0.033022,-0.094939,0.031424,91.0,7.875,-20.775,-29.7,194.3483,1.6366,4.5543,5.0,27.76285,48.84396,2.3533113,353.5048,NaN,3.276,89.909676,352.3,6 / 25,18155,2022-01-10 17:04:50:684
-1.777867,-0.3,9.767203,-1.457927,-0.314249,9.692579,-0.450693,0.033509,0.137103,0.033022,-0.094939,0.031424,91.0,7.875,-20.775,-29.7,194.3483,1.6366,4.5543,5.0,27.76285,48.84396,2.3533113,353.5048,NaN,3.276,89.909676,352.3,6 / 25,18156,2022-01-10 17:04:50:685
-1.777867,-0.3,9.767203,-1.457927,-0.314249,9.692579,-0.450693,0.033509,0.137103,0.033022,-0.094939,0.031424,91.0,7.875,-20.775,-29.7,194.3483,1.6366,4.5543,5.0,25.09595,48.84396,2.3533113,353.5048,NaN,3.276,89.909676,352.3,6 / 25,18158,2022-01-10 17:04:50:687
-1.777867,-0.3,9.767203,-1.457927,-0.314249,9.692579,-0.450693,0.033509,0.137103,0.033022,-0.094939,0.031424,91.0,7.875,-20.775,-29.7,194.3483,1.6366,4.5543,5.0,25.09595,48.84396,2.3533113,353.5048,NaN,3.276,89.909676,352.3,6 / 25,18163,2022-01-10 17:04:50:692
-1.777867,-0.3,9.767203,-1.457927,-0.314249,9.692579,-0.450693,0.033509,0.137103,0.033022,-0.094939,0.031424,91.0,7.875,-20.775,-29.7,194.3483,1.6366,4.5543,5.0,25.09595,48.84396,2.3533113,353.5048,NaN,3.276,89.909676,352.3,6 / 25,18167,2022-01-10 17:04:50:696
-1.777867,-0.3,9.767203,-1.457927,-0.314249,9.692579,-0.450693,0.033509,0.137103,0.033022,-0.094939,0.031424,91.0,7.875,-20.775,-29.7,194.3483,1.6366,4.5543,5.0,25.09595,48.84396,2.3533113,353.5048,NaN,3.276,89.909676,352.3,6 / 25,18174,2022-01-10 17:04:50:703
-1.777867,-0.3,9.767203,-1.457927,-0.314249,9.692579,-0.450693,0.033509,0.137103,0.033022,-0.094939,0.031424,91.0,7.875,-20.775,-29.7,194.3483,1.6366,4.5543,5.0,25.09595,48.84396,2.3533113,353.5048,NaN,3.276,89.909676,352.3,6 / 25,18180,2022-01-10 17:04:50:709
-1.777867,-0.3,9.767203,-1.457927,-0.314249,9.692579,-0.450693,0.033509,0.137103,0.033022,-0.094939,0.031424,91.0,7.875,-20.775,-29.7,194.3483,1.6366,4.5543,5.0,25.09595,48.84396,2.3533113,353.5048,NaN,3.276,89.909676,352.3,6 / 25,18182,2022-01-10 17:04:50:711
-1.466501,-0.266501,9.427123,-1.231747,-0.210568,9.726708,-0.594605,-0.059991,0.242512,0.033022,-0.094939,0.031424,91.0,7.875,-20.775,-29.7,194.3483,1.6366,4.5543,5.0,25.09595,48.84396,2.3533113,353.5048,NaN,3.276,89.909676,352.3,6 / 25,18188,2022-01-10 17:04:50:717
-1.466501,-0.266501,9.427123,-1.231747,-0.210568,9.726708,-0.594605,-0.059991,0.242512,0.033022,-0.094939,0.031424,91.0,7.875,-20.775,-29.7,194.3483,1.6366,4.5543,5.0,25.09595,48.84396,2.3533113,353.5048,NaN,3.276,89.909676,352.3,6 / 25,18192,2022-01-10 17:04:50:721
-1.466501,-0.266501,9.427123,-1.231747,-0.210568,9.726708,-0.594605,-0.059991,0.242512,0.033022,-0.094939,0.031424,91.0,7.575,-20.4,-30.15,191.4071,1.2303,7.2173,5.0,25.09595,48.84396,2.3533113,353.5048,NaN,3.276,89.909676,352.3,6 / 25,18197,2022-01-10 17:04:50:726
-1.466501,-0.266501,9.427123,-1.231747,-0.210568,9.726708,-0.594605,-0.059991,0.242512,0.033022,-0.094939,0.031424,91.0,7.575,-20.4,-30.15,191.4071,1.2303,7.2173,5.0,25.09595,48.84396,2.3533113,353.5048,NaN,3.276,89.909676,352.3,6 / 25,18203,2022-01-10 17:04:50:732
-1.466501,-0.266501,9.427123,-1.231747,-0.210568,9.726708,-0.594605,-0.059991,0.242512,0.033022,-0.094939,0.031424,91.0,7.575,-20.4,-30.15,191.4071,1.2303,7.2173,5.0,25.09595,48.84396,2.3533113,353.5048,NaN,3.276,89.909676,352.3,6 / 25,18208,2022-01-10 17:04:50:737
-1.466501,-0.266501,9.427123,-1.231747,-0.210568,9.726708,-0.594605,-0.059991,0.242512,0.033022,-0.094939,0.031424,91.0,7.575,-20.4,-30.15,191.4071,1.2303,7.2173,5.0,25.09595,48.84396,2.3533113,353.5048,NaN,3.276,89.909676,352.3,6 / 25,18213,2022-01-10 17:04:50:742
-1.466501,-0.266501,9.427123,-1.231747,-0.210568,9.726708,-0.594605,-0.059991,0.242512,0.033022,-0.094939,0.031424,91.0,7.575,-20.4,-30.15,191.4071,1.2303,7.2173,5.0,25.09595,48.84396,2.3533113,353.5048,NaN,3.276,89.909676,352.3,6 / 25,18218,2022-01-10 17:04:50:747
-1.466501,-0.266501,9.427123,-1.231747,-0.210568,9.726708,-0.594605,-0.059991,0.242512,0.033022,-0.094939,0.031424,91.0,7.575,-20.4,-30.15,191.4071,1.2303,7.2173,5.0,25.09595,48.84396,2.3533113,353.5048,NaN,3.276,89.909676,352.3,6 / 25,18223,2022-01-10 17:04:50:752
-1.466501,-0.266501,9.427123,-1.231747,-0.210568,9.726708,-0.594605,-0.059991,0.242512,0.092276,-0.207454,0.043275,91.0,7.575,-20.4,-30.15,191.4071,1.2303,7.2173,5.0,25.09595,48.84396,2.3533113,353.5048,NaN,3.276,89.909676,352.3,6 / 25,18228,2022-01-10 17:04:50:757
-1.466501,-0.266501,9.427123,-1.231747,-0.210568,9.726708,-0.594605,-0.059991,0.242512,0.092276,-0.207454,0.043275,91.0,7.575,-20.4,-30.15,191.4071,1.2303,7.2173,5.0,25.09595,48.84396,2.3533113,353.5048,NaN,3.276,89.909676,352.3,6 / 25,18232,2022-01-10 17:04:50:761
-1.466501,-0.266501,9.427123,-1.231747,-0.210568,9.726708,-0.594605,-0.059991,0.242512,0.092276,-0.207454,0.043275,91.0,7.575,-20.4,-30.15,191.4071,1.2303,7.2173,5.0,25.09595,48.84396,2.3533113,353.5048,NaN,3.276,89.909676,352.3,6 / 25,18238,2022-01-10 17:04:50:767
-1.466501,-0.266501,9.427123,-1.231747,-0.210568,9.726708,-0.594605,-0.059991,0.242512,0.092276,-0.207454,0.043275,91.0,7.575,-20.4,-30.15,191.4071,1.2303,7.2173,5.0,25.09595,48.84396,2.3533113,353.5048,NaN,3.276,89.909676,352.3,6 / 25,18243,2022-01-10 17:04:50:772
-1.466501,-0.266501,9.427123,-1.231747,-0.210568,9.726708,-0.594605,-0.059991,0.242512,0.092276,-0.207454,0.043275,91.0,7.575,-20.4,-30.15,191.4071,1.2303,7.2173,5.0,25.09595,48.84396,2.3533113,353.5048,NaN,3.276,89.909676,352.3,6 / 25,18248,2022-01-10 17:04:50:777
-1.466501,-0.266501,9.427123,-1.231747,-0.210568,9.726708,-0.594605,-0.059991,0.242512,0.092276,-0.207454,0.043275,91.0,7.575,-20.4,-30.15,191.4071,1.2303,7.2173,5.0,25.09595,48.84396,2.3533113,353.5048,NaN,3.276,89.909676,352.3,6 / 25,18253,2022-01-10 17:04:50:782
-1.466501,-0.266501,9.427123,-1.231747,-0.210568,9.726708,-0.594605,-0.059991,0.242512,0.092276,-0.207454,0.043275,91.0,7.575,-20.4,-30.15,191.4071,1.2303,7.2173,5.0,25.09595,48.84396,2.3533113,353.5048,NaN,3.276,89.909676,352.3,6 / 25,18258,2022-01-10 17:04:50:787
-1.466501,-0.266501,9.427123,-1.231747,-0.210568,9.726708,-0.594605,-0.059991,0.242512,0.092276,-0.207454,0.043275,91.0,7.575,-20.4,-30.15,191.4071,1.2303,7.2173,5.0,25.09595,48.84396,2.3533113,353.5048,NaN,3.276,89.909676,352.3,6 / 25,18263,2022-01-10 17:04:50:792
-1.466501,-0.266501,9.427123,-1.231747,-0.210568,9.726708,-0.594605,-0.059991,0.242512,0.092276,-0.207454,0.043275,91.0,7.575,-20.4,-30.15,191.4071,1.2303,7.2173,5.0,25.09595,48.84396,2.3533113,353.5048,NaN,3.276,89.909676,352.3,6 / 25,18269,2022-01-10 17:04:50:798
-1.466501,-0.266501,9.427123,-1.231747,-0.210568,9.726708,-0.594605,-0.059991,0.242512,0.092276,-0.207454,0.043275,91.0,7.575,-20.4,-30.15,191.4071,1.2303,7.2173,5.0,25.09595,48.84396,2.3533113,353.5048,NaN,3.276,89.909676,352.3,6 / 25,18273,2022-01-10 17:04:50:802
-1.466501,-0.266501,9.427123,-1.231747,-0.210568,9.726708,-0.594605,-0.059991,0.242512,0.092276,-0.207454,0.043275,91.0,7.575,-20.4,-30.15,191.4071,1.2303,7.2173,5.0,25.09595,48.84396,2.3533113,353.5048,NaN,3.276,89.909676,352.3,6 / 25,18278,2022-01-10 17:04:50:807
-1.466501,-0.266501,9.427123,-1.231747,-0.210568,9.726708,-0.594605,-0.059991,0.242512,0.092276,-0.207454,0.043275,91.0,7.575,-20.4,-30.15,191.4071,1.2303,7.2173,5.0,25.09595,48.84396,2.3533113,353.5048,NaN,3.276,89.909676,352.3,6 / 25,18284,2022-01-10 17:04:50:813
-1.466501,-0.266501,9.427123,-1.231747,-0.210568,9.726708,-0.594605,-0.059991,0.242512,0.092276,-0.207454,0.043275,91.0,7.575,-20.4,-30.15,191.4071,1.2303,7.2173,5.0,25.09595,48.84396,2.3533113,353.5048,NaN,3.276,89.909676,352.3,6 / 25,18287,2022-01-10 17:04:50:816
-1.466501,-0.266501,9.427123,-1.231747,-0.210568,9.726708,-0.594605,-0.059991,0.242512,0.092276,-0.207454,0.043275,91.0,7.575,-20.4,-30.15,191.4071,1.2303,7.2173,5.0,25.09595,48.84396,2.3533113,353.5048,NaN,3.276,89.909676,352.3,6 / 25,18293,2022-01-10 17:04:50:822
-1.377668,-0.177667,9.446265,-1.231747,-0.210568,9.726708,-0.594605,-0.059991,0.242512,0.092276,-0.207454,0.043275,91.0,7.575,-20.4,-30.15,191.4071,1.2303,7.2173,5.0,25.09595,48.84396,2.3533113,353.5048,NaN,3.276,89.909676,352.3,6 / 25,18298,2022-01-10 17:04:50:827
-1.377668,-0.177667,9.446265,-1.231747,-0.210568,9.726708,-0.594605,-0.059991,0.242512,0.092276,-0.207454,0.043275,91.0,7.575,-20.4,-30.15,191.4071,1.2303,7.2173,5.0,25.09595,48.84396,2.3533113,353.5048,NaN,3.276,89.909676,352.3,6 / 25,18302,2022-01-10 17:04:50:831
-1.377668,-0.177667,9.446265,-1.231747,-0.210568,9.726708,-0.594605,-0.059991,0.242512,0.092276,-0.207454,0.043275,91.0,7.575,-20.4,-30.15,191.4071,1.2303,7.2173,5.0,25.09595,48.84396,2.3533113,353.5048,NaN,3.276,89.909676,352.3,6 / 25,18308,2022-01-10 17:04:50:837
-1.377668,-0.177667,9.446265,-1.231747,-0.210568,9.726708,-0.594605,-0.059991,0.242512,0.092276,-0.207454,0.043275,91.0,7.575,-20.4,-30.15,191.4071,1.2303,7.2173,5.0,25.09595,48.84396,2.3533113,353.5048,NaN,3.276,89.909676,352.3,6 / 25,18312,2022-01-10 17:04:50:841
-1.377668,-0.177667,9.446265,-1.231747,-0.210568,9.726708,-0.594605,-0.059991,0.242512,0.092276,-0.207454,0.043275,91.0,7.575,-20.4,-30.15,191.4071,1.2303,7.2173,5.0,25.09595,48.84396,2.3533113,353.5048,NaN,3.276,89.909676,352.3,6 / 25,18318,2022-01-10 17:04:50:847
-1.377668,-0.177667,9.446265,-1.083714,-0.100426,9.746069,-0.353517,-0.02592,0.177929,0.092276,-0.207454,0.043275,91.0,7.575,-20.4,-30.15,191.4071,1.2303,7.2173,5.0,25.09595,48.84396,2.3533113,353.5048,NaN,3.276,89.909676,352.3,6 / 25,18322,2022-01-10 17:04:50:851
-1.377668,-0.177667,9.446265,-1.083714,-0.100426,9.746069,-0.353517,-0.02592,0.177929,0.092276,-0.207454,0.043275,91.0,7.575,-20.4,-30.15,191.4071,1.2303,7.2173,5.0,25.09595,48.84396,2.3533113,353.5048,NaN,3.276,89.909676,352.3,6 / 25,18329,2022-01-10 17:04:50:858
-1.377668,-0.177667,9.446265,-1.083714,-0.100426,9.746069,-0.353517,-0.02592,0.177929,0.092276,-0.207454,0.043275,91.0,7.575,-20.4,-30.15,191.4071,1.2303,7.2173,5.0,25.09595,48.84396,2.3533113,353.5048,NaN,3.276,89.909676,352.3,6 / 25,18332,2022-01-10 17:04:50:861
-1.377668,-0.177667,9.446265,-1.083714,-0.100426,9.746069,-0.353517,-0.02592,0.177929,0.092276,-0.207454,0.043275,91.0,7.8,-20.175,-30.45,192.855,0.5868,6.3449,5.0,25.09595,48.84396,2.3533113,353.5048,NaN,3.276,89.909676,352.3,6 / 25,18339,2022-01-10 17:04:50:868
-1.377668,-0.177667,9.446265,-1.083714,-0.100426,9.746069,-0.353517,-0.02592,0.177929,0.092276,-0.207454,0.043275,91.0,7.8,-20.175,-30.45,192.855,0.5868,6.3449,5.0,25.09595,48.84396,2.3533113,353.5048,NaN,3.276,89.909676,352.3,6 / 25,18342,2022-01-10 17:04:50:871
-1.377668,-0.177667,9.446265,-1.083714,-0.100426,9.746069,-0.353517,-0.02592,0.177929,0.092276,-0.207454,0.043275,91.0,7.8,-20.175,-30.45,192.855,0.5868,6.3449,5.0,25.09595,48.84396,2.3533113,353.5048,NaN,3.276,89.909676,352.3,6 / 25,18350,2022-01-10 17:04:50:879
-1.377668,-0.177667,9.446265,-1.083714,-0.100426,9.746069,-0.353517,-0.02592,0.177929,0.092276,-0.207454,0.043275,91.0,7.8,-20.175,-30.45,192.855,0.5868,6.3449,5.0,25.09595,48.84396,2.3533113,353.5048,NaN,3.276,89.909676,352.3,6 / 25,18352,2022-01-10 17:04:50:881
-1.377668,-0.177667,9.446265,-1.083714,-0.100426,9.746069,-0.353517,-0.02592,0.177929,0.092276,-0.207454,0.043275,91.0,7.8,-20.175,-30.45,192.855,0.5868,6.3449,5.0,25.09595,48.84396,2.3533113,353.5048,NaN,3.276,89.909676,352.3,6 / 25,18357,2022-01-10 17:04:50:886
-1.377668,-0.177667,9.446265,-1.083714,-0.100426,9.746069,-0.353517,-0.02592,0.177929,0.092276,-0.207454,0.043275,91.0,7.8,-20.175,-30.45,192.855,0.5868,6.3449,5.0,25.09595,48.84396,2.3533113,353.5048,NaN,3.276,89.909676,352.3,6 / 25,18364,2022-01-10 17:04:50:893
-1.377668,-0.177667,9.446265,-1.083714,-0.100426,9.746069,-0.353517,-0.02592,0.177929,0.092276,-0.207454,0.043275,91.0,7.8,-20.175,-30.45,192.855,0.5868,6.3449,5.0,25.09595,48.84396,2.3533113,353.5048,NaN,3.276,89.909676,352.3,6 / 25,18367,2022-01-10 17:04:50:896
-1.377668,-0.177667,9.446265,-1.083714,-0.100426,9.746069,-0.353517,-0.02592,0.177929,0.092276,-0.207454,0.043275,91.0,7.8,-20.175,-30.45,192.855,0.5868,6.3449,5.0,25.09595,48.84396,2.3533113,353.5048,NaN,3.276,89.909676,352.3,6 / 25,18373,2022-01-10 17:04:50:902
-1.377668,-0.177667,9.446265,-1.083714,-0.100426,9.746069,-0.353517,-0.02592,0.177929,-0.031824,0.030226,-0.008788,91.0,7.8,-20.175,-30.45,192.855,0.5868,6.3449,5.0,25.09595,48.84396,2.3533113,353.5048,NaN,3.276,89.909676,352.3,6 / 25,18379,2022-01-10 17:04:50:908
-1.377668,-0.177667,9.446265,-1.083714,-0.100426,9.746069,-0.353517,-0.02592,0.177929,-0.031824,0.030226,-0.008788,91.0,7.8,-20.175,-30.45,192.855,0.5868,6.3449,5.0,25.09595,48.84396,2.3533113,353.5048,NaN,3.276,89.909676,352.3,6 / 25,18383,2022-01-10 17:04:50:912
-1.377668,-0.177667,9.446265,-1.083714,-0.100426,9.746069,-0.353517,-0.02592,0.177929,-0.031824,0.030226,-0.008788,91.0,7.8,-20.175,-30.45,192.855,0.5868,6.3449,5.0,25.09595,48.84396,2.3533113,353.5048,NaN,3.276,89.909676,352.3,6 / 25,18388,2022-01-10 17:04:50:917
-1.377668,-0.177667,9.446265,-1.083714,-0.100426,9.746069,-0.353517,-0.02592,0.177929,-0.031824,0.030226,-0.008788,91.0,7.8,-20.175,-30.45,192.855,0.5868,6.3449,5.0,25.09595,48.84396,2.3533113,353.5048,NaN,3.276,89.909676,352.3,6 / 25,18392,2022-01-10 17:04:50:921
-1.377668,-0.177667,9.446265,-1.083714,-0.100426,9.746069,-0.353517,-0.02592,0.177929,-0.031824,0.030226,-0.008788,91.0,7.8,-20.175,-30.45,192.855,0.5868,6.3449,5.0,25.09595,48.84396,2.3533113,353.5048,NaN,3.276,89.909676,352.3,6 / 25,18397,2022-01-10 17:04:50:926
-1.377668,-0.177667,9.446265,-1.083714,-0.100426,9.746069,-0.353517,-0.02592,0.177929,-0.031824,0.030226,-0.008788,91.0,7.8,-20.175,-30.45,192.855,0.5868,6.3449,5.0,25.09595,48.84396,2.3533113,353.5048,NaN,3.276,89.909676,352.3,6 / 25,18404,2022-01-10 17:04:50:933
-1.377668,-0.177667,9.446265,-1.083714,-0.100426,9.746069,-0.353517,-0.02592,0.177929,-0.031824,0.030226,-0.008788,91.0,7.8,-20.175,-30.45,192.855,0.5868,6.3449,5.0,25.09595,48.84396,2.3533113,353.5048,NaN,3.276,89.909676,352.3,6 / 25,18408,2022-01-10 17:04:50:937
-1.377668,-0.177667,9.446265,-1.083714,-0.100426,9.746069,-0.353517,-0.02592,0.177929,-0.031824,0.030226,-0.008788,91.0,7.8,-20.175,-30.45,192.855,0.5868,6.3449,5.0,25.09595,48.84396,2.3533113,353.5048,NaN,3.276,89.909676,352.3,6 / 25,18412,2022-01-10 17:04:50:941
-1.377668,-0.177667,9.446265,-1.083714,-0.100426,9.746069,-0.353517,-0.02592,0.177929,-0.031824,0.030226,-0.008788,91.0,7.8,-20.175,-30.45,192.855,0.5868,6.3449,5.0,25.09595,48.84396,2.3533113,353.5048,NaN,3.276,89.909676,352.3,6 / 25,18419,2022-01-10 17:04:50:948
-1.377668,-0.177667,9.446265,-1.083714,-0.100426,9.746069,-0.353517,-0.02592,0.177929,-0.031824,0.030226,-0.008788,91.0,7.8,-20.175,-30.45,192.855,0.5868,6.3449,5.0,25.09595,48.84396,2.3533113,353.5048,NaN,3.276,89.909676,352.3,6 / 25,18422,2022-01-10 17:04:50:951
-1.377668,-0.177667,9.446265,-1.083714,-0.100426,9.746069,-0.353517,-0.02592,0.177929,-0.031824,0.030226,-0.008788,91.0,7.8,-20.175,-30.45,192.855,0.5868,6.3449,5.0,25.09595,48.84396,2.3533113,353.5048,NaN,3.276,89.909676,352.3,6 / 25,18428,2022-01-10 17:04:50:957
-1.375275,-0.048455,9.789935,-1.133147,-0.096547,9.740485,-0.369798,0.020222,0.253942,-0.031824,0.030226,-0.008788,91.0,7.8,-20.175,-30.45,192.855,0.5868,6.3449,5.0,25.09595,48.84396,2.3533113,353.5048,NaN,3.276,89.909676,352.3,6 / 25,18433,2022-01-10 17:04:50:962
-1.375275,-0.048455,9.789935,-1.133147,-0.096547,9.740485,-0.369798,0.020222,0.253942,-0.031824,0.030226,-0.008788,91.0,7.8,-20.175,-30.45,192.855,0.5868,6.3449,5.0,25.09595,48.84396,2.3533113,353.5048,NaN,3.276,89.909676,352.3,6 / 25,18438,2022-01-10 17:04:50:967
-1.375275,-0.048455,9.789935,-1.133147,-0.096547,9.740485,-0.369798,0.020222,0.253942,-0.031824,0.030226,-0.008788,91.0,7.8,-20.175,-30.45,192.855,0.5868,6.3449,5.0,25.09595,48.84396,2.3533113,353.5048,NaN,3.276,89.909676,352.3,6 / 25,18443,2022-01-10 17:04:50:972
-1.375275,-0.048455,9.789935,-1.133147,-0.096547,9.740485,-0.369798,0.020222,0.253942,-0.031824,0.030226,-0.008788,91.0,7.8,-20.175,-30.45,192.855,0.5868,6.3449,5.0,25.09595,48.84396,2.3533113,353.5048,NaN,3.276,89.909676,352.3,6 / 25,18448,2022-01-10 17:04:50:977
-1.375275,-0.048455,9.789935,-1.133147,-0.096547,9.740485,-0.369798,0.020222,0.253942,-0.031824,0.030226,-0.008788,91.0,8.325,-20.625,-30.15,191.8765,0.5641,6.6356,5.0,25.09595,48.84396,2.3533113,353.5048,NaN,3.276,89.909676,352.3,6 / 25,18454,2022-01-10 17:04:50:983
-1.375275,-0.048455,9.789935,-1.133147,-0.096547,9.740485,-0.369798,0.020222,0.253942,-0.031824,0.030226,-0.008788,91.0,8.325,-20.625,-30.15,191.8765,0.5641,6.6356,5.0,25.09595,48.84396,2.3533113,353.5048,NaN,3.276,89.909676,352.3,6 / 25,18458,2022-01-10 17:04:50:987
-1.375275,-0.048455,9.789935,-1.133147,-0.096547,9.740485,-0.369798,0.020222,0.253942,-0.031824,0.030226,-0.008788,91.0,8.325,-20.625,-30.15,191.8765,0.5641,6.6356,5.0,25.09595,48.84396,2.3533113,353.5048,NaN,3.276,89.909676,352.3,6 / 25,18463,2022-01-10 17:04:50:992
-1.375275,-0.048455,9.789935,-1.133147,-0.096547,9.740485,-0.369798,0.020222,0.253942,-0.031824,0.030226,-0.008788,91.0,8.325,-20.625,-30.15,191.8765,0.5641,6.6356,5.0,25.09595,48.84396,2.3533113,353.5048,NaN,3.276,89.909676,352.3,6 / 25,18468,2022-01-10 17:04:50:997
-1.375275,-0.048455,9.789935,-1.133147,-0.096547,9.740485,-0.369798,0.020222,0.253942,-0.031824,0.030226,-0.008788,91.0,8.325,-20.625,-30.15,191.8765,0.5641,6.6356,5.0,25.09595,48.84396,2.3533113,353.5048,NaN,3.276,89.909676,352.3,6 / 25,18473,2022-01-10 17:04:51:002
-1.375275,-0.048455,9.789935,-1.133147,-0.096547,9.740485,-0.369798,0.020222,0.253942,-0.031824,0.030226,-0.008788,91.0,8.325,-20.625,-30.15,191.8765,0.5641,6.6356,5.0,25.09595,48.84396,2.3533113,353.5048,NaN,3.276,89.909676,352.3,6 / 25,18478,2022-01-10 17:04:51:007
-1.375275,-0.048455,9.789935,-1.133147,-0.096547,9.740485,-0.369798,0.020222,0.253942,-0.031824,0.030226,-0.008788,91.0,8.325,-20.625,-30.15,191.8765,0.5641,6.6356,5.0,25.09595,48.84396,2.3533113,353.5048,NaN,3.276,89.909676,352.3,6 / 25,18484,2022-01-10 17:04:51:013
-1.375275,-0.048455,9.789935,-1.133147,-0.096547,9.740485,-0.369798,0.020222,0.253942,-0.031824,0.030226,-0.008788,91.0,8.325,-20.625,-30.15,191.8765,0.5641,6.6356,5.0,20.96619,48.84396,2.3533113,353.5048,NaN,3.276,89.909676,352.3,6 / 25,18488,2022-01-10 17:04:51:017
-1.375275,-0.048455,9.789935,-1.133147,-0.096547,9.740485,-0.369798,0.020222,0.253942,-0.031824,0.030226,-0.008788,91.0,8.325,-20.625,-30.15,191.8765,0.5641,6.6356,5.0,20.96619,48.84396,2.3533113,353.5048,NaN,3.276,89.909676,352.3,6 / 25,18493,2022-01-10 17:04:51:022
-1.375275,-0.048455,9.789935,-1.133147,-0.096547,9.740485,-0.369798,0.020222,0.253942,-0.031824,0.030226,-0.008788,91.0,8.325,-20.625,-30.15,191.8765,0.5641,6.6356,5.0,20.96619,48.84396,2.3533113,353.5048,NaN,3.276,89.909676,352.3,6 / 25,18498,2022-01-10 17:04:51:027
-1.375275,-0.048455,9.789935,-1.133147,-0.096547,9.740485,-0.369798,0.020222,0.253942,-0.031824,0.030226,-0.008788,91.0,8.325,-20.625,-30.15,191.8765,0.5641,6.6356,5.0,20.96619,48.84396,2.3533113,353.5048,NaN,3.276,89.909676,352.3,6 / 25,18503,2022-01-10 17:04:51:032
-1.375275,-0.048455,9.789935,-1.133147,-0.096547,9.740485,-0.369798,0.020222,0.253942,-0.025166,-0.037816,-0.052196,91.0,8.325,-20.625,-30.15,191.8765,0.5641,6.6356,5.0,20.96619,48.84396,2.3533113,353.5048,NaN,3.276,89.909676,352.3,6 / 25,18509,2022-01-10 17:04:51:038
-1.375275,-0.048455,9.789935,-1.133147,-0.096547,9.740485,-0.369798,0.020222,0.253942,-0.025166,-0.037816,-0.052196,91.0,8.325,-20.625,-30.15,191.8765,0.5641,6.6356,5.0,20.96619,48.84396,2.3533113,353.5048,NaN,3.276,89.909676,352.3,6 / 25,18513,2022-01-10 17:04:51:042
-1.375275,-0.048455,9.789935,-1.133147,-0.096547,9.740485,-0.369798,0.020222,0.253942,-0.025166,-0.037816,-0.052196,91.0,8.325,-20.625,-30.15,191.8765,0.5641,6.6356,5.0,20.96619,48.84396,2.3533113,353.5048,NaN,3.276,89.909676,352.3,6 / 25,18518,2022-01-10 17:04:51:047
-1.375275,-0.048455,9.789935,-1.133147,-0.096547,9.740485,-0.369798,0.020222,0.253942,-0.025166,-0.037816,-0.052196,91.0,8.325,-20.625,-30.15,191.8765,0.5641,6.6356,5.0,20.96619,48.84396,2.3533113,353.5048,NaN,3.276,89.909676,352.3,6 / 25,18524,2022-01-10 17:04:51:053
-1.375275,-0.048455,9.789935,-1.133147,-0.096547,9.740485,-0.369798,0.020222,0.253942,-0.025166,-0.037816,-0.052196,91.0,8.325,-20.625,-30.15,191.8765,0.5641,6.6356,5.0,20.96619,48.84396,2.3533113,353.5048,NaN,3.276,89.909676,352.3,6 / 25,18528,2022-01-10 17:04:51:057
-1.115354,0.200698,9.539586,-1.133147,-0.096547,9.740485,-0.369798,0.020222,0.253942,-0.025166,-0.037816,-0.052196,91.0,8.325,-20.625,-30.15,191.8765,0.5641,6.6356,5.0,20.96619,48.84396,2.3533113,353.5048,NaN,3.276,89.909676,352.3,6 / 25,18533,2022-01-10 17:04:51:062
-1.115354,0.200698,9.539586,-1.133147,-0.096547,9.740485,-0.369798,0.020222,0.253942,-0.025166,-0.037816,-0.052196,91.0,8.325,-20.625,-30.15,191.8765,0.5641,6.6356,5.0,20.96619,48.84396,2.3533113,353.5048,NaN,3.276,89.909676,352.3,6 / 25,18538,2022-01-10 17:04:51:067
-1.115354,0.200698,9.539586,-1.133147,-0.096547,9.740485,-0.369798,0.020222,0.253942,-0.025166,-0.037816,-0.052196,91.0,8.325,-20.625,-30.15,191.8765,0.5641,6.6356,5.0,20.96619,48.84396,2.3533113,353.5048,NaN,3.276,89.909676,352.3,6 / 25,18543,2022-01-10 17:04:51:072
-1.115354,0.200698,9.539586,-1.133147,-0.096547,9.740485,-0.369798,0.020222,0.253942,-0.025166,-0.037816,-0.052196,91.0,8.325,-20.625,-30.15,191.8765,0.5641,6.6356,5.0,20.96619,48.84396,2.3533113,353.5048,NaN,3.276,89.909676,352.3,6 / 25,18548,2022-01-10 17:04:51:077
-1.115354,0.200698,9.539586,-1.133147,-0.096547,9.740485,-0.369798,0.020222,0.253942,-0.025166,-0.037816,-0.052196,91.0,8.325,-20.625,-30.15,191.8765,0.5641,6.6356,5.0,20.96619,48.84396,2.3533113,353.5048,NaN,3.276,89.909676,352.3,6 / 25,18552,2022-01-10 17:04:51:081
-1.115354,0.200698,9.539586,-1.133147,-0.096547,9.740485,-0.369798,0.020222,0.253942,-0.025166,-0.037816,-0.052196,91.0,8.325,-20.625,-30.15,191.8765,0.5641,6.6356,5.0,20.96619,48.84396,2.3533113,353.5048,NaN,3.276,89.909676,352.3,6 / 25,18557,2022-01-10 17:04:51:086
-1.115354,0.200698,9.539586,-1.147267,-0.09298,9.738867,-0.131191,0.186338,0.044406,-0.025166,-0.037816,-0.052196,91.0,8.325,-20.625,-30.15,191.8765,0.5641,6.6356,5.0,20.96619,48.84396,2.3533113,353.5048,NaN,3.276,89.909676,352.3,6 / 25,18564,2022-01-10 17:04:51:093
-1.115354,0.200698,9.539586,-1.147267,-0.09298,9.738867,-0.131191,0.186338,0.044406,-0.025166,-0.037816,-0.052196,91.0,8.325,-20.625,-30.15,191.8765,0.5641,6.6356,5.0,20.96619,48.84396,2.3533113,353.5048,NaN,3.276,89.909676,352.3,6 / 25,18568,2022-01-10 17:04:51:097
-1.115354,0.200698,9.539586,-1.147267,-0.09298,9.738867,-0.131191,0.186338,0.044406,-0.025166,-0.037816,-0.052196,91.0,8.325,-20.625,-30.15,191.8765,0.5641,6.6356,5.0,20.96619,48.84396,2.3533113,353.5048,NaN,3.276,89.909676,352.3,6 / 25,18572,2022-01-10 17:04:51:101
-1.115354,0.200698,9.539586,-1.147267,-0.09298,9.738867,-0.131191,0.186338,0.044406,-0.025166,-0.037816,-0.052196,91.0,8.325,-20.625,-30.15,191.8765,0.5641,6.6356,5.0,20.96619,48.84396,2.3533113,353.5048,NaN,3.276,89.909676,352.3,6 / 25,18578,2022-01-10 17:04:51:107
-1.115354,0.200698,9.539586,-1.147267,-0.09298,9.738867,-0.131191,0.186338,0.044406,-0.025166,-0.037816,-0.052196,91.0,8.325,-20.625,-30.15,191.8765,0.5641,6.6356,5.0,20.96619,48.84396,2.3533113,353.5048,NaN,3.276,89.909676,352.3,6 / 25,18583,2022-01-10 17:04:51:112
-1.115354,0.200698,9.539586,-1.147267,-0.09298,9.738867,-0.131191,0.186338,0.044406,-0.025166,-0.037816,-0.052196,91.0,8.325,-20.625,-30.15,191.8765,0.5641,6.6356,5.0,20.96619,48.84396,2.3533113,353.5048,NaN,3.276,89.909676,352.3,6 / 25,18587,2022-01-10 17:04:51:116
-1.115354,0.200698,9.539586,-1.147267,-0.09298,9.738867,-0.131191,0.186338,0.044406,-0.025166,-0.037816,-0.052196,91.0,8.325,-20.625,-30.15,191.8765,0.5641,6.6356,5.0,20.96619,48.84396,2.3533113,353.5048,NaN,3.276,89.909676,352.3,6 / 25,18594,2022-01-10 17:04:51:123
-1.115354,0.200698,9.539586,-1.147267,-0.09298,9.738867,-0.131191,0.186338,0.044406,-0.025166,-0.037816,-0.052196,91.0,7.875,-20.775,-30.15,191.7676,0.5432,6.7186,5.0,20.96619,48.84396,2.3533113,353.5048,NaN,3.276,89.909676,352.3,6 / 25,18597,2022-01-10 17:04:51:126
-1.115354,0.200698,9.539586,-1.147267,-0.09298,9.738867,-0.131191,0.186338,0.044406,-0.025166,-0.037816,-0.052196,91.0,7.875,-20.775,-30.15,191.7676,0.5432,6.7186,5.0,20.96619,48.84396,2.3533113,353.5048,NaN,3.276,89.909676,352.3,6 / 25,18602,2022-01-10 17:04:51:131
-1.115354,0.200698,9.539586,-1.147267,-0.09298,9.738867,-0.131191,0.186338,0.044406,-0.025166,-0.037816,-0.052196,91.0,7.875,-20.775,-30.15,191.7676,0.5432,6.7186,5.0,20.96619,48.84396,2.3533113,353.5048,NaN,3.276,89.909676,352.3,6 / 25,18607,2022-01-10 17:04:51:136
-1.115354,0.200698,9.539586,-1.147267,-0.09298,9.738867,-0.131191,0.186338,0.044406,-0.025166,-0.037816,-0.052196,91.0,7.875,-20.775,-30.15,191.7676,0.5432,6.7186,5.0,20.96619,48.84396,2.3533113,353.5048,NaN,3.276,89.909676,352.3,6 / 25,18612,2022-01-10 17:04:51:141
-1.115354,0.200698,9.539586,-1.147267,-0.09298,9.738867,-0.131191,0.186338,0.044406,-0.025166,-0.037816,-0.052196,91.0,7.875,-20.775,-30.15,191.7676,0.5432,6.7186,5.0,20.96619,48.84396,2.3533113,353.5048,NaN,3.276,89.909676,352.3,6 / 25,18618,2022-01-10 17:04:51:147
-0.68674,0.841376,10.527822,-1.147267,-0.09298,9.738867,-0.131191,0.186338,0.044406,-0.025166,-0.037816,-0.052196,91.0,7.875,-20.775,-30.15,191.7676,0.5432,6.7186,5.0,20.96619,48.84396,2.3533113,353.5048,NaN,3.276,89.909676,352.3,6 / 25,18623,2022-01-10 17:04:51:152
-0.68674,0.841376,10.527822,-1.147267,-0.09298,9.738867,-0.131191,0.186338,0.044406,-0.025166,-0.037816,-0.052196,91.0,7.875,-20.775,-30.15,191.7676,0.5432,6.7186,5.0,20.96619,48.84396,2.3533113,353.5048,NaN,3.276,89.909676,352.3,6 / 25,18628,2022-01-10 17:04:51:157
-0.68674,0.841376,10.527822,-1.147267,-0.09298,9.738867,-0.131191,0.186338,0.044406,-0.025166,-0.037816,-0.052196,91.0,7.875,-20.775,-30.15,191.7676,0.5432,6.7186,5.0,20.96619,48.84396,2.3533113,353.5048,NaN,3.276,89.909676,352.3,6 / 25,18632,2022-01-10 17:04:51:161
-0.68674,0.841376,10.527822,-1.147267,-0.09298,9.738867,-0.131191,0.186338,0.044406,-0.025166,-0.037816,-0.052196,91.0,7.875,-20.775,-30.15,191.7676,0.5432,6.7186,5.0,20.96619,48.84396,2.3533113,353.5048,NaN,3.276,89.909676,352.3,6 / 25,18637,2022-01-10 17:04:51:166
-0.68674,0.841376,10.527822,-1.147267,-0.09298,9.738867,-0.131191,0.186338,0.044406,-0.025166,-0.037816,-0.052196,91.0,7.875,-20.775,-30.15,191.7676,0.5432,6.7186,5.0,20.96619,48.84396,2.3533113,353.5048,NaN,3.276,89.909676,352.3,6 / 25,18642,2022-01-10 17:04:51:171
-0.68674,0.841376,10.527822,-1.147267,-0.09298,9.738867,-0.131191,0.186338,0.044406,-0.003063,-0.160717,-0.095738,91.0,7.875,-20.775,-30.15,191.7676,0.5432,6.7186,5.0,20.96619,48.84396,2.3533113,353.5048,NaN,3.276,89.909676,352.3,6 / 25,18647,2022-01-10 17:04:51:176
-0.68674,0.841376,10.527822,-1.147267,-0.09298,9.738867,-0.131191,0.186338,0.044406,-0.003063,-0.160717,-0.095738,91.0,7.875,-20.775,-30.15,191.7676,0.5432,6.7186,5.0,20.96619,48.84396,2.3533113,353.5048,NaN,3.276,89.909676,352.3,6 / 25,18653,2022-01-10 17:04:51:182
-0.68674,0.841376,10.527822,-1.147267,-0.09298,9.738867,-0.131191,0.186338,0.044406,-0.003063,-0.160717,-0.095738,91.0,7.875,-20.775,-30.15,191.7676,0.5432,6.7186,5.0,20.96619,48.84396,2.3533113,353.5048,NaN,3.276,89.909676,352.3,6 / 25,18658,2022-01-10 17:04:51:187
-0.68674,0.841376,10.527822,-1.147267,-0.09298,9.738867,-0.131191,0.186338,0.044406,-0.003063,-0.160717,-0.095738,91.0,7.875,-20.775,-30.15,191.7676,0.5432,6.7186,5.0,20.96619,48.84396,2.3533113,353.5048,NaN,3.276,89.909676,352.3,6 / 25,18663,2022-01-10 17:04:51:192
-0.68674,0.841376,10.527822,-1.147267,-0.09298,9.738867,-0.131191,0.186338,0.044406,-0.003063,-0.160717,-0.095738,91.0,7.875,-20.775,-30.15,191.7676,0.5432,6.7186,5.0,20.96619,48.84396,2.3533113,353.5048,NaN,3.276,89.909676,352.3,6 / 25,18667,2022-01-10 17:04:51:196
-0.68674,0.841376,10.527822,-1.147267,-0.09298,9.738867,-0.131191,0.186338,0.044406,-0.003063,-0.160717,-0.095738,91.0,7.875,-20.775,-30.15,191.7676,0.5432,6.7186,5.0,20.96619,48.84396,2.3533113,353.5048,NaN,3.276,89.909676,352.3,6 / 25,18673,2022-01-10 17:04:51:202
-0.68674,0.841376,10.527822,-1.147267,-0.09298,9.738867,-0.131191,0.186338,0.044406,-0.003063,-0.160717,-0.095738,91.0,7.875,-20.775,-30.15,191.7676,0.5432,6.7186,5.0,20.96619,48.84396,2.3533113,353.5048,NaN,3.276,89.909676,352.3,6 / 25,18678,2022-01-10 17:04:51:207
-0.68674,0.841376,10.527822,-1.147267,-0.09298,9.738867,-0.131191,0.186338,0.044406,-0.003063,-0.160717,-0.095738,91.0,7.875,-20.775,-30.15,191.7676,0.5432,6.7186,5.0,20.96619,48.84396,2.3533113,353.5048,NaN,3.276,89.909676,352.3,6 / 25,18683,2022-01-10 17:04:51:212
-0.68674,0.841376,10.527822,-1.147267,-0.09298,9.738867,-0.131191,0.186338,0.044406,-0.003063,-0.160717,-0.095738,91.0,7.875,-20.775,-30.15,191.7676,0.5432,6.7186,5.0,20.96619,48.84396,2.3533113,353.5048,NaN,3.276,89.909676,352.3,6 / 25,18687,2022-01-10 17:04:51:216
-0.68674,0.841376,10.527822,-1.017022,-0.058001,9.753598,0.208171,0.839569,0.968993,-0.003063,-0.160717,-0.095738,91.0,7.875,-20.775,-30.15,191.7676,0.5432,6.7186,5.0,20.96619,48.84396,2.3533113,353.5048,NaN,3.276,89.909676,352.3,6 / 25,18693,2022-01-10 17:04:51:222
-0.68674,0.841376,10.527822,-1.017022,-0.058001,9.753598,0.208171,0.839569,0.968993,-0.003063,-0.160717,-0.095738,91.0,7.875,-20.775,-30.15,191.7676,0.5432,6.7186,5.0,20.96619,48.84396,2.3533113,353.5048,NaN,3.276,89.909676,352.3,6 / 25,18697,2022-01-10 17:04:51:226
-0.68674,0.841376,10.527822,-1.017022,-0.058001,9.753598,0.208171,0.839569,0.968993,-0.003063,-0.160717,-0.095738,91.0,7.875,-20.775,-30.15,191.7676,0.5432,6.7186,5.0,20.96619,48.84396,2.3533113,353.5048,NaN,3.276,89.909676,352.3,6 / 25,18702,2022-01-10 17:04:51:231
-0.68674,0.841376,10.527822,-1.017022,-0.058001,9.753598,0.208171,0.839569,0.968993,-0.003063,-0.160717,-0.095738,91.0,7.875,-20.775,-30.15,191.7676,0.5432,6.7186,5.0,20.96619,48.84396,2.3533113,353.5048,NaN,3.276,89.909676,352.3,6 / 25,18707,2022-01-10 17:04:51:236
-0.68674,0.841376,10.527822,-1.017022,-0.058001,9.753598,0.208171,0.839569,0.968993,-0.003063,-0.160717,-0.095738,91.0,7.875,-20.775,-30.15,191.7676,0.5432,6.7186,5.0,20.96619,48.84396,2.3533113,353.5048,NaN,3.276,89.909676,352.3,6 / 25,18713,2022-01-10 17:04:51:242
-0.68674,0.841376,10.527822,-1.017022,-0.058001,9.753598,0.208171,0.839569,0.968993,-0.003063,-0.160717,-0.095738,91.0,7.875,-20.775,-30.15,191.7676,0.5432,6.7186,5.0,20.96619,48.84396,2.3533113,353.5048,NaN,3.276,89.909676,352.3,6 / 25,18718,2022-01-10 17:04:51:247
-0.68674,0.841376,10.527822,-1.017022,-0.058001,9.753598,0.208171,0.839569,0.968993,-0.003063,-0.160717,-0.095738,91.0,7.875,-20.775,-30.15,191.7676,0.5432,6.7186,5.0,20.96619,48.84396,2.3533113,353.5048,NaN,3.276,89.909676,352.3,6 / 25,18723,2022-01-10 17:04:51:252
-0.68674,0.841376,10.527822,-1.017022,-0.058001,9.753598,0.208171,0.839569,0.968993,-0.003063,-0.160717,-0.095738,91.0,7.875,-20.775,-30.15,191.7676,0.5432,6.7186,5.0,20.96619,48.84396,2.3533113,353.5048,NaN,3.276,89.909676,352.3,6 / 25,18728,2022-01-10 17:04:51:257
-0.68674,0.841376,10.527822,-1.017022,-0.058001,9.753598,0.208171,0.839569,0.968993,-0.003063,-0.160717,-0.095738,91.0,7.875,-20.775,-30.15,191.7676,0.5432,6.7186,5.0,20.96619,48.84396,2.3533113,353.5048,NaN,3.276,89.909676,352.3,6 / 25,18732,2022-01-10 17:04:51:261
-1.071087,0.326321,10.865508,-1.017022,-0.058001,9.753598,0.208171,0.839569,0.968993,-0.003063,-0.160717,-0.095738,91.0,7.5,-20.85,-30.225,192.8858,0.3389,5.9528,5.0,20.96619,48.84396,2.3533113,353.5048,NaN,3.276,89.909676,352.3,6 / 25,18737,2022-01-10 17:04:51:266
-1.071087,0.326321,10.865508,-1.017022,-0.058001,9.753598,0.208171,0.839569,0.968993,-0.003063,-0.160717,-0.095738,91.0,7.5,-20.85,-30.225,192.8858,0.3389,5.9528,5.0,20.96619,48.84396,2.3533113,353.5048,NaN,3.276,89.909676,352.3,6 / 25,18743,2022-01-10 17:04:51:272
-1.071087,0.326321,10.865508,-1.017022,-0.058001,9.753598,0.208171,0.839569,0.968993,-0.003063,-0.160717,-0.095738,91.0,7.5,-20.85,-30.225,192.8858,0.3389,5.9528,5.0,20.96619,48.84396,2.3533113,353.5048,NaN,3.276,89.909676,352.3,6 / 25,18748,2022-01-10 17:04:51:277
-1.071087,0.326321,10.865508,-1.017022,-0.058001,9.753598,0.208171,0.839569,0.968993,-0.003063,-0.160717,-0.095738,91.0,7.5,-20.85,-30.225,192.8858,0.3389,5.9528,5.0,20.96619,48.84396,2.3533113,353.5048,NaN,3.276,89.909676,352.3,6 / 25,18753,2022-01-10 17:04:51:282
-1.071087,0.326321,10.865508,-1.017022,-0.058001,9.753598,0.208171,0.839569,0.968993,-0.003063,-0.160717,-0.095738,91.0,7.5,-20.85,-30.225,192.8858,0.3389,5.9528,5.0,20.96619,48.84396,2.3533113,353.5048,NaN,3.276,89.909676,352.3,6 / 25,18758,2022-01-10 17:04:51:287
-1.071087,0.326321,10.865508,-1.017022,-0.058001,9.753598,0.208171,0.839569,0.968993,-0.003063,-0.160717,-0.095738,91.0,7.5,-20.85,-30.225,192.8858,0.3389,5.9528,5.0,20.96619,48.84396,2.3533113,353.5048,NaN,3.276,89.909676,352.3,6 / 25,18762,2022-01-10 17:04:51:291
-1.071087,0.326321,10.865508,-1.017022,-0.058001,9.753598,0.208171,0.839569,0.968993,0.327027,-0.015978,-0.07217,91.0,7.5,-20.85,-30.225,192.8858,0.3389,5.9528,5.0,20.96619,48.84396,2.3533113,353.5048,NaN,3.276,89.909676,352.3,6 / 25,18768,2022-01-10 17:04:51:297
-1.071087,0.326321,10.865508,-1.017022,-0.058001,9.753598,0.208171,0.839569,0.968993,0.327027,-0.015978,-0.07217,91.0,7.5,-20.85,-30.225,192.8858,0.3389,5.9528,5.0,20.96619,48.84396,2.3533113,353.5048,NaN,3.276,89.909676,352.3,6 / 25,18773,2022-01-10 17:04:51:302
-1.071087,0.326321,10.865508,-1.017022,-0.058001,9.753598,0.208171,0.839569,0.968993,0.327027,-0.015978,-0.07217,91.0,7.5,-20.85,-30.225,192.8858,0.3389,5.9528,5.0,20.96619,48.84396,2.3533113,353.5048,NaN,3.276,89.909676,352.3,6 / 25,18777,2022-01-10 17:04:51:306
-1.071087,0.326321,10.865508,-1.017022,-0.058001,9.753598,0.208171,0.839569,0.968993,0.327027,-0.015978,-0.07217,91.0,7.5,-20.85,-30.225,192.8858,0.3389,5.9528,5.0,20.96619,48.84396,2.3533113,353.5048,NaN,3.276,89.909676,352.3,6 / 25,18783,2022-01-10 17:04:51:312
-1.071087,0.326321,10.865508,-1.017022,-0.058001,9.753598,0.208171,0.839569,0.968993,0.327027,-0.015978,-0.07217,91.0,7.5,-20.85,-30.225,192.8858,0.3389,5.9528,5.0,20.96619,48.84396,2.3533113,353.5048,NaN,3.276,89.909676,352.3,6 / 25,18788,2022-01-10 17:04:51:317
-1.071087,0.326321,10.865508,-1.017022,-0.058001,9.753598,0.208171,0.839569,0.968993,0.327027,-0.015978,-0.07217,91.0,7.5,-20.85,-30.225,192.8858,0.3389,5.9528,5.0,20.96619,48.84396,2.3533113,353.5048,NaN,3.276,89.909676,352.3,6 / 25,18792,2022-01-10 17:04:51:321
-1.071087,0.326321,10.865508,-1.009621,0.252912,9.751261,0.208171,0.839569,0.968993,0.327027,-0.015978,-0.07217,91.0,7.5,-20.85,-30.225,192.8858,0.3389,5.9528,5.0,20.96619,48.84396,2.3533113,353.5048,NaN,3.276,89.909676,352.3,6 / 25,18797,2022-01-10 17:04:51:326
-1.071087,0.326321,10.865508,-1.009621,0.252912,9.751261,-0.076198,0.132719,1.245404,0.327027,-0.015978,-0.07217,91.0,7.5,-20.85,-30.225,192.8858,0.3389,5.9528,5.0,20.96619,48.84396,2.3533113,353.5048,NaN,3.276,89.909676,352.3,6 / 25,18802,2022-01-10 17:04:51:331
-1.071087,0.326321,10.865508,-1.009621,0.252912,9.751261,-0.076198,0.132719,1.245404,0.327027,-0.015978,-0.07217,91.0,7.5,-20.85,-30.225,192.8858,0.3389,5.9528,5.0,20.96619,48.84396,2.3533113,353.5048,NaN,3.276,89.909676,352.3,6 / 25,18807,2022-01-10 17:04:51:336
-1.071087,0.326321,10.865508,-1.009621,0.252912,9.751261,-0.076198,0.132719,1.245404,0.327027,-0.015978,-0.07217,91.0,7.5,-20.85,-30.225,192.8858,0.3389,5.9528,5.0,20.96619,48.84396,2.3533113,353.5048,NaN,3.276,89.909676,352.3,6 / 25,18813,2022-01-10 17:04:51:342
-1.071087,0.326321,10.865508,-1.009621,0.252912,9.751261,-0.076198,0.132719,1.245404,0.327027,-0.015978,-0.07217,91.0,7.5,-20.85,-30.225,192.8858,0.3389,5.9528,5.0,21.90778,48.84396,2.3533113,353.5048,NaN,3.276,89.909676,352.3,6 / 25,18817,2022-01-10 17:04:51:346
-1.071087,0.326321,10.865508,-1.009621,0.252912,9.751261,-0.076198,0.132719,1.245404,0.327027,-0.015978,-0.07217,91.0,7.5,-20.85,-30.225,192.8858,0.3389,5.9528,5.0,21.90778,48.84396,2.3533113,353.5048,NaN,3.276,89.909676,352.3,6 / 25,18823,2022-01-10 17:04:51:352
-1.071087,0.326321,10.865508,-1.009621,0.252912,9.751261,-0.076198,0.132719,1.245404,0.327027,-0.015978,-0.07217,91.0,7.5,-20.85,-30.225,192.8858,0.3389,5.9528,5.0,21.90778,48.84396,2.3533113,353.5048,NaN,3.276,89.909676,352.3,6 / 25,18828,2022-01-10 17:04:51:357
-0.905982,0.127717,8.958728,-1.009621,0.252912,9.751261,-0.076198,0.132719,1.245404,0.327027,-0.015978,-0.07217,91.0,7.5,-20.85,-30.225,192.8858,0.3389,5.9528,5.0,21.90778,48.84396,2.3533113,353.5048,NaN,3.276,89.909676,352.3,6 / 25,18832,2022-01-10 17:04:51:361
-0.905982,0.127717,8.958728,-1.009621,0.252912,9.751261,-0.076198,0.132719,1.245404,0.327027,-0.015978,-0.07217,91.0,7.5,-20.85,-30.225,192.8858,0.3389,5.9528,5.0,21.90778,48.84396,2.3533113,353.5048,NaN,3.276,89.909676,352.3,6 / 25,18838,2022-01-10 17:04:51:367
-0.905982,0.127717,8.958728,-1.009621,0.252912,9.751261,-0.076198,0.132719,1.245404,0.327027,-0.015978,-0.07217,91.0,7.5,-20.85,-30.225,192.8858,0.3389,5.9528,5.0,21.90778,48.84396,2.3533113,353.5048,NaN,3.276,89.909676,352.3,6 / 25,18842,2022-01-10 17:04:51:371
-0.905982,0.127717,8.958728,-1.009621,0.252912,9.751261,-0.076198,0.132719,1.245404,0.327027,-0.015978,-0.07217,91.0,7.5,-20.85,-30.225,192.8858,0.3389,5.9528,5.0,21.90778,48.84396,2.3533113,353.5048,NaN,3.276,89.909676,352.3,6 / 25,18848,2022-01-10 17:04:51:377
-0.905982,0.127717,8.958728,-1.009621,0.252912,9.751261,-0.076198,0.132719,1.245404,0.327027,-0.015978,-0.07217,91.0,7.5,-21.0,-30.225,193.5476,-1.4778,5.9112,5.0,21.90778,48.84396,2.3533113,353.5048,NaN,3.276,89.909676,352.3,6 / 25,18854,2022-01-10 17:04:51:383
-0.905982,0.127717,8.958728,-1.009621,0.252912,9.751261,-0.076198,0.132719,1.245404,0.327027,-0.015978,-0.07217,91.0,7.5,-21.0,-30.225,193.5476,-1.4778,5.9112,5.0,21.90778,48.84396,2.3533113,353.5048,NaN,3.276,89.909676,352.3,6 / 25,18857,2022-01-10 17:04:51:386
-0.905982,0.127717,8.958728,-1.009621,0.252912,9.751261,-0.076198,0.132719,1.245404,0.327027,-0.015978,-0.07217,91.0,7.5,-21.0,-30.225,193.5476,-1.4778,5.9112,5.0,21.90778,48.84396,2.3533113,353.5048,NaN,3.276,89.909676,352.3,6 / 25,18862,2022-01-10 17:04:51:391
-0.905982,0.127717,8.958728,-1.009621,0.252912,9.751261,-0.076198,0.132719,1.245404,0.327027,-0.015978,-0.07217,91.0,7.5,-21.0,-30.225,193.5476,-1.4778,5.9112,5.0,21.90778,48.84396,2.3533113,353.5048,NaN,3.276,89.909676,352.3,6 / 25,18868,2022-01-10 17:04:51:397
-0.905982,0.127717,8.958728,-1.009621,0.252912,9.751261,-0.076198,0.132719,1.245404,0.327027,-0.015978,-0.07217,91.0,7.5,-21.0,-30.225,193.5476,-1.4778,5.9112,5.0,21.90778,48.84396,2.3533113,353.5048,NaN,3.276,89.909676,352.3,6 / 25,18873,2022-01-10 17:04:51:402
-0.905982,0.127717,8.958728,-1.009621,0.252912,9.751261,-0.076198,0.132719,1.245404,0.327027,-0.015978,-0.07217,91.0,7.5,-21.0,-30.225,193.5476,-1.4778,5.9112,5.0,21.90778,48.84396,2.3533113,353.5048,NaN,3.276,89.909676,352.3,6 / 25,18878,2022-01-10 17:04:51:407
-0.905982,0.127717,8.958728,-1.009621,0.252912,9.751261,-0.076198,0.132719,1.245404,0.327027,-0.015978,-0.07217,91.0,7.5,-21.0,-30.225,193.5476,-1.4778,5.9112,5.0,21.90778,48.843956,2.353327,373.8807,NaN,0.54,62.245167,19.7,6 / 25,18882,2022-01-10 17:04:51:411
-0.905982,0.127717,8.958728,-1.009621,0.252912,9.751261,-0.076198,0.132719,1.245404,0.327027,-0.015978,-0.07217,91.0,7.5,-21.0,-30.225,193.5476,-1.4778,5.9112,5.0,21.90778,48.843956,2.353327,373.8807,NaN,0.54,62.245167,19.7,6 / 25,18888,2022-01-10 17:04:51:417
-0.905982,0.127717,8.958728,-1.009621,0.252912,9.751261,-0.076198,0.132719,1.245404,0.327027,-0.015978,-0.07217,91.0,7.5,-21.0,-30.225,193.5476,-1.4778,5.9112,5.0,21.90778,48.843956,2.353327,373.8807,NaN,0.54,62.245167,19.7,6 / 25,18892,2022-01-10 17:04:51:421
-0.905982,0.127717,8.958728,-1.009621,0.252912,9.751261,-0.076198,0.132719,1.245404,-0.065778,0.303725,-0.070572,91.0,7.5,-21.0,-30.225,193.5476,-1.4778,5.9112,5.0,21.90778,48.843956,2.353327,373.8807,NaN,0.54,62.245167,19.7,6 / 25,18897,2022-01-10 17:04:51:426
-0.905982,0.127717,8.958728,-1.009621,0.252912,9.751261,-0.076198,0.132719,1.245404,-0.065778,0.303725,-0.070572,91.0,7.5,-21.0,-30.225,193.5476,-1.4778,5.9112,5.0,21.90778,48.843956,2.353327,373.8807,NaN,0.54,62.245167,19.7,6 / 25,18903,2022-01-10 17:04:51:432
-0.905982,0.127717,8.958728,-1.009621,0.252912,9.751261,-0.076198,0.132719,1.245404,-0.065778,0.303725,-0.070572,91.0,7.5,-21.0,-30.225,193.5476,-1.4778,5.9112,5.0,21.90778,48.843956,2.353327,373.8807,NaN,0.54,62.245167,19.7,6 / 25,18908,2022-01-10 17:04:51:437
-0.905982,0.127717,8.958728,-1.009621,0.252912,9.751261,-0.076198,0.132719,1.245404,-0.065778,0.303725,-0.070572,91.0,7.5,-21.0,-30.225,193.5476,-1.4778,5.9112,5.0,21.90778,48.843956,2.353327,373.8807,NaN,0.54,62.245167,19.7,6 / 25,18913,2022-01-10 17:04:51:442
-1.296312,0.207876,3.925725,-1.305413,0.353321,9.712953,0.165275,-0.278129,-1.072031,-0.065778,0.303725,-0.070572,91.0,7.5,-21.0,-30.225,193.5476,-1.4778,5.9112,5.0,21.90778,48.843956,2.353327,373.8807,NaN,0.54,62.245167,19.7,6 / 25,18918,2022-01-10 17:04:51:447
-1.296312,0.207876,3.925725,-1.305413,0.353321,9.712953,0.165275,-0.278129,-1.072031,-0.065778,0.303725,-0.070572,91.0,7.5,-21.0,-30.225,193.5476,-1.4778,5.9112,5.0,21.90778,48.843956,2.353327,373.8807,NaN,0.54,62.245167,19.7,6 / 25,18923,2022-01-10 17:04:51:452
-1.296312,0.207876,3.925725,-1.305413,0.353321,9.712953,0.165275,-0.278129,-1.072031,-0.065778,0.303725,-0.070572,91.0,7.5,-21.0,-30.225,193.5476,-1.4778,5.9112,5.0,21.90778,48.843956,2.353327,373.8807,NaN,0.54,62.245167,19.7,6 / 25,18927,2022-01-10 17:04:51:456
-1.296312,0.207876,3.925725,-1.305413,0.353321,9.712953,0.165275,-0.278129,-1.072031,-0.065778,0.303725,-0.070572,91.0,7.5,-21.0,-30.225,193.5476,-1.4778,5.9112,5.0,21.90778,48.843956,2.353327,373.8807,NaN,0.54,62.245167,19.7,6 / 25,18933,2022-01-10 17:04:51:462
-1.296312,0.207876,3.925725,-1.305413,0.353321,9.712953,0.165275,-0.278129,-1.072031,-0.065778,0.303725,-0.070572,91.0,7.5,-21.0,-30.225,193.5476,-1.4778,5.9112,5.0,21.90778,48.843956,2.353327,373.8807,NaN,0.54,62.245167,19.7,6 / 25,18937,2022-01-10 17:04:51:466
-1.296312,0.207876,3.925725,-1.305413,0.353321,9.712953,0.165275,-0.278129,-1.072031,-0.065778,0.303725,-0.070572,91.0,7.5,-21.0,-30.225,193.5476,-1.4778,5.9112,5.0,21.90778,48.843956,2.353327,373.8807,NaN,0.54,62.245167,19.7,6 / 25,18943,2022-01-10 17:04:51:472
-1.296312,0.207876,3.925725,-1.305413,0.353321,9.712953,0.165275,-0.278129,-1.072031,-0.065778,0.303725,-0.070572,91.0,7.5,-21.0,-30.225,193.5476,-1.4778,5.9112,5.0,21.90778,48.843956,2.353327,373.8807,NaN,0.54,62.245167,19.7,6 / 25,18948,2022-01-10 17:04:51:477
-1.296312,0.207876,3.925725,-1.305413,0.353321,9.712953,0.165275,-0.278129,-1.072031,-0.065778,0.303725,-0.070572,91.0,7.5,-21.0,-30.225,193.5476,-1.4778,5.9112,5.0,21.90778,48.843956,2.353327,373.8807,NaN,0.54,62.245167,19.7,6 / 25,18953,2022-01-10 17:04:51:482
-1.296312,0.207876,3.925725,-1.305413,0.353321,9.712953,0.165275,-0.278129,-1.072031,-0.065778,0.303725,-0.070572,91.0,7.5,-21.0,-30.225,193.5476,-1.4778,5.9112,5.0,21.90778,48.843956,2.353327,373.8807,NaN,0.54,62.245167,19.7,6 / 25,18958,2022-01-10 17:04:51:487
-1.296312,0.207876,3.925725,-1.305413,0.353321,9.712953,0.165275,-0.278129,-1.072031,-0.065778,0.303725,-0.070572,91.0,7.5,-21.0,-30.225,193.5476,-1.4778,5.9112,5.0,21.90778,48.843956,2.353327,373.8807,NaN,0.54,62.245167,19.7,6 / 25,18962,2022-01-10 17:04:51:491
-1.296312,0.207876,3.925725,-1.305413,0.353321,9.712953,0.165275,-0.278129,-1.072031,-0.065778,0.303725,-0.070572,91.0,7.5,-21.0,-30.225,193.5476,-1.4778,5.9112,5.0,21.90778,48.843956,2.353327,373.8807,NaN,0.54,62.245167,19.7,6 / 25,18968,2022-01-10 17:04:51:497
-1.296312,0.207876,3.925725,-1.305413,0.353321,9.712953,0.165275,-0.278129,-1.072031,-0.065778,0.303725,-0.070572,91.0,7.5,-21.0,-30.225,193.5476,-1.4778,5.9112,5.0,21.90778,48.843956,2.353327,373.8807,NaN,0.54,62.245167,19.7,6 / 25,18973,2022-01-10 17:04:51:502
-1.296312,0.207876,3.925725,-1.305413,0.353321,9.712953,0.165275,-0.278129,-1.072031,-0.065778,0.303725,-0.070572,91.0,7.5,-21.0,-30.225,193.5476,-1.4778,5.9112,5.0,21.90778,48.843956,2.353327,373.8807,NaN,0.54,62.245167,19.7,6 / 25,18977,2022-01-10 17:04:51:506
-1.296312,0.207876,3.925725,-1.305413,0.353321,9.712953,0.165275,-0.278129,-1.072031,-0.065778,0.303725,-0.070572,91.0,7.5,-21.0,-30.225,193.5476,-1.4778,5.9112,5.0,21.90778,48.843956,2.353327,373.8807,NaN,0.54,62.245167,19.7,6 / 25,18983,2022-01-10 17:04:51:512
-1.296312,0.207876,3.925725,-1.305413,0.353321,9.712953,0.165275,-0.278129,-1.072031,-0.065778,0.303725,-0.070572,91.0,7.5,-21.0,-30.225,193.5476,-1.4778,5.9112,5.0,21.90778,48.843956,2.353327,373.8807,NaN,0.54,62.245167,19.7,6 / 25,18988,2022-01-10 17:04:51:517
-1.296312,0.207876,3.925725,-1.305413,0.353321,9.712953,0.165275,-0.278129,-1.072031,-0.065778,0.303725,-0.070572,91.0,7.5,-21.0,-30.225,193.5476,-1.4778,5.9112,5.0,21.90778,48.843956,2.353327,373.8807,NaN,0.54,62.245167,19.7,6 / 25,18992,2022-01-10 17:04:51:521
-1.296312,0.207876,3.925725,-1.305413,0.353321,9.712953,0.165275,-0.278129,-1.072031,-0.065778,0.303725,-0.070572,91.0,7.575,-21.225,-30.225,191.1916,-2.0647,7.6546,5.0,21.90778,48.843956,2.353327,373.8807,NaN,0.54,62.245167,19.7,6 / 25,18998,2022-01-10 17:04:51:527
-1.296312,0.207876,3.925725,-1.305413,0.353321,9.712953,0.165275,-0.278129,-1.072031,-0.065778,0.303725,-0.070572,91.0,7.575,-21.225,-30.225,191.1916,-2.0647,7.6546,5.0,21.90778,48.843956,2.353327,373.8807,NaN,0.54,62.245167,19.7,6 / 25,19002,2022-01-10 17:04:51:531
-1.296312,0.207876,3.925725,-1.305413,0.353321,9.712953,0.165275,-0.278129,-1.072031,-0.065778,0.303725,-0.070572,91.0,7.575,-21.225,-30.225,191.1916,-2.0647,7.6546,5.0,21.90778,48.843956,2.353327,373.8807,NaN,0.54,62.245167,19.7,6 / 25,19008,2022-01-10 17:04:51:537
-1.296312,0.207876,3.925725,-1.305413,0.353321,9.712953,0.165275,-0.278129,-1.072031,-0.065778,0.303725,-0.070572,91.0,7.575,-21.225,-30.225,191.1916,-2.0647,7.6546,5.0,21.90778,48.843956,2.353327,373.8807,NaN,0.54,62.245167,19.7,6 / 25,19012,2022-01-10 17:04:51:541
-1.296312,0.207876,3.925725,-1.305413,0.353321,9.712953,0.165275,-0.278129,-1.072031,-0.065778,0.303725,-0.070572,91.0,7.575,-21.225,-30.225,191.1916,-2.0647,7.6546,5.0,21.90778,48.843956,2.353327,373.8807,NaN,0.54,62.245167,19.7,6 / 25,19017,2022-01-10 17:04:51:546
-1.296312,0.207876,3.925725,-1.305413,0.353321,9.712953,0.165275,-0.278129,-1.072031,-0.065778,0.303725,-0.070572,91.0,7.575,-21.225,-30.225,191.1916,-2.0647,7.6546,5.0,21.90778,48.843956,2.353327,373.8807,NaN,0.54,62.245167,19.7,6 / 25,19023,2022-01-10 17:04:51:552
-1.296312,0.207876,3.925725,-1.305413,0.353321,9.712953,0.165275,-0.278129,-1.072031,-0.065778,0.303725,-0.070572,91.0,7.575,-21.225,-30.225,191.1916,-2.0647,7.6546,5.0,21.90778,48.843956,2.353327,373.8807,NaN,0.54,62.245167,19.7,6 / 25,19028,2022-01-10 17:04:51:557
-0.232702,-0.050847,-0.117847,-1.305413,0.353321,9.712953,0.165275,-0.278129,-1.072031,0.711043,-0.247667,0.190277,91.0,7.575,-21.225,-30.225,191.1916,-2.0647,7.6546,5.0,21.90778,48.843956,2.353327,373.8807,NaN,0.54,62.245167,19.7,6 / 25,19032,2022-01-10 17:04:51:561
-0.232702,-0.050847,-0.117847,-1.305413,0.353321,9.712953,0.165275,-0.278129,-1.072031,0.711043,-0.247667,0.190277,91.0,7.575,-21.225,-30.225,191.1916,-2.0647,7.6546,5.0,21.90778,48.843956,2.353327,373.8807,NaN,0.54,62.245167,19.7,6 / 25,19038,2022-01-10 17:04:51:567
-0.232702,-0.050847,-0.117847,-1.00705,0.935208,9.709872,-0.342125,-0.954353,-8.830511,0.711043,-0.247667,0.190277,91.0,7.575,-21.225,-30.225,191.1916,-2.0647,7.6546,5.0,21.90778,48.843956,2.353327,373.8807,NaN,0.54,62.245167,19.7,6 / 25,19043,2022-01-10 17:04:51:572
-0.232702,-0.050847,-0.117847,-1.00705,0.935208,9.709872,-0.342125,-0.954353,-8.830511,0.711043,-0.247667,0.190277,91.0,7.575,-21.225,-30.225,191.1916,-2.0647,7.6546,5.0,21.90778,48.843956,2.353327,373.8807,NaN,0.54,62.245167,19.7,6 / 25,19047,2022-01-10 17:04:51:576
-0.232702,-0.050847,-0.117847,-1.00705,0.935208,9.709872,-0.342125,-0.954353,-8.830511,0.711043,-0.247667,0.190277,91.0,7.575,-21.225,-30.225,191.1916,-2.0647,7.6546,5.0,21.90778,48.843956,2.353327,373.8807,NaN,0.54,62.245167,19.7,6 / 25,19053,2022-01-10 17:04:51:582
-0.232702,-0.050847,-0.117847,-1.00705,0.935208,9.709872,-0.342125,-0.954353,-8.830511,0.711043,-0.247667,0.190277,91.0,7.575,-21.225,-30.225,191.1916,-2.0647,7.6546,5.0,21.90778,48.843956,2.353327,373.8807,NaN,0.54,62.245167,19.7,6 / 25,19058,2022-01-10 17:04:51:587
-0.232702,-0.050847,-0.117847,-1.00705,0.935208,9.709872,-0.342125,-0.954353,-8.830511,0.711043,-0.247667,0.190277,91.0,7.575,-21.225,-30.225,191.1916,-2.0647,7.6546,5.0,21.90778,48.843956,2.353327,373.8807,NaN,0.54,62.245167,19.7,6 / 25,19062,2022-01-10 17:04:51:591
-0.232702,-0.050847,-0.117847,-1.00705,0.935208,9.709872,-0.342125,-0.954353,-8.830511,0.711043,-0.247667,0.190277,91.0,7.575,-21.225,-30.225,191.1916,-2.0647,7.6546,5.0,21.90778,48.843956,2.353327,373.8807,NaN,0.54,62.245167,19.7,6 / 25,19068,2022-01-10 17:04:51:597
-0.232702,-0.050847,-0.117847,-1.00705,0.935208,9.709872,-0.342125,-0.954353,-8.830511,0.711043,-0.247667,0.190277,91.0,7.575,-21.225,-30.225,191.1916,-2.0647,7.6546,5.0,21.90778,48.843956,2.353327,373.8807,NaN,0.54,62.245167,19.7,6 / 25,19073,2022-01-10 17:04:51:602
-0.232702,-0.050847,-0.117847,-1.00705,0.935208,9.709872,-0.342125,-0.954353,-8.830511,0.711043,-0.247667,0.190277,91.0,7.575,-21.225,-30.225,191.1916,-2.0647,7.6546,5.0,21.90778,48.843956,2.353327,373.8807,NaN,0.54,62.245167,19.7,6 / 25,19077,2022-01-10 17:04:51:606
-0.232702,-0.050847,-0.117847,-1.00705,0.935208,9.709872,-0.342125,-0.954353,-8.830511,0.711043,-0.247667,0.190277,91.0,7.575,-21.225,-30.225,191.1916,-2.0647,7.6546,5.0,21.90778,48.843956,2.353327,373.8807,NaN,0.54,62.245167,19.7,6 / 25,19083,2022-01-10 17:04:51:612
-0.232702,-0.050847,-0.117847,-1.00705,0.935208,9.709872,-0.342125,-0.954353,-8.830511,0.711043,-0.247667,0.190277,91.0,7.575,-21.225,-30.225,191.1916,-2.0647,7.6546,5.0,21.90778,48.843956,2.353327,373.8807,NaN,0.54,62.245167,19.7,6 / 25,19088,2022-01-10 17:04:51:617
-0.232702,-0.050847,-0.117847,-1.00705,0.935208,9.709872,-0.342125,-0.954353,-8.830511,0.711043,-0.247667,0.190277,91.0,7.575,-21.225,-30.225,191.1916,-2.0647,7.6546,5.0,21.90778,48.843956,2.353327,373.8807,NaN,0.54,62.245167,19.7,6 / 25,19094,2022-01-10 17:04:51:623
-0.232702,-0.050847,-0.117847,-1.00705,0.935208,9.709872,-0.342125,-0.954353,-8.830511,0.711043,-0.247667,0.190277,91.0,7.575,-21.225,-30.225,191.1916,-2.0647,7.6546,5.0,21.90778,48.843956,2.353327,373.8807,NaN,0.54,62.245167,19.7,6 / 25,19098,2022-01-10 17:04:51:627
-0.232702,-0.050847,-0.117847,-1.00705,0.935208,9.709872,-0.342125,-0.954353,-8.830511,0.711043,-0.247667,0.190277,91.0,7.575,-21.225,-30.225,191.1916,-2.0647,7.6546,5.0,21.90778,48.843956,2.353327,373.8807,NaN,0.54,62.245167,19.7,6 / 25,19104,2022-01-10 17:04:51:633
-0.232702,-0.050847,-0.117847,-1.00705,0.935208,9.709872,-0.342125,-0.954353,-8.830511,0.711043,-0.247667,0.190277,41.0,7.575,-21.225,-30.225,191.1916,-2.0647,7.6546,5.0,21.90778,48.843956,2.353327,373.8807,NaN,0.54,62.245167,19.7,6 / 25,19108,2022-01-10 17:04:51:637
-0.232702,-0.050847,-0.117847,-1.00705,0.935208,9.709872,-0.342125,-0.954353,-8.830511,0.711043,-0.247667,0.190277,41.0,7.575,-21.225,-30.225,191.1916,-2.0647,7.6546,5.0,21.90778,48.843956,2.353327,373.8807,NaN,0.54,62.245167,19.7,6 / 25,19114,2022-01-10 17:04:51:643
-0.232702,-0.050847,-0.117847,-1.00705,0.935208,9.709872,-0.342125,-0.954353,-8.830511,0.711043,-0.247667,0.190277,41.0,7.575,-21.225,-30.225,191.1916,-2.0647,7.6546,5.0,21.90778,48.843956,2.353327,373.8807,NaN,0.54,62.245167,19.7,6 / 25,19118,2022-01-10 17:04:51:647
-0.232702,-0.050847,-0.117847,-1.00705,0.935208,9.709872,-0.342125,-0.954353,-8.830511,0.711043,-0.247667,0.190277,41.0,7.575,-21.225,-30.225,191.1916,-2.0647,7.6546,5.0,21.90778,48.843956,2.353327,373.8807,NaN,0.54,62.245167,19.7,6 / 25,19124,2022-01-10 17:04:51:653
-0.232702,-0.050847,-0.117847,-1.00705,0.935208,9.709872,-0.342125,-0.954353,-8.830511,0.711043,-0.247667,0.190277,41.0,7.575,-21.225,-30.225,191.1916,-2.0647,7.6546,5.0,21.90778,48.843956,2.353327,373.8807,NaN,0.54,62.245167,19.7,6 / 25,19128,2022-01-10 17:04:51:657
-0.232702,-0.050847,-0.117847,-1.00705,0.935208,9.709872,-0.342125,-0.954353,-8.830511,0.711043,-0.247667,0.190277,41.0,7.575,-21.225,-30.225,191.1916,-2.0647,7.6546,5.0,32.04959,48.843956,2.353327,373.8807,NaN,0.54,62.245167,19.7,6 / 25,19133,2022-01-10 17:04:51:662
-0.242273,-0.05324,0.11336,-1.00705,0.935208,9.709872,-0.342125,-0.954353,-8.830511,0.711043,-0.247667,0.190277,41.0,7.425,-22.05,-29.55,191.5152,-5.4723,5.9212,5.0,32.04959,48.843956,2.353327,373.8807,NaN,0.54,62.245167,19.7,6 / 25,19138,2022-01-10 17:04:51:667
-0.242273,-0.05324,0.11336,-1.00705,0.935208,9.709872,-0.342125,-0.954353,-8.830511,0.711043,-0.247667,0.190277,41.0,7.425,-22.05,-29.55,191.5152,-5.4723,5.9212,5.0,32.04959,48.843956,2.353327,373.8807,NaN,0.54,62.245167,19.7,6 / 25,19144,2022-01-10 17:04:51:673
-0.242273,-0.05324,0.11336,-1.00705,0.935208,9.709872,-0.342125,-0.954353,-8.830511,0.711043,-0.247667,0.190277,41.0,7.425,-22.05,-29.55,191.5152,-5.4723,5.9212,5.0,32.04959,48.843956,2.353327,373.8807,NaN,0.54,62.245167,19.7,6 / 25,19147,2022-01-10 17:04:51:676
-0.242273,-0.05324,0.11336,-1.00705,0.935208,9.709872,-0.342125,-0.954353,-8.830511,0.711043,-0.247667,0.190277,41.0,7.425,-22.05,-29.55,191.5152,-5.4723,5.9212,5.0,32.04959,48.843956,2.353327,373.8807,NaN,0.54,62.245167,19.7,6 / 25,19154,2022-01-10 17:04:51:683
-0.242273,-0.05324,0.11336,-1.00705,0.935208,9.709872,-0.342125,-0.954353,-8.830511,0.711043,-0.247667,0.190277,41.0,7.425,-22.05,-29.55,191.5152,-5.4723,5.9212,5.0,32.04959,48.843956,2.353327,373.8807,NaN,0.54,62.245167,19.7,6 / 25,19158,2022-01-10 17:04:51:687
-0.242273,-0.05324,0.11336,-1.00705,0.935208,9.709872,-0.342125,-0.954353,-8.830511,0.711043,-0.247667,0.190277,41.0,7.425,-22.05,-29.55,191.5152,-5.4723,5.9212,5.0,32.04959,48.843956,2.353327,373.8807,NaN,0.54,62.245167,19.7,6 / 25,19164,2022-01-10 17:04:51:693
-0.242273,-0.05324,0.11336,-0.648644,1.815086,9.615358,0.355585,-1.741311,-8.915759,0.752454,-0.303458,0.171503,41.0,7.425,-22.05,-29.55,191.5152,-5.4723,5.9212,5.0,32.04959,48.843956,2.353327,373.8807,NaN,0.54,62.245167,19.7,6 / 25,19167,2022-01-10 17:04:51:696
-0.242273,-0.05324,0.11336,-0.648644,1.815086,9.615358,0.355585,-1.741311,-8.915759,0.752454,-0.303458,0.171503,41.0,7.425,-22.05,-29.55,191.5152,-5.4723,5.9212,5.0,32.04959,48.843956,2.353327,373.8807,NaN,0.54,62.245167,19.7,6 / 25,19173,2022-01-10 17:04:51:702
-0.242273,-0.05324,0.11336,-0.648644,1.815086,9.615358,0.355585,-1.741311,-8.915759,0.752454,-0.303458,0.171503,41.0,7.425,-22.05,-29.55,191.5152,-5.4723,5.9212,5.0,32.04959,48.843956,2.353327,373.8807,NaN,0.54,62.245167,19.7,6 / 25,19178,2022-01-10 17:04:51:707
-0.242273,-0.05324,0.11336,-0.648644,1.815086,9.615358,0.355585,-1.741311,-8.915759,0.752454,-0.303458,0.171503,41.0,7.425,-22.05,-29.55,191.5152,-5.4723,5.9212,5.0,32.04959,48.843956,2.353327,373.8807,NaN,0.54,62.245167,19.7,6 / 25,19183,2022-01-10 17:04:51:712
-0.242273,-0.05324,0.11336,-0.648644,1.815086,9.615358,0.355585,-1.741311,-8.915759,0.752454,-0.303458,0.171503,41.0,7.425,-22.05,-29.55,191.5152,-5.4723,5.9212,5.0,32.04959,48.843956,2.353327,373.8807,NaN,0.54,62.245167,19.7,6 / 25,19188,2022-01-10 17:04:51:717
-0.242273,-0.05324,0.11336,-0.648644,1.815086,9.615358,0.355585,-1.741311,-8.915759,0.752454,-0.303458,0.171503,41.0,7.425,-22.05,-29.55,191.5152,-5.4723,5.9212,5.0,32.04959,48.843956,2.353327,373.8807,NaN,0.54,62.245167,19.7,6 / 25,19194,2022-01-10 17:04:51:723
-0.242273,-0.05324,0.11336,-0.648644,1.815086,9.615358,0.355585,-1.741311,-8.915759,0.752454,-0.303458,0.171503,41.0,7.425,-22.05,-29.55,191.5152,-5.4723,5.9212,5.0,32.04959,48.843956,2.353327,373.8807,NaN,0.54,62.245167,19.7,6 / 25,19198,2022-01-10 17:04:51:727
-0.242273,-0.05324,0.11336,-0.648644,1.815086,9.615358,0.355585,-1.741311,-8.915759,0.752454,-0.303458,0.171503,41.0,7.425,-22.05,-29.55,191.5152,-5.4723,5.9212,5.0,32.04959,48.843956,2.353327,373.8807,NaN,0.54,62.245167,19.7,6 / 25,19202,2022-01-10 17:04:51:731
-0.242273,-0.05324,0.11336,-0.648644,1.815086,9.615358,0.355585,-1.741311,-8.915759,0.752454,-0.303458,0.171503,41.0,7.425,-22.05,-29.55,191.5152,-5.4723,5.9212,5.0,32.04959,48.843956,2.353327,373.8807,NaN,0.54,62.245167,19.7,6 / 25,19208,2022-01-10 17:04:51:737
-0.242273,-0.05324,0.11336,-0.648644,1.815086,9.615358,0.355585,-1.741311,-8.915759,0.752454,-0.303458,0.171503,41.0,7.425,-22.05,-29.55,191.5152,-5.4723,5.9212,5.0,32.04959,48.843956,2.353327,373.8807,NaN,0.54,62.245167,19.7,6 / 25,19212,2022-01-10 17:04:51:741
-0.242273,-0.05324,0.11336,-0.648644,1.815086,9.615358,0.355585,-1.741311,-8.915759,0.752454,-0.303458,0.171503,41.0,7.425,-22.05,-29.55,191.5152,-5.4723,5.9212,5.0,32.04959,48.843956,2.353327,373.8807,NaN,0.54,62.245167,19.7,6 / 25,19218,2022-01-10 17:04:51:747
1.978266,-2.508575,57.21927,-0.648644,1.815086,9.615358,0.355585,-1.741311,-8.915759,0.752454,-0.303458,0.171503,41.0,7.425,-22.05,-29.55,191.5152,-5.4723,5.9212,5.0,32.04959,48.843956,2.353327,373.8807,NaN,0.54,62.245167,19.7,6 / 25,19223,2022-01-10 17:04:51:752
1.978266,-2.508575,57.21927,-0.648644,1.815086,9.615358,0.355585,-1.741311,-8.915759,0.752454,-0.303458,0.171503,41.0,7.425,-22.05,-29.55,191.5152,-5.4723,5.9212,5.0,32.04959,48.843956,2.353327,373.8807,NaN,0.54,62.245167,19.7,6 / 25,19227,2022-01-10 17:04:51:756
1.978266,-2.508575,57.21927,-0.648644,1.815086,9.615358,0.355585,-1.741311,-8.915759,0.752454,-0.303458,0.171503,41.0,7.425,-22.05,-29.55,191.5152,-5.4723,5.9212,5.0,32.04959,48.843956,2.353327,373.8807,NaN,0.54,62.245167,19.7,6 / 25,19232,2022-01-10 17:04:51:761
1.978266,-2.508575,57.21927,-0.648644,1.815086,9.615358,0.355585,-1.741311,-8.915759,0.752454,-0.303458,0.171503,41.0,7.425,-22.05,-29.55,191.5152,-5.4723,5.9212,5.0,32.04959,48.843956,2.353327,373.8807,NaN,0.54,62.245167,19.7,6 / 25,19237,2022-01-10 17:04:51:766
1.978266,-2.508575,57.21927,-0.648644,1.815086,9.615358,0.355585,-1.741311,-8.915759,0.752454,-0.303458,0.171503,41.0,7.425,-22.05,-29.55,191.5152,-5.4723,5.9212,5.0,32.04959,48.843956,2.353327,373.8807,NaN,0.54,62.245167,19.7,6 / 25,19243,2022-01-10 17:04:51:772
1.978266,-2.508575,57.21927,-0.648644,1.815086,9.615358,0.355585,-1.741311,-8.915759,0.752454,-0.303458,0.171503,41.0,7.425,-22.05,-29.55,191.5152,-5.4723,5.9212,5.0,32.04959,48.843956,2.353327,373.8807,NaN,0.54,62.245167,19.7,6 / 25,19248,2022-01-10 17:04:51:777
1.978266,-2.508575,57.21927,-0.648644,1.815086,9.615358,0.355585,-1.741311,-8.915759,0.752454,-0.303458,0.171503,41.0,7.275,-23.175,-28.575,196.344,-10.6662,3.8593,5.0,32.04959,48.843956,2.353327,373.8807,NaN,0.54,62.245167,19.7,6 / 25,19252,2022-01-10 17:04:51:781
1.978266,-2.508575,57.21927,-0.648644,1.815086,9.615358,0.355585,-1.741311,-8.915759,0.752454,-0.303458,0.171503,41.0,7.275,-23.175,-28.575,196.344,-10.6662,3.8593,5.0,32.04959,48.843956,2.353327,373.8807,NaN,0.54,62.245167,19.7,6 / 25,19258,2022-01-10 17:04:51:787
1.978266,-2.508575,57.21927,-0.648644,1.815086,9.615358,0.355585,-1.741311,-8.915759,0.752454,-0.303458,0.171503,41.0,7.275,-23.175,-28.575,196.344,-10.6662,3.8593,5.0,32.04959,48.843956,2.353327,373.8807,NaN,0.54,62.245167,19.7,6 / 25,19262,2022-01-10 17:04:51:791
1.978266,-2.508575,57.21927,-0.648644,1.815086,9.615358,0.355585,-1.741311,-8.915759,0.752454,-0.303458,0.171503,41.0,7.275,-23.175,-28.575,196.344,-10.6662,3.8593,5.0,32.04959,48.843956,2.353327,373.8807,NaN,0.54,62.245167,19.7,6 / 25,19267,2022-01-10 17:04:51:796
1.978266,-2.508575,57.21927,-0.648644,1.815086,9.615358,0.355585,-1.741311,-8.915759,0.752454,-0.303458,0.171503,41.0,7.275,-23.175,-28.575,196.344,-10.6662,3.8593,5.0,32.04959,48.843956,2.353327,373.8807,NaN,0.54,62.245167,19.7,6 / 25,19273,2022-01-10 17:04:51:802
1.978266,-2.508575,57.21927,-0.648644,1.815086,9.615358,0.355585,-1.741311,-8.915759,0.752454,-0.303458,0.171503,41.0,7.275,-23.175,-28.575,196.344,-10.6662,3.8593,5.0,32.04959,48.843956,2.353327,373.8807,NaN,0.54,62.245167,19.7,6 / 25,19278,2022-01-10 17:04:51:807
1.978266,-2.508575,57.21927,-0.648644,1.815086,9.615358,0.355585,-1.741311,-8.915759,0.752454,-0.303458,0.171503,41.0,7.275,-23.175,-28.575,196.344,-10.6662,3.8593,5.0,32.04959,48.843956,2.353327,373.8807,NaN,0.54,62.245167,19.7,6 / 25,19282,2022-01-10 17:04:51:811
1.978266,-2.508575,57.21927,-0.648644,1.815086,9.615358,0.355585,-1.741311,-8.915759,0.752454,-0.303458,0.171503,34.0,7.275,-23.175,-28.575,196.344,-10.6662,3.8593,5.0,32.04959,48.843956,2.353327,373.8807,NaN,0.54,62.245167,19.7,6 / 25,19287,2022-01-10 17:04:51:816
1.978266,-2.508575,57.21927,-0.291815,2.694388,9.424727,2.10991,-7.795832,17.856323,6.364235,1.098655,0.244471,34.0,7.275,-23.175,-28.575,196.344,-10.6662,3.8593,5.0,32.04959,48.843956,2.353327,373.8807,NaN,0.54,62.245167,19.7,6 / 25,19293,2022-01-10 17:04:51:822
1.978266,-2.508575,57.21927,-0.291815,2.694388,9.424727,2.10991,-7.795832,17.856323,6.364235,1.098655,0.244471,34.0,7.275,-23.175,-28.575,196.344,-10.6662,3.8593,5.0,32.04959,48.843956,2.353327,373.8807,NaN,0.54,62.245167,19.7,6 / 25,19297,2022-01-10 17:04:51:826
1.978266,-2.508575,57.21927,-0.291815,2.694388,9.424727,2.10991,-7.795832,17.856323,6.364235,1.098655,0.244471,34.0,7.275,-23.175,-28.575,196.344,-10.6662,3.8593,5.0,32.04959,48.843956,2.353327,373.8807,NaN,0.54,62.245167,19.7,6 / 25,19302,2022-01-10 17:04:51:831
1.978266,-2.508575,57.21927,-0.291815,2.694388,9.424727,2.10991,-7.795832,17.856323,6.364235,1.098655,0.244471,34.0,7.275,-23.175,-28.575,196.344,-10.6662,3.8593,5.0,32.04959,48.843956,2.353327,373.8807,NaN,0.54,62.245167,19.7,6 / 25,19308,2022-01-10 17:04:51:837
1.978266,-2.508575,57.21927,-0.291815,2.694388,9.424727,2.10991,-7.795832,17.856323,6.364235,1.098655,0.244471,34.0,7.275,-23.175,-28.575,196.344,-10.6662,3.8593,5.0,32.04959,48.843956,2.353327,373.8807,NaN,0.54,62.245167,19.7,6 / 25,19316,2022-01-10 17:04:51:845
1.978266,-2.508575,57.21927,-0.291815,2.694388,9.424727,2.10991,-7.795832,17.856323,6.364235,1.098655,0.244471,34.0,7.275,-23.175,-28.575,196.344,-10.6662,3.8593,5.0,32.04959,48.843956,2.353327,373.8807,NaN,0.54,62.245167,19.7,6 / 25,19318,2022-01-10 17:04:51:847
1.978266,-2.508575,57.21927,-0.291815,2.694388,9.424727,2.10991,-7.795832,17.856323,6.364235,1.098655,0.244471,34.0,7.275,-23.175,-28.575,196.344,-10.6662,3.8593,5.0,32.04959,48.843956,2.353327,373.8807,NaN,0.54,62.245167,19.7,6 / 25,19322,2022-01-10 17:04:51:851
1.978266,-2.508575,57.21927,-0.291815,2.694388,9.424727,2.10991,-7.795832,17.856323,6.364235,1.098655,0.244471,34.0,7.275,-23.175,-28.575,196.344,-10.6662,3.8593,5.0,32.04959,48.843956,2.353327,373.8807,NaN,0.54,62.245167,19.7,6 / 25,19327,2022-01-10 17:04:51:856
-0.617348,1.159024,-3.212663,-0.291815,2.694388,9.424727,2.10991,-7.795832,17.856323,6.364235,1.098655,0.244471,34.0,7.275,-23.175,-28.575,196.344,-10.6662,3.8593,5.0,32.04959,48.843956,2.353327,373.8807,NaN,0.54,62.245167,19.7,6 / 25,19333,2022-01-10 17:04:51:862
-0.617348,1.159024,-3.212663,-0.291815,2.694388,9.424727,2.10991,-7.795832,17.856323,6.364235,1.098655,0.244471,34.0,7.275,-23.175,-28.575,196.344,-10.6662,3.8593,5.0,32.04959,48.843956,2.353327,373.8807,NaN,0.54,62.245167,19.7,6 / 25,19337,2022-01-10 17:04:51:866
-0.617348,1.159024,-3.212663,-0.291815,2.694388,9.424727,2.10991,-7.795832,17.856323,6.364235,1.098655,0.244471,34.0,7.275,-23.175,-28.575,196.344,-10.6662,3.8593,5.0,32.04959,48.843956,2.353327,373.8807,NaN,0.54,62.245167,19.7,6 / 25,19343,2022-01-10 17:04:51:872
-0.617348,1.159024,-3.212663,-0.291815,2.694388,9.424727,2.10991,-7.795832,17.856323,6.364235,1.098655,0.244471,34.0,7.275,-23.175,-28.575,196.344,-10.6662,3.8593,5.0,32.04959,48.843956,2.353327,373.8807,NaN,0.54,62.245167,19.7,6 / 25,19347,2022-01-10 17:04:51:876
-0.617348,1.159024,-3.212663,-0.291815,2.694388,9.424727,2.10991,-7.795832,17.856323,6.364235,1.098655,0.244471,34.0,7.275,-23.175,-28.575,196.344,-10.6662,3.8593,5.0,32.04959,48.843956,2.353327,373.8807,NaN,0.54,62.245167,19.7,6 / 25,19353,2022-01-10 17:04:51:882
-0.617348,1.159024,-3.212663,-0.291815,2.694388,9.424727,2.10991,-7.795832,17.856323,6.364235,1.098655,0.244471,34.0,7.275,-23.175,-28.575,196.344,-10.6662,3.8593,5.0,32.04959,48.843956,2.353327,373.8807,NaN,0.54,62.245167,19.7,6 / 25,19358,2022-01-10 17:04:51:887
-0.617348,1.159024,-3.212663,-0.291815,2.694388,9.424727,2.10991,-7.795832,17.856323,6.364235,1.098655,0.244471,34.0,7.275,-23.175,-28.575,196.344,-10.6662,3.8593,5.0,32.04959,48.843956,2.353327,373.8807,NaN,0.54,62.245167,19.7,6 / 25,19362,2022-01-10 17:04:51:891
-0.617348,1.159024,-3.212663,-0.291815,2.694388,9.424727,2.10991,-7.795832,17.856323,6.364235,1.098655,0.244471,34.0,7.275,-23.175,-28.575,196.344,-10.6662,3.8593,5.0,32.04959,48.843956,2.353327,373.8807,NaN,0.54,62.245167,19.7,6 / 25,19367,2022-01-10 17:04:51:896
-0.617348,1.159024,-3.212663,-0.291815,2.694388,9.424727,2.10991,-7.795832,17.856323,6.364235,1.098655,0.244471,34.0,7.275,-23.175,-28.575,196.344,-10.6662,3.8593,5.0,32.04959,48.843956,2.353327,373.8807,NaN,0.54,62.245167,19.7,6 / 25,19373,2022-01-10 17:04:51:902
-0.617348,1.159024,-3.212663,-0.291815,2.694388,9.424727,2.10991,-7.795832,17.856323,6.364235,1.098655,0.244471,34.0,7.275,-23.175,-28.575,196.344,-10.6662,3.8593,5.0,32.04959,48.843956,2.353327,373.8807,NaN,0.54,62.245167,19.7,6 / 25,19377,2022-01-10 17:04:51:906
-0.617348,1.159024,-3.212663,-0.291815,2.694388,9.424727,2.10991,-7.795832,17.856323,6.364235,1.098655,0.244471,34.0,7.275,-23.175,-28.575,196.344,-10.6662,3.8593,5.0,32.04959,48.843956,2.353327,373.8807,NaN,0.54,62.245167,19.7,6 / 25,19382,2022-01-10 17:04:51:911
-0.617348,1.159024,-3.212663,-0.291815,2.694388,9.424727,2.10991,-7.795832,17.856323,6.364235,1.098655,0.244471,34.0,7.275,-23.175,-28.575,196.344,-10.6662,3.8593,5.0,32.04959,48.843956,2.353327,373.8807,NaN,0.54,62.245167,19.7,6 / 25,19387,2022-01-10 17:04:51:916
-0.617348,1.159024,-3.212663,-0.291815,2.694388,9.424727,2.10991,-7.795832,17.856323,6.364235,1.098655,0.244471,34.0,7.275,-23.175,-28.575,196.344,-10.6662,3.8593,5.0,32.04959,48.843956,2.353327,373.8807,NaN,0.54,62.245167,19.7,6 / 25,19392,2022-01-10 17:04:51:921
-0.617348,1.159024,-3.212663,-0.291815,2.694388,9.424727,2.10991,-7.795832,17.856323,6.364235,1.098655,0.244471,34.0,6.675,-26.175,-25.575,199.1813,-15.9472,1.7735,5.0,32.04959,48.843956,2.353327,373.8807,NaN,0.54,62.245167,19.7,6 / 25,19397,2022-01-10 17:04:51:926
-0.617348,1.159024,-3.212663,-0.291815,2.694388,9.424727,2.10991,-7.795832,17.856323,6.364235,1.098655,0.244471,34.0,6.675,-26.175,-25.575,199.1813,-15.9472,1.7735,5.0,32.04959,48.843956,2.353327,373.8807,NaN,0.54,62.245167,19.7,6 / 25,19403,2022-01-10 17:04:51:932
-0.617348,1.159024,-3.212663,0.403091,2.662183,9.429776,-0.519775,-0.008346,-9.945443,6.364235,1.098655,0.244471,34.0,6.675,-26.175,-25.575,199.1813,-15.9472,1.7735,5.0,32.04959,48.843956,2.353327,373.8807,NaN,0.54,62.245167,19.7,6 / 25,19408,2022-01-10 17:04:51:937
-0.617348,1.159024,-3.212663,0.403091,2.662183,9.429776,-0.519775,-0.008346,-9.945443,6.364235,1.098655,0.244471,34.0,6.675,-26.175,-25.575,199.1813,-15.9472,1.7735,5.0,32.04959,48.843956,2.353327,373.8807,NaN,0.54,62.245167,19.7,6 / 25,19412,2022-01-10 17:04:51:941
-0.617348,1.159024,-3.212663,0.403091,2.662183,9.429776,-0.519775,-0.008346,-9.945443,6.364235,1.098655,0.244471,34.0,6.675,-26.175,-25.575,199.1813,-15.9472,1.7735,5.0,32.04959,48.843956,2.353327,373.8807,NaN,0.54,62.245167,19.7,6 / 25,19417,2022-01-10 17:04:51:946
-0.617348,1.159024,-3.212663,0.403091,2.662183,9.429776,-0.519775,-0.008346,-9.945443,6.364235,1.098655,0.244471,34.0,6.675,-26.175,-25.575,199.1813,-15.9472,1.7735,5.0,32.04959,48.843956,2.353327,373.8807,NaN,0.54,62.245167,19.7,6 / 25,19423,2022-01-10 17:04:51:952
0.192323,-3.599702,24.185455,0.403091,2.662183,9.429776,-0.519775,-0.008346,-9.945443,-6.932936,0.716502,0.114912,34.0,6.675,-26.175,-25.575,199.1813,-15.9472,1.7735,5.0,32.04959,48.843956,2.353327,373.8807,NaN,0.54,62.245167,19.7,6 / 25,19427,2022-01-10 17:04:51:956
0.192323,-3.599702,24.185455,0.403091,2.662183,9.429776,-0.519775,-0.008346,-9.945443,-6.932936,0.716502,0.114912,34.0,6.675,-26.175,-25.575,199.1813,-15.9472,1.7735,5.0,32.04959,48.843956,2.353327,373.8807,NaN,0.54,62.245167,19.7,6 / 25,19434,2022-01-10 17:04:51:963
0.192323,-3.599702,24.185455,0.403091,2.662183,9.429776,-0.519775,-0.008346,-9.945443,-6.932936,0.716502,0.114912,34.0,6.675,-26.175,-25.575,199.1813,-15.9472,1.7735,5.0,32.04959,48.843956,2.353327,373.8807,NaN,0.54,62.245167,19.7,6 / 25,19438,2022-01-10 17:04:51:967
0.192323,-3.599702,24.185455,0.403091,2.662183,9.429776,-0.519775,-0.008346,-9.945443,-6.932936,0.716502,0.114912,34.0,6.675,-26.175,-25.575,199.1813,-15.9472,1.7735,5.0,32.04959,48.843956,2.353327,373.8807,NaN,0.54,62.245167,19.7,6 / 25,19442,2022-01-10 17:04:51:971
0.192323,-3.599702,24.185455,0.403091,2.662183,9.429776,-0.519775,-0.008346,-9.945443,-6.932936,0.716502,0.114912,34.0,6.675,-26.175,-25.575,199.1813,-15.9472,1.7735,5.0,32.04959,48.843956,2.353327,373.8807,NaN,0.54,62.245167,19.7,6 / 25,19448,2022-01-10 17:04:51:977
0.192323,-3.599702,24.185455,0.403091,2.662183,9.429776,-0.519775,-0.008346,-9.945443,-6.932936,0.716502,0.114912,34.0,6.675,-26.175,-25.575,199.1813,-15.9472,1.7735,5.0,32.04959,48.843956,2.353327,373.8807,NaN,0.54,62.245167,19.7,6 / 25,19452,2022-01-10 17:04:51:981
0.192323,-3.599702,24.185455,0.403091,2.662183,9.429776,-0.519775,-0.008346,-9.945443,-6.932936,0.716502,0.114912,34.0,6.675,-26.175,-25.575,199.1813,-15.9472,1.7735,5.0,32.04959,48.843956,2.353327,373.8807,NaN,0.54,62.245167,19.7,6 / 25,19457,2022-01-10 17:04:51:986
0.192323,-3.599702,24.185455,0.403091,2.662183,9.429776,-0.519775,-0.008346,-9.945443,-6.932936,0.716502,0.114912,74.0,6.675,-26.175,-25.575,199.1813,-15.9472,1.7735,5.0,59.19448,48.843956,2.353327,373.8807,NaN,0.54,62.245167,19.7,6 / 25,19463,2022-01-10 17:04:51:992
0.192323,-3.599702,24.185455,0.403091,2.662183,9.429776,-0.519775,-0.008346,-9.945443,-6.932936,0.716502,0.114912,74.0,6.675,-26.175,-25.575,199.1813,-15.9472,1.7735,5.0,59.19448,48.843956,2.353327,373.8807,NaN,0.54,62.245167,19.7,6 / 25,19467,2022-01-10 17:04:51:996
0.192323,-3.599702,24.185455,0.403091,2.662183,9.429776,-0.519775,-0.008346,-9.945443,-6.932936,0.716502,0.114912,74.0,6.675,-26.175,-25.575,199.1813,-15.9472,1.7735,5.0,59.19448,48.843956,2.353327,373.8807,NaN,0.54,62.245167,19.7,6 / 25,19473,2022-01-10 17:04:52:002
0.192323,-3.599702,24.185455,0.403091,2.662183,9.429776,-0.519775,-0.008346,-9.945443,-6.932936,0.716502,0.114912,74.0,6.675,-26.175,-25.575,199.1813,-15.9472,1.7735,5.0,59.19448,48.843956,2.353327,373.8807,NaN,0.54,62.245167,19.7,6 / 25,19478,2022-01-10 17:04:52:007
0.192323,-3.599702,24.185455,0.403091,2.662183,9.429776,-0.519775,-0.008346,-9.945443,-6.932936,0.716502,0.114912,74.0,6.675,-26.175,-25.575,199.1813,-15.9472,1.7735,5.0,59.19448,48.843956,2.353327,373.8807,NaN,0.54,62.245167,19.7,6 / 25,19483,2022-01-10 17:04:52:012
0.192323,-3.599702,24.185455,0.403091,2.662183,9.429776,-0.519775,-0.008346,-9.945443,-6.932936,0.716502,0.114912,74.0,6.675,-26.175,-25.575,199.1813,-15.9472,1.7735,5.0,59.19448,48.843956,2.353327,373.8807,NaN,0.54,62.245167,19.7,6 / 25,19487,2022-01-10 17:04:52:016
0.192323,-3.599702,24.185455,0.403091,2.662183,9.429776,-0.519775,-0.008346,-9.945443,-6.932936,0.716502,0.114912,74.0,6.675,-26.175,-25.575,199.1813,-15.9472,1.7735,5.0,59.19448,48.843956,2.353327,373.8807,NaN,0.54,62.245167,19.7,6 / 25,19493,2022-01-10 17:04:52:022
0.192323,-3.599702,24.185455,0.403091,2.662183,9.429776,-0.519775,-0.008346,-9.945443,-6.932936,0.716502,0.114912,74.0,6.675,-26.175,-25.575,199.1813,-15.9472,1.7735,5.0,59.19448,48.843956,2.353327,373.8807,NaN,0.54,62.245167,19.7,6 / 25,19497,2022-01-10 17:04:52:026
0.192323,-3.599702,24.185455,0.403091,2.662183,9.429776,-0.519775,-0.008346,-9.945443,-6.932936,0.716502,0.114912,74.0,6.675,-26.175,-25.575,199.1813,-15.9472,1.7735,5.0,59.19448,48.843956,2.353327,373.8807,NaN,0.54,62.245167,19.7,6 / 25,19503,2022-01-10 17:04:52:032
0.192323,-3.599702,24.185455,0.403091,2.662183,9.429776,-0.519775,-0.008346,-9.945443,-6.932936,0.716502,0.114912,74.0,6.675,-26.175,-25.575,199.1813,-15.9472,1.7735,5.0,59.19448,48.843956,2.353327,373.8807,NaN,0.54,62.245167,19.7,6 / 25,19509,2022-01-10 17:04:52:038
0.192323,-3.599702,24.185455,0.403091,2.662183,9.429776,-0.519775,-0.008346,-9.945443,-6.932936,0.716502,0.114912,74.0,6.675,-26.175,-25.575,199.1813,-15.9472,1.7735,5.0,59.19448,48.843956,2.353327,373.8807,NaN,0.54,62.245167,19.7,6 / 25,19512,2022-01-10 17:04:52:041
0.192323,-3.599702,24.185455,0.403091,2.662183,9.429776,-0.519775,-0.008346,-9.945443,-6.932936,0.716502,0.114912,74.0,6.675,-26.175,-25.575,199.1813,-15.9472,1.7735,5.0,59.19448,48.843956,2.353327,373.8807,NaN,0.54,62.245167,19.7,6 / 25,19517,2022-01-10 17:04:52:046
0.192323,-3.599702,24.185455,0.403091,2.662183,9.429776,-0.519775,-0.008346,-9.945443,-6.932936,0.716502,0.114912,74.0,6.675,-26.175,-25.575,199.1813,-15.9472,1.7735,5.0,59.19448,48.843956,2.353327,373.8807,NaN,0.54,62.245167,19.7,6 / 25,19523,2022-01-10 17:04:52:052
0.192323,-3.599702,24.185455,0.403091,2.662183,9.429776,-0.519775,-0.008346,-9.945443,-6.932936,0.716502,0.114912,74.0,6.675,-26.175,-25.575,199.1813,-15.9472,1.7735,5.0,59.19448,48.843956,2.353327,373.8807,NaN,0.54,62.245167,19.7,6 / 25,19528,2022-01-10 17:04:52:057
0.192323,-3.599702,24.185455,0.403091,2.662183,9.429776,-0.519775,-0.008346,-9.945443,-6.932936,0.716502,0.114912,74.0,6.675,-26.175,-25.575,199.1813,-15.9472,1.7735,5.0,59.19448,48.843956,2.353327,373.8807,NaN,0.54,62.245167,19.7,6 / 25,19533,2022-01-10 17:04:52:062
-0.27338,0.416351,0.818944,0.403091,2.662183,9.429776,-0.519775,-0.008346,-9.945443,-6.932936,0.716502,0.114912,74.0,6.075,-26.475,-25.2,201.0889,-15.7516,-2.4477,5.0,59.19448,48.843956,2.353327,373.8807,NaN,0.54,62.245167,19.7,6 / 25,19538,2022-01-10 17:04:52:067
-0.27338,0.416351,0.818944,0.045489,0.174814,9.804986,0.507235,-3.606896,17.255219,-6.932936,0.716502,0.114912,74.0,6.075,-26.475,-25.2,201.0889,-15.7516,-2.4477,5.0,59.19448,48.843956,2.353327,373.8807,NaN,0.54,62.245167,19.7,6 / 25,19543,2022-01-10 17:04:52:072
-0.27338,0.416351,0.818944,0.045489,0.174814,9.804986,0.507235,-3.606896,17.255219,-6.932936,0.716502,0.114912,74.0,6.075,-26.475,-25.2,201.0889,-15.7516,-2.4477,5.0,59.19448,48.843956,2.353327,373.8807,NaN,0.54,62.245167,19.7,6 / 25,19548,2022-01-10 17:04:52:077
-0.27338,0.416351,0.818944,0.045489,0.174814,9.804986,0.507235,-3.606896,17.255219,-6.932936,0.716502,0.114912,74.0,6.075,-26.475,-25.2,201.0889,-15.7516,-2.4477,5.0,59.19448,48.843956,2.353327,373.8807,NaN,0.54,62.245167,19.7,6 / 25,19553,2022-01-10 17:04:52:082
-0.27338,0.416351,0.818944,0.045489,0.174814,9.804986,0.507235,-3.606896,17.255219,-6.932936,0.716502,0.114912,74.0,6.075,-26.475,-25.2,201.0889,-15.7516,-2.4477,5.0,59.19448,48.843956,2.353327,373.8807,NaN,0.54,62.245167,19.7,6 / 25,19558,2022-01-10 17:04:52:087
-0.27338,0.416351,0.818944,0.045489,0.174814,9.804986,0.507235,-3.606896,17.255219,-6.932936,0.716502,0.114912,74.0,6.075,-26.475,-25.2,201.0889,-15.7516,-2.4477,5.0,59.19448,48.843956,2.353327,373.8807,NaN,0.54,62.245167,19.7,6 / 25,19563,2022-01-10 17:04:52:092
-0.27338,0.416351,0.818944,0.045489,0.174814,9.804986,0.507235,-3.606896,17.255219,-6.932936,0.716502,0.114912,74.0,6.075,-26.475,-25.2,201.0889,-15.7516,-2.4477,5.0,59.19448,48.843956,2.353327,373.8807,NaN,0.54,62.245167,19.7,6 / 25,19568,2022-01-10 17:04:52:097
-0.27338,0.416351,0.818944,0.045489,0.174814,9.804986,0.507235,-3.606896,17.255219,-6.932936,0.716502,0.114912,74.0,6.075,-26.475,-25.2,201.0889,-15.7516,-2.4477,5.0,59.19448,48.843956,2.353327,373.8807,NaN,0.54,62.245167,19.7,6 / 25,19572,2022-01-10 17:04:52:101
-0.27338,0.416351,0.818944,0.045489,0.174814,9.804986,0.507235,-3.606896,17.255219,-6.932936,0.716502,0.114912,74.0,6.075,-26.475,-25.2,201.0889,-15.7516,-2.4477,5.0,59.19448,48.843956,2.353327,373.8807,NaN,0.54,62.245167,19.7,6 / 25,19577,2022-01-10 17:04:52:106
-0.27338,0.416351,0.818944,0.045489,0.174814,9.804986,0.507235,-3.606896,17.255219,-1.08241,-0.396267,0.020373,74.0,6.075,-26.475,-25.2,201.0889,-15.7516,-2.4477,5.0,59.19448,48.843956,2.353327,373.8807,NaN,0.54,62.245167,19.7,6 / 25,19583,2022-01-10 17:04:52:112
-0.27338,0.416351,0.818944,0.045489,0.174814,9.804986,0.507235,-3.606896,17.255219,-1.08241,-0.396267,0.020373,74.0,6.075,-26.475,-25.2,201.0889,-15.7516,-2.4477,5.0,59.19448,48.843956,2.353327,373.8807,NaN,0.54,62.245167,19.7,6 / 25,19588,2022-01-10 17:04:52:117
-0.27338,0.416351,0.818944,0.045489,0.174814,9.804986,0.507235,-3.606896,17.255219,-1.08241,-0.396267,0.020373,74.0,6.075,-26.475,-25.2,201.0889,-15.7516,-2.4477,5.0,59.19448,48.843956,2.353327,373.8807,NaN,0.54,62.245167,19.7,6 / 25,19592,2022-01-10 17:04:52:121
-0.27338,0.416351,0.818944,0.045489,0.174814,9.804986,0.507235,-3.606896,17.255219,-1.08241,-0.396267,0.020373,74.0,6.075,-26.475,-25.2,201.0889,-15.7516,-2.4477,5.0,59.19448,48.843956,2.353327,373.8807,NaN,0.54,62.245167,19.7,6 / 25,19597,2022-01-10 17:04:52:126
-0.27338,0.416351,0.818944,0.045489,0.174814,9.804986,0.507235,-3.606896,17.255219,-1.08241,-0.396267,0.020373,74.0,6.075,-26.475,-25.2,201.0889,-15.7516,-2.4477,5.0,59.19448,48.843956,2.353327,373.8807,NaN,0.54,62.245167,19.7,6 / 25,19602,2022-01-10 17:04:52:131
-0.27338,0.416351,0.818944,0.045489,0.174814,9.804986,0.507235,-3.606896,17.255219,-1.08241,-0.396267,0.020373,74.0,6.075,-26.475,-25.2,201.0889,-15.7516,-2.4477,5.0,59.19448,48.843956,2.353327,373.8807,NaN,0.54,62.245167,19.7,6 / 25,19607,2022-01-10 17:04:52:136
-0.27338,0.416351,0.818944,0.045489,0.174814,9.804986,0.507235,-3.606896,17.255219,-1.08241,-0.396267,0.020373,74.0,6.075,-26.475,-25.2,201.0889,-15.7516,-2.4477,5.0,59.19448,48.843956,2.353327,373.8807,NaN,0.54,62.245167,19.7,6 / 25,19613,2022-01-10 17:04:52:142
-0.27338,0.416351,0.818944,0.045489,0.174814,9.804986,0.507235,-3.606896,17.255219,-1.08241,-0.396267,0.020373,74.0,6.075,-26.475,-25.2,201.0889,-15.7516,-2.4477,5.0,59.19448,48.843956,2.353327,373.8807,NaN,0.54,62.245167,19.7,6 / 25,19618,2022-01-10 17:04:52:147
-0.27338,0.416351,0.818944,0.045489,0.174814,9.804986,0.507235,-3.606896,17.255219,-1.08241,-0.396267,0.020373,74.0,6.075,-26.475,-25.2,201.0889,-15.7516,-2.4477,5.0,59.19448,48.843956,2.353327,373.8807,NaN,0.54,62.245167,19.7,6 / 25,19623,2022-01-10 17:04:52:152
-0.27338,0.416351,0.818944,0.045489,0.174814,9.804986,0.507235,-3.606896,17.255219,-1.08241,-0.396267,0.020373,74.0,6.075,-26.475,-25.2,201.0889,-15.7516,-2.4477,5.0,59.19448,48.843956,2.353327,373.8807,NaN,0.54,62.245167,19.7,6 / 25,19627,2022-01-10 17:04:52:156
-0.014656,-0.087936,9.064013,0.045489,0.174814,9.804986,0.507235,-3.606896,17.255219,-1.08241,-0.396267,0.020373,74.0,6.075,-26.475,-25.2,201.0889,-15.7516,-2.4477,5.0,59.19448,48.843956,2.353327,373.8807,NaN,0.54,62.245167,19.7,6 / 25,19633,2022-01-10 17:04:52:162
-0.014656,-0.087936,9.064013,0.045489,0.174814,9.804986,0.507235,-3.606896,17.255219,-1.08241,-0.396267,0.020373,74.0,6.075,-26.475,-25.2,201.0889,-15.7516,-2.4477,5.0,59.19448,48.843956,2.353327,373.8807,NaN,0.54,62.245167,19.7,6 / 25,19637,2022-01-10 17:04:52:166
-0.014656,-0.087936,9.064013,0.045489,0.174814,9.804986,0.507235,-3.606896,17.255219,-1.08241,-0.396267,0.020373,74.0,6.075,-26.475,-25.2,201.0889,-15.7516,-2.4477,5.0,59.19448,48.843956,2.353327,373.8807,NaN,0.54,62.245167,19.7,6 / 25,19643,2022-01-10 17:04:52:172
-0.014656,-0.087936,9.064013,0.045489,0.174814,9.804986,0.507235,-3.606896,17.255219,-1.08241,-0.396267,0.020373,74.0,6.075,-26.475,-25.2,201.0889,-15.7516,-2.4477,5.0,59.19448,48.843956,2.353327,373.8807,NaN,0.54,62.245167,19.7,6 / 25,19648,2022-01-10 17:04:52:177
-0.014656,-0.087936,9.064013,0.224732,-0.362257,9.79738,-0.013342,-0.179251,3.817315,-1.08241,-0.396267,0.020373,74.0,6.075,-26.475,-25.2,201.0889,-15.7516,-2.4477,5.0,59.19448,48.843956,2.353327,373.8807,NaN,0.54,62.245167,19.7,6 / 25,19652,2022-01-10 17:04:52:181
-0.014656,-0.087936,9.064013,0.224732,-0.362257,9.79738,-0.013342,-0.179251,3.817315,-1.08241,-0.396267,0.020373,74.0,5.475,-25.65,-25.725,191.7332,2.117,-1.314,5.0,59.19448,48.843956,2.353327,373.8807,NaN,0.54,62.245167,19.7,6 / 25,19658,2022-01-10 17:04:52:187
-0.014656,-0.087936,9.064013,0.224732,-0.362257,9.79738,-0.013342,-0.179251,3.817315,-1.08241,-0.396267,0.020373,74.0,5.475,-25.65,-25.725,191.7332,2.117,-1.314,5.0,59.19448,48.843956,2.353327,373.8807,NaN,0.54,62.245167,19.7,6 / 25,19663,2022-01-10 17:04:52:192
-0.014656,-0.087936,9.064013,0.224732,-0.362257,9.79738,-0.013342,-0.179251,3.817315,-1.08241,-0.396267,0.020373,74.0,5.475,-25.65,-25.725,191.7332,2.117,-1.314,5.0,59.19448,48.843956,2.353327,373.8807,NaN,0.54,62.245167,19.7,6 / 25,19667,2022-01-10 17:04:52:196
-0.014656,-0.087936,9.064013,0.224732,-0.362257,9.79738,-0.013342,-0.179251,3.817315,-1.08241,-0.396267,0.020373,74.0,5.475,-25.65,-25.725,191.7332,2.117,-1.314,5.0,59.19448,48.843956,2.353327,373.8807,NaN,0.54,62.245167,19.7,6 / 25,19672,2022-01-10 17:04:52:201
-0.014656,-0.087936,9.064013,0.224732,-0.362257,9.79738,-0.013342,-0.179251,3.817315,-1.08241,-0.396267,0.020373,74.0,5.475,-25.65,-25.725,191.7332,2.117,-1.314,5.0,59.19448,48.843956,2.353327,373.8807,NaN,0.54,62.245167,19.7,6 / 25,19677,2022-01-10 17:04:52:206
-0.014656,-0.087936,9.064013,0.224732,-0.362257,9.79738,-0.013342,-0.179251,3.817315,-1.08241,-0.396267,0.020373,74.0,5.475,-25.65,-25.725,191.7332,2.117,-1.314,5.0,59.19448,48.843956,2.353327,373.8807,NaN,0.54,62.245167,19.7,6 / 25,19683,2022-01-10 17:04:52:212
-0.014656,-0.087936,9.064013,0.224732,-0.362257,9.79738,-0.013342,-0.179251,3.817315,-1.08241,-0.396267,0.020373,74.0,5.475,-25.65,-25.725,191.7332,2.117,-1.314,5.0,59.19448,48.843956,2.353327,373.8807,NaN,0.54,62.245167,19.7,6 / 25,19687,2022-01-10 17:04:52:216
-0.014656,-0.087936,9.064013,0.224732,-0.362257,9.79738,-0.013342,-0.179251,3.817315,-1.08241,-0.396267,0.020373,74.0,5.475,-25.65,-25.725,191.7332,2.117,-1.314,5.0,59.19448,48.843956,2.353327,373.8807,NaN,0.54,62.245167,19.7,6 / 25,19693,2022-01-10 17:04:52:222
-0.014656,-0.087936,9.064013,0.224732,-0.362257,9.79738,-0.013342,-0.179251,3.817315,-1.08241,-0.396267,0.020373,74.0,5.475,-25.65,-25.725,191.7332,2.117,-1.314,5.0,59.19448,48.843956,2.353327,373.8807,NaN,0.54,62.245167,19.7,6 / 25,19698,2022-01-10 17:04:52:227
-0.014656,-0.087936,9.064013,0.224732,-0.362257,9.79738,-0.013342,-0.179251,3.817315,-1.08241,-0.396267,0.020373,74.0,5.475,-25.65,-25.725,191.7332,2.117,-1.314,5.0,59.19448,48.843956,2.353327,373.8807,NaN,0.54,62.245167,19.7,6 / 25,19703,2022-01-10 17:04:52:232
-0.014656,-0.087936,9.064013,0.224732,-0.362257,9.79738,-0.013342,-0.179251,3.817315,0.021305,0.015446,-5.33E-4,74.0,5.475,-25.65,-25.725,191.7332,2.117,-1.314,5.0,59.19448,48.843956,2.353327,373.8807,NaN,0.54,62.245167,19.7,6 / 25,19708,2022-01-10 17:04:52:237
-0.014656,-0.087936,9.064013,0.224732,-0.362257,9.79738,-0.013342,-0.179251,3.817315,0.021305,0.015446,-5.33E-4,74.0,5.475,-25.65,-25.725,191.7332,2.117,-1.314,5.0,59.19448,48.843956,2.353327,373.8807,NaN,0.54,62.245167,19.7,6 / 25,19712,2022-01-10 17:04:52:241
-0.014656,-0.087936,9.064013,0.224732,-0.362257,9.79738,-0.013342,-0.179251,3.817315,0.021305,0.015446,-5.33E-4,74.0,5.475,-25.65,-25.725,191.7332,2.117,-1.314,5.0,59.19448,48.843956,2.353327,373.8807,NaN,0.54,62.245167,19.7,6 / 25,19717,2022-01-10 17:04:52:246
-0.014656,-0.087936,9.064013,0.224732,-0.362257,9.79738,-0.013342,-0.179251,3.817315,0.021305,0.015446,-5.33E-4,74.0,5.475,-25.65,-25.725,191.7332,2.117,-1.314,5.0,59.19448,48.843956,2.353327,373.8807,NaN,0.54,62.245167,19.7,6 / 25,19723,2022-01-10 17:04:52:252
-0.014656,-0.087936,9.064013,0.224732,-0.362257,9.79738,-0.013342,-0.179251,3.817315,0.021305,0.015446,-5.33E-4,74.0,5.475,-25.65,-25.725,191.7332,2.117,-1.314,5.0,59.19448,48.843956,2.353327,373.8807,NaN,0.54,62.245167,19.7,6 / 25,19728,2022-01-10 17:04:52:257
-0.014656,-0.087936,9.064013,0.224732,-0.362257,9.79738,-0.013342,-0.179251,3.817315,0.021305,0.015446,-5.33E-4,74.0,5.475,-25.65,-25.725,191.7332,2.117,-1.314,5.0,59.19448,48.843956,2.353327,373.8807,NaN,0.54,62.245167,19.7,6 / 25,19732,2022-01-10 17:04:52:261
-0.051745,-0.189631,9.821041,0.224732,-0.362257,9.79738,-0.013342,-0.179251,3.817315,0.021305,0.015446,-5.33E-4,74.0,5.475,-25.65,-25.725,191.7332,2.117,-1.314,5.0,59.19448,48.843956,2.353327,373.8807,NaN,0.54,62.245167,19.7,6 / 25,19737,2022-01-10 17:04:52:266
-0.051745,-0.189631,9.821041,0.224732,-0.362257,9.79738,-0.013342,-0.179251,3.817315,0.021305,0.015446,-5.33E-4,74.0,5.475,-25.65,-25.725,191.7332,2.117,-1.314,5.0,59.19448,48.843956,2.353327,373.8807,NaN,0.54,62.245167,19.7,6 / 25,19742,2022-01-10 17:04:52:271
-0.051745,-0.189631,9.821041,0.224732,-0.362257,9.79738,-0.013342,-0.179251,3.817315,0.021305,0.015446,-5.33E-4,74.0,5.475,-25.65,-25.725,191.7332,2.117,-1.314,5.0,59.19448,48.843956,2.353327,373.8807,NaN,0.54,62.245167,19.7,6 / 25,19747,2022-01-10 17:04:52:276
-0.051745,-0.189631,9.821041,0.224732,-0.362257,9.79738,-0.013342,-0.179251,3.817315,0.021305,0.015446,-5.33E-4,74.0,5.475,-25.65,-25.725,191.7332,2.117,-1.314,5.0,59.19448,48.843956,2.353327,373.8807,NaN,0.54,62.245167,19.7,6 / 25,19752,2022-01-10 17:04:52:281
-0.051745,-0.189631,9.821041,0.224732,-0.362257,9.79738,-0.013342,-0.179251,3.817315,0.021305,0.015446,-5.33E-4,74.0,5.475,-25.65,-25.725,191.7332,2.117,-1.314,5.0,59.19448,48.843956,2.353327,373.8807,NaN,0.54,62.245167,19.7,6 / 25,19757,2022-01-10 17:04:52:286
-0.051745,-0.189631,9.821041,0.224732,-0.362257,9.79738,-0.013342,-0.179251,3.817315,0.021305,0.015446,-5.33E-4,74.0,5.475,-25.65,-25.725,191.7332,2.117,-1.314,5.0,59.19448,48.843956,2.353327,373.8807,NaN,0.54,62.245167,19.7,6 / 25,19763,2022-01-10 17:04:52:292
-0.051745,-0.189631,9.821041,0.224732,-0.362257,9.79738,-0.013342,-0.179251,3.817315,0.021305,0.015446,-5.33E-4,74.0,5.475,-25.65,-25.725,191.7332,2.117,-1.314,5.0,59.19448,48.843956,2.353327,373.8807,NaN,0.54,62.245167,19.7,6 / 25,19768,2022-01-10 17:04:52:297
-0.051745,-0.189631,9.821041,0.224732,-0.362257,9.79738,-0.013342,-0.179251,3.817315,0.021305,0.015446,-5.33E-4,74.0,5.475,-25.65,-25.725,191.7332,2.117,-1.314,5.0,59.19448,48.843956,2.353327,373.8807,NaN,0.54,62.245167,19.7,6 / 25,19773,2022-01-10 17:04:52:302
-0.051745,-0.189631,9.821041,0.224732,-0.362257,9.79738,-0.013342,-0.179251,3.817315,0.021305,0.015446,-5.33E-4,74.0,5.475,-25.65,-25.725,191.7332,2.117,-1.314,5.0,59.19448,48.843956,2.353327,373.8807,NaN,0.54,62.245167,19.7,6 / 25,19778,2022-01-10 17:04:52:307
-0.051745,-0.189631,9.821041,0.208178,-0.345601,9.798347,-0.013342,-0.179251,3.817315,0.021305,0.015446,-5.33E-4,74.0,5.475,-25.65,-25.725,191.7332,2.117,-1.314,5.0,34.51201,48.843956,2.353327,373.8807,NaN,0.54,62.245167,19.7,6 / 25,19783,2022-01-10 17:04:52:312
-0.051745,-0.189631,9.821041,0.208178,-0.345601,9.798347,-0.163282,0.153435,0.752811,0.021305,0.015446,-5.33E-4,74.0,5.475,-25.65,-25.725,191.7332,2.117,-1.314,5.0,34.51201,48.843956,2.353327,373.8807,NaN,0.54,62.245167,19.7,6 / 25,19787,2022-01-10 17:04:52:316
-0.051745,-0.189631,9.821041,0.208178,-0.345601,9.798347,-0.163282,0.153435,0.752811,0.021305,0.015446,-5.33E-4,74.0,5.475,-25.65,-25.725,191.7332,2.117,-1.314,5.0,34.51201,48.843956,2.353327,373.8807,NaN,0.54,62.245167,19.7,6 / 25,19793,2022-01-10 17:04:52:322
-0.051745,-0.189631,9.821041,0.208178,-0.345601,9.798347,-0.163282,0.153435,0.752811,0.021305,0.015446,-5.33E-4,74.0,5.175,-24.6,-26.625,192.1276,2.0196,-1.2171,5.0,34.51201,48.843956,2.353327,373.8807,NaN,0.54,62.245167,19.7,6 / 25,19798,2022-01-10 17:04:52:327
-0.051745,-0.189631,9.821041,0.208178,-0.345601,9.798347,-0.163282,0.153435,0.752811,0.021305,0.015446,-5.33E-4,74.0,5.175,-24.6,-26.625,192.1276,2.0196,-1.2171,5.0,34.51201,48.843956,2.353327,373.8807,NaN,0.54,62.245167,19.7,6 / 25,19803,2022-01-10 17:04:52:332
-0.051745,-0.189631,9.821041,0.208178,-0.345601,9.798347,-0.163282,0.153435,0.752811,0.021305,0.015446,-5.33E-4,74.0,5.175,-24.6,-26.625,192.1276,2.0196,-1.2171,5.0,34.51201,48.843956,2.353327,373.8807,NaN,0.54,62.245167,19.7,6 / 25,19807,2022-01-10 17:04:52:336
-0.051745,-0.189631,9.821041,0.208178,-0.345601,9.798347,-0.163282,0.153435,0.752811,0.021305,0.015446,-5.33E-4,74.0,5.175,-24.6,-26.625,192.1276,2.0196,-1.2171,5.0,34.51201,48.843956,2.353327,373.8807,NaN,0.54,62.245167,19.7,6 / 25,19813,2022-01-10 17:04:52:342
-0.051745,-0.189631,9.821041,0.208178,-0.345601,9.798347,-0.163282,0.153435,0.752811,0.021305,0.015446,-5.33E-4,74.0,5.175,-24.6,-26.625,192.1276,2.0196,-1.2171,5.0,34.51201,48.843956,2.353327,373.8807,NaN,0.54,62.245167,19.7,6 / 25,19818,2022-01-10 17:04:52:347
-0.051745,-0.189631,9.821041,0.208178,-0.345601,9.798347,-0.163282,0.153435,0.752811,0.021305,0.015446,-5.33E-4,74.0,5.175,-24.6,-26.625,192.1276,2.0196,-1.2171,5.0,34.51201,48.843956,2.353327,373.8807,NaN,0.54,62.245167,19.7,6 / 25,19823,2022-01-10 17:04:52:352
-0.051745,-0.189631,9.821041,0.208178,-0.345601,9.798347,-0.163282,0.153435,0.752811,0.021305,0.015446,-5.33E-4,74.0,5.175,-24.6,-26.625,192.1276,2.0196,-1.2171,5.0,34.51201,48.843956,2.353327,373.8807,NaN,0.54,62.245167,19.7,6 / 25,19828,2022-01-10 17:04:52:357
-0.027817,-0.187238,9.712168,0.208178,-0.345601,9.798347,-0.163282,0.153435,0.752811,2.66E-4,1.33E-4,-1.33E-4,74.0,5.175,-24.6,-26.625,192.1276,2.0196,-1.2171,5.0,34.51201,48.843956,2.353327,373.8807,NaN,0.54,62.245167,19.7,6 / 25,19832,2022-01-10 17:04:52:361
-0.027817,-0.187238,9.712168,0.208178,-0.345601,9.798347,-0.163282,0.153435,0.752811,2.66E-4,1.33E-4,-1.33E-4,74.0,5.175,-24.6,-26.625,192.1276,2.0196,-1.2171,5.0,34.51201,48.843956,2.353327,373.8807,NaN,0.54,62.245167,19.7,6 / 25,19837,2022-01-10 17:04:52:366
-0.027817,-0.187238,9.712168,0.208178,-0.345601,9.798347,-0.163282,0.153435,0.752811,2.66E-4,1.33E-4,-1.33E-4,74.0,5.175,-24.6,-26.625,192.1276,2.0196,-1.2171,5.0,34.51201,48.843956,2.353327,373.8807,NaN,0.54,62.245167,19.7,6 / 25,19851,2022-01-10 17:04:52:380
-0.027817,-0.187238,9.712168,0.208178,-0.345601,9.798347,-0.163282,0.153435,0.752811,2.66E-4,1.33E-4,-1.33E-4,74.0,5.175,-24.6,-26.625,192.1276,2.0196,-1.2171,5.0,34.51201,48.843956,2.353327,373.8807,NaN,0.54,62.245167,19.7,6 / 25,19855,2022-01-10 17:04:52:384
-0.027817,-0.187238,9.712168,0.208178,-0.345601,9.798347,-0.163282,0.153435,0.752811,2.66E-4,1.33E-4,-1.33E-4,74.0,5.175,-24.6,-26.625,192.1276,2.0196,-1.2171,5.0,34.51201,48.843956,2.353327,373.8807,NaN,0.54,62.245167,19.7,6 / 25,19855,2022-01-10 17:04:52:384
-0.027817,-0.187238,9.712168,0.208178,-0.345601,9.798347,-0.163282,0.153435,0.752811,2.66E-4,1.33E-4,-1.33E-4,74.0,5.175,-24.6,-26.625,192.1276,2.0196,-1.2171,5.0,34.51201,48.843956,2.353327,373.8807,NaN,0.54,62.245167,19.7,6 / 25,19860,2022-01-10 17:04:52:389
-0.027817,-0.187238,9.712168,0.208178,-0.345601,9.798347,-0.163282,0.153435,0.752811,2.66E-4,1.33E-4,-1.33E-4,74.0,5.175,-24.6,-26.625,192.1276,2.0196,-1.2171,5.0,34.51201,48.843956,2.353327,373.8807,NaN,0.54,62.245167,19.7,6 / 25,19865,2022-01-10 17:04:52:394
-0.027817,-0.187238,9.712168,0.208178,-0.345601,9.798347,-0.163282,0.153435,0.752811,2.66E-4,1.33E-4,-1.33E-4,74.0,5.175,-24.6,-26.625,192.1276,2.0196,-1.2171,5.0,34.51201,48.843956,2.353327,373.8807,NaN,0.54,62.245167,19.7,6 / 25,19867,2022-01-10 17:04:52:396
-0.027817,-0.187238,9.712168,0.208178,-0.345601,9.798347,-0.163282,0.153435,0.752811,2.66E-4,1.33E-4,-1.33E-4,74.0,5.175,-24.6,-26.625,192.1276,2.0196,-1.2171,5.0,34.51201,48.843956,2.353327,373.8807,NaN,0.54,62.245167,19.7,6 / 25,19873,2022-01-10 17:04:52:402
-0.027817,-0.187238,9.712168,0.208178,-0.345601,9.798347,-0.163282,0.153435,0.752811,2.66E-4,1.33E-4,-1.33E-4,74.0,5.175,-24.6,-26.625,192.1276,2.0196,-1.2171,5.0,34.51201,48.843956,2.353327,373.8807,NaN,0.54,62.245167,19.7,6 / 25,19878,2022-01-10 17:04:52:407
-0.027817,-0.187238,9.712168,0.208178,-0.345601,9.798347,-0.163282,0.153435,0.752811,2.66E-4,1.33E-4,-1.33E-4,74.0,5.175,-24.6,-26.625,192.1276,2.0196,-1.2171,5.0,34.51201,48.843956,2.353327,373.8807,NaN,0.54,62.245167,19.7,6 / 25,19882,2022-01-10 17:04:52:411
-0.027817,-0.187238,9.712168,0.208178,-0.345601,9.798347,-0.163282,0.153435,0.752811,2.66E-4,1.33E-4,-1.33E-4,74.0,5.175,-24.6,-26.625,192.1276,2.0196,-1.2171,5.0,34.51201,48.843956,2.353327,373.8807,NaN,0.54,62.245167,19.7,6 / 25,19887,2022-01-10 17:04:52:416
-0.027817,-0.187238,9.712168,0.200119,-0.339119,9.798741,-0.163282,0.153435,0.752811,2.66E-4,1.33E-4,-1.33E-4,74.0,5.175,-24.6,-26.625,192.1276,2.0196,-1.2171,5.0,34.51201,48.843956,2.353327,373.8807,NaN,0.54,62.245167,19.7,6 / 25,19893,2022-01-10 17:04:52:422
-0.027817,-0.187238,9.712168,0.200119,-0.339119,9.798741,-0.189914,0.141525,0.686842,2.66E-4,1.33E-4,-1.33E-4,74.0,5.175,-24.6,-26.625,192.1276,2.0196,-1.2171,5.0,34.51201,48.843956,2.353327,373.8807,NaN,0.54,62.245167,19.7,6 / 25,19900,2022-01-10 17:04:52:429
-0.027817,-0.187238,9.712168,0.200119,-0.339119,9.798741,-0.189914,0.141525,0.686842,2.66E-4,1.33E-4,-1.33E-4,74.0,5.175,-24.6,-26.625,192.1276,2.0196,-1.2171,5.0,34.51201,48.843956,2.353327,373.8807,NaN,0.54,62.245167,19.7,6 / 25,19903,2022-01-10 17:04:52:432
-0.027817,-0.187238,9.712168,0.200119,-0.339119,9.798741,-0.189914,0.141525,0.686842,2.66E-4,1.33E-4,-1.33E-4,74.0,5.175,-24.6,-26.625,192.1276,2.0196,-1.2171,5.0,34.51201,48.843956,2.353327,373.8807,NaN,0.54,62.245167,19.7,6 / 25,19907,2022-01-10 17:04:52:436
-0.027817,-0.187238,9.712168,0.200119,-0.339119,9.798741,-0.189914,0.141525,0.686842,2.66E-4,1.33E-4,-1.33E-4,74.0,5.175,-24.6,-26.625,192.1276,2.0196,-1.2171,5.0,34.51201,48.843956,2.353327,373.8807,NaN,0.54,62.245167,19.7,6 / 25,19913,2022-01-10 17:04:52:442
-0.027817,-0.187238,9.712168,0.200119,-0.339119,9.798741,-0.189914,0.141525,0.686842,2.66E-4,1.33E-4,-1.33E-4,74.0,5.175,-24.6,-26.625,192.1276,2.0196,-1.2171,5.0,34.51201,48.843956,2.353327,373.8807,NaN,0.54,62.245167,19.7,6 / 25,19918,2022-01-10 17:04:52:447
-0.027817,-0.187238,9.712168,0.200119,-0.339119,9.798741,-0.189914,0.141525,0.686842,2.66E-4,1.33E-4,-1.33E-4,74.0,5.175,-24.6,-26.625,192.1276,2.0196,-1.2171,5.0,34.51201,48.843956,2.353327,373.8807,NaN,0.54,62.245167,19.7,6 / 25,19923,2022-01-10 17:04:52:452
-0.027817,-0.187238,9.712168,0.200119,-0.339119,9.798741,-0.189914,0.141525,0.686842,2.66E-4,1.33E-4,-1.33E-4,74.0,5.175,-24.6,-26.625,192.1276,2.0196,-1.2171,5.0,34.51201,48.843956,2.353327,373.8807,NaN,0.54,62.245167,19.7,6 / 25,19928,2022-01-10 17:04:52:457
-0.008674,-0.158524,9.716953,0.200119,-0.339119,9.798741,-0.189914,0.141525,0.686842,2.66E-4,1.33E-4,-1.33E-4,74.0,5.175,-21.6,-29.55,193.6993,1.9817,-1.17,5.0,34.51201,48.843956,2.353327,373.8807,NaN,0.54,62.245167,19.7,6 / 25,19933,2022-01-10 17:04:52:462
-0.008674,-0.158524,9.716953,0.200119,-0.339119,9.798741,-0.189914,0.141525,0.686842,2.66E-4,1.33E-4,-1.33E-4,74.0,5.175,-21.6,-29.55,193.6993,1.9817,-1.17,5.0,34.51201,48.843956,2.353327,373.8807,NaN,0.54,62.245167,19.7,6 / 25,19938,2022-01-10 17:04:52:467
-0.008674,-0.158524,9.716953,0.200119,-0.339119,9.798741,-0.189914,0.141525,0.686842,2.66E-4,1.33E-4,-1.33E-4,74.0,5.175,-21.6,-29.55,193.6993,1.9817,-1.17,5.0,34.51201,48.843956,2.353327,373.8807,NaN,0.54,62.245167,19.7,6 / 25,19944,2022-01-10 17:04:52:473
-0.008674,-0.158524,9.716953,0.200119,-0.339119,9.798741,-0.189914,0.141525,0.686842,2.66E-4,1.33E-4,-1.33E-4,74.0,5.175,-21.6,-29.55,193.6993,1.9817,-1.17,5.0,34.51201,48.843956,2.353327,373.8807,NaN,0.54,62.245167,19.7,6 / 25,19947,2022-01-10 17:04:52:476
-0.008674,-0.158524,9.716953,0.200119,-0.339119,9.798741,-0.189914,0.141525,0.686842,2.66E-4,1.33E-4,-1.33E-4,74.0,5.175,-21.6,-29.55,193.6993,1.9817,-1.17,5.0,34.51201,48.843956,2.353327,373.8807,NaN,0.54,62.245167,19.7,6 / 25,19953,2022-01-10 17:04:52:482
-0.008674,-0.158524,9.716953,0.200119,-0.339119,9.798741,-0.189914,0.141525,0.686842,2.66E-4,1.33E-4,-1.33E-4,74.0,5.175,-21.6,-29.55,193.6993,1.9817,-1.17,5.0,34.51201,48.843956,2.353327,373.8807,NaN,0.54,62.245167,19.7,6 / 25,19958,2022-01-10 17:04:52:487
-0.008674,-0.158524,9.716953,0.200119,-0.339119,9.798741,-0.189914,0.141525,0.686842,2.66E-4,1.33E-4,-1.33E-4,74.0,5.175,-21.6,-29.55,193.6993,1.9817,-1.17,5.0,34.51201,48.843956,2.353327,373.8807,NaN,0.54,62.245167,19.7,6 / 25,19964,2022-01-10 17:04:52:493
-0.008674,-0.158524,9.716953,0.200119,-0.339119,9.798741,-0.189914,0.141525,0.686842,-7.99E-4,-3.99E-4,-1.33E-4,74.0,5.175,-21.6,-29.55,193.6993,1.9817,-1.17,5.0,34.51201,48.843956,2.353327,373.8807,NaN,0.54,62.245167,19.7,6 / 25,19968,2022-01-10 17:04:52:497
-0.008674,-0.158524,9.716953,0.200119,-0.339119,9.798741,-0.189914,0.141525,0.686842,-7.99E-4,-3.99E-4,-1.33E-4,74.0,5.175,-21.6,-29.55,193.6993,1.9817,-1.17,5.0,34.51201,48.843956,2.353327,373.8807,NaN,0.54,62.245167,19.7,6 / 25,19973,2022-01-10 17:04:52:502
-0.008674,-0.158524,9.716953,0.200119,-0.339119,9.798741,-0.189914,0.141525,0.686842,-7.99E-4,-3.99E-4,-1.33E-4,74.0,5.175,-21.6,-29.55,193.6993,1.9817,-1.17,5.0,34.51201,48.843956,2.353327,373.8807,NaN,0.54,62.245167,19.7,6 / 25,19979,2022-01-10 17:04:52:508
-0.008674,-0.158524,9.716953,0.200119,-0.339119,9.798741,-0.189914,0.141525,0.686842,-7.99E-4,-3.99E-4,-1.33E-4,74.0,5.175,-21.6,-29.55,193.6993,1.9817,-1.17,5.0,34.51201,48.843956,2.353327,373.8807,NaN,0.54,62.245167,19.7,6 / 25,19982,2022-01-10 17:04:52:511
-0.008674,-0.158524,9.716953,0.200119,-0.339119,9.798741,-0.189914,0.141525,0.686842,-7.99E-4,-3.99E-4,-1.33E-4,74.0,5.175,-21.6,-29.55,193.6993,1.9817,-1.17,5.0,34.51201,48.843956,2.353327,373.8807,NaN,0.54,62.245167,19.7,6 / 25,19988,2022-01-10 17:04:52:517
-0.008674,-0.158524,9.716953,0.200119,-0.339119,9.798741,-0.189914,0.141525,0.686842,-7.99E-4,-3.99E-4,-1.33E-4,74.0,5.175,-21.6,-29.55,193.6993,1.9817,-1.17,5.0,34.51201,48.843956,2.353327,373.8807,NaN,0.54,62.245167,19.7,6 / 25,19994,2022-01-10 17:04:52:523
-0.008674,-0.158524,9.716953,0.200119,-0.339119,9.798741,-0.189914,0.141525,0.686842,-7.99E-4,-3.99E-4,-1.33E-4,74.0,5.175,-21.6,-29.55,193.6993,1.9817,-1.17,5.0,34.51201,48.843956,2.353327,373.8807,NaN,0.54,62.245167,19.7,6 / 25,19998,2022-01-10 17:04:52:527
-0.008674,-0.158524,9.716953,0.200119,-0.339119,9.798741,-0.189914,0.141525,0.686842,-7.99E-4,-3.99E-4,-1.33E-4,74.0,5.175,-21.6,-29.55,193.6993,1.9817,-1.17,5.0,34.51201,48.843956,2.353327,373.8807,NaN,0.54,62.245167,19.7,6 / 25,20003,2022-01-10 17:04:52:532
-0.008674,-0.158524,9.716953,0.200119,-0.339119,9.798741,-0.189914,0.141525,0.686842,-7.99E-4,-3.99E-4,-1.33E-4,74.0,5.175,-21.6,-29.55,193.6993,1.9817,-1.17,5.0,34.51201,48.843956,2.353327,373.8807,NaN,0.54,62.245167,19.7,6 / 25,20009,2022-01-10 17:04:52:538
-0.008674,-0.158524,9.716953,0.200119,-0.339119,9.798741,-0.189914,0.141525,0.686842,-7.99E-4,-3.99E-4,-1.33E-4,74.0,5.175,-21.6,-29.55,193.6993,1.9817,-1.17,5.0,34.51201,48.843956,2.353327,373.8807,NaN,0.54,62.245167,19.7,6 / 25,20012,2022-01-10 17:04:52:541
-0.008674,-0.158524,9.716953,0.200119,-0.339119,9.798741,-0.189914,0.141525,0.686842,-7.99E-4,-3.99E-4,-1.33E-4,74.0,5.175,-21.6,-29.55,193.6993,1.9817,-1.17,5.0,34.51201,48.843956,2.353327,373.8807,NaN,0.54,62.245167,19.7,6 / 25,20017,2022-01-10 17:04:52:546
-0.008674,-0.158524,9.716953,0.200119,-0.339119,9.798741,-0.189914,0.141525,0.686842,-7.99E-4,-3.99E-4,-1.33E-4,74.0,5.175,-21.6,-29.55,193.6993,1.9817,-1.17,5.0,34.51201,48.843956,2.353327,373.8807,NaN,0.54,62.245167,19.7,6 / 25,20022,2022-01-10 17:04:52:551
0.005683,-0.176471,9.719346,0.193208,-0.333867,9.799062,-0.17522,0.145446,0.660522,-7.99E-4,-3.99E-4,-1.33E-4,74.0,5.175,-21.6,-29.55,193.6993,1.9817,-1.17,5.0,34.51201,48.843956,2.353327,373.8807,NaN,0.54,62.245167,19.7,6 / 25,20027,2022-01-10 17:04:52:556
0.005683,-0.176471,9.719346,0.193208,-0.333867,9.799062,-0.17522,0.145446,0.660522,-7.99E-4,-3.99E-4,-1.33E-4,74.0,5.175,-21.6,-29.55,193.6993,1.9817,-1.17,5.0,34.51201,48.843956,2.353327,373.8807,NaN,0.54,62.245167,19.7,6 / 25,20033,2022-01-10 17:04:52:562
0.005683,-0.176471,9.719346,0.193208,-0.333867,9.799062,-0.17522,0.145446,0.660522,-7.99E-4,-3.99E-4,-1.33E-4,74.0,5.175,-21.6,-29.55,193.6993,1.9817,-1.17,5.0,34.51201,48.843956,2.353327,373.8807,NaN,0.54,62.245167,19.7,6 / 25,20038,2022-01-10 17:04:52:567
0.005683,-0.176471,9.719346,0.193208,-0.333867,9.799062,-0.17522,0.145446,0.660522,-7.99E-4,-3.99E-4,-1.33E-4,74.0,5.175,-21.6,-29.55,193.6993,1.9817,-1.17,5.0,34.51201,48.843956,2.353327,373.8807,NaN,0.54,62.245167,19.7,6 / 25,20042,2022-01-10 17:04:52:571
0.005683,-0.176471,9.719346,0.193208,-0.333867,9.799062,-0.17522,0.145446,0.660522,-7.99E-4,-3.99E-4,-1.33E-4,74.0,5.175,-21.6,-29.55,193.6993,1.9817,-1.17,5.0,34.51201,48.843956,2.353327,373.8807,NaN,0.54,62.245167,19.7,6 / 25,20047,2022-01-10 17:04:52:576
0.005683,-0.176471,9.719346,0.193208,-0.333867,9.799062,-0.17522,0.145446,0.660522,-7.99E-4,-3.99E-4,-1.33E-4,74.0,5.1,-21.0,-30.075,194.2542,1.951,-1.1296,5.0,34.51201,48.843956,2.353327,373.8807,NaN,0.54,62.245167,19.7,6 / 25,20053,2022-01-10 17:04:52:582
0.005683,-0.176471,9.719346,0.193208,-0.333867,9.799062,-0.17522,0.145446,0.660522,-7.99E-4,-3.99E-4,-1.33E-4,74.0,5.1,-21.0,-30.075,194.2542,1.951,-1.1296,5.0,34.51201,48.843956,2.353327,373.8807,NaN,0.54,62.245167,19.7,6 / 25,20058,2022-01-10 17:04:52:587
0.005683,-0.176471,9.719346,0.193208,-0.333867,9.799062,-0.17522,0.145446,0.660522,-7.99E-4,-3.99E-4,-1.33E-4,74.0,5.1,-21.0,-30.075,194.2542,1.951,-1.1296,5.0,34.51201,48.843956,2.353327,373.8807,NaN,0.54,62.245167,19.7,6 / 25,20062,2022-01-10 17:04:52:591
0.005683,-0.176471,9.719346,0.193208,-0.333867,9.799062,-0.17522,0.145446,0.660522,-7.99E-4,-3.99E-4,-1.33E-4,74.0,5.1,-21.0,-30.075,194.2542,1.951,-1.1296,5.0,34.51201,48.843956,2.353327,373.8807,NaN,0.54,62.245167,19.7,6 / 25,20068,2022-01-10 17:04:52:597
0.005683,-0.176471,9.719346,0.193208,-0.333867,9.799062,-0.17522,0.145446,0.660522,-7.99E-4,-3.99E-4,-1.33E-4,74.0,5.1,-21.0,-30.075,194.2542,1.951,-1.1296,5.0,34.51201,48.843956,2.353327,373.8807,NaN,0.54,62.245167,19.7,6 / 25,20073,2022-01-10 17:04:52:602
0.005683,-0.176471,9.719346,0.193208,-0.333867,9.799062,-0.17522,0.145446,0.660522,-7.99E-4,-3.99E-4,-1.33E-4,74.0,5.1,-21.0,-30.075,194.2542,1.951,-1.1296,5.0,34.51201,48.843956,2.353327,373.8807,NaN,0.54,62.245167,19.7,6 / 25,20077,2022-01-10 17:04:52:606
0.005683,-0.176471,9.719346,0.193208,-0.333867,9.799062,-0.17522,0.145446,0.660522,-7.99E-4,-3.99E-4,-1.33E-4,74.0,5.1,-21.0,-30.075,194.2542,1.951,-1.1296,5.0,34.51201,48.843956,2.353327,373.8807,NaN,0.54,62.245167,19.7,6 / 25,20083,2022-01-10 17:04:52:612
0.005683,-0.176471,9.719346,0.193208,-0.333867,9.799062,-0.17522,0.145446,0.660522,-7.99E-4,-3.99E-4,-1.33E-4,74.0,5.1,-21.0,-30.075,194.2542,1.951,-1.1296,5.0,34.51201,48.843956,2.353327,373.8807,NaN,0.54,62.245167,19.7,6 / 25,20087,2022-01-10 17:04:52:616
0.005683,-0.176471,9.719346,0.193208,-0.333867,9.799062,-0.17522,0.145446,0.660522,-7.99E-4,-3.99E-4,-1.33E-4,74.0,5.1,-21.0,-30.075,194.2542,1.951,-1.1296,5.0,34.51201,48.843956,2.353327,373.8807,NaN,0.54,62.245167,19.7,6 / 25,20093,2022-01-10 17:04:52:622
0.005683,-0.176471,9.719346,0.193208,-0.333867,9.799062,-0.17522,0.145446,0.660522,-1.33E-4,-1.33E-4,-1.33E-4,74.0,5.1,-21.0,-30.075,194.2542,1.951,-1.1296,5.0,34.51201,48.843956,2.353327,373.8807,NaN,0.54,62.245167,19.7,6 / 25,20098,2022-01-10 17:04:52:627
0.005683,-0.176471,9.719346,0.193208,-0.333867,9.799062,-0.17522,0.145446,0.660522,-1.33E-4,-1.33E-4,-1.33E-4,74.0,5.1,-21.0,-30.075,194.2542,1.951,-1.1296,5.0,34.51201,48.843956,2.353327,373.8807,NaN,0.54,62.245167,19.7,6 / 25,20103,2022-01-10 17:04:52:632
0.005683,-0.176471,9.719346,0.193208,-0.333867,9.799062,-0.17522,0.145446,0.660522,-1.33E-4,-1.33E-4,-1.33E-4,74.0,5.1,-21.0,-30.075,194.2542,1.951,-1.1296,5.0,34.51201,48.843956,2.353327,373.8807,NaN,0.54,62.245167,19.7,6 / 25,20107,2022-01-10 17:04:52:636
0.005683,-0.176471,9.719346,0.193208,-0.333867,9.799062,-0.17522,0.145446,0.660522,-1.33E-4,-1.33E-4,-1.33E-4,74.0,5.1,-21.0,-30.075,194.2542,1.951,-1.1296,5.0,34.51201,48.843956,2.353327,373.8807,NaN,0.54,62.245167,19.7,6 / 25,20112,2022-01-10 17:04:52:641
0.005683,-0.176471,9.719346,0.193208,-0.333867,9.799062,-0.17522,0.145446,0.660522,-1.33E-4,-1.33E-4,-1.33E-4,74.0,5.1,-21.0,-30.075,194.2542,1.951,-1.1296,5.0,19.46838,48.843956,2.353327,373.8807,NaN,0.54,62.245167,19.7,6 / 25,20118,2022-01-10 17:04:52:647
0.005683,-0.176471,9.719346,0.193208,-0.333867,9.799062,-0.17522,0.145446,0.660522,-1.33E-4,-1.33E-4,-1.33E-4,74.0,5.1,-21.0,-30.075,194.2542,1.951,-1.1296,5.0,19.46838,48.843956,2.353327,373.8807,NaN,0.54,62.245167,19.7,6 / 25,20123,2022-01-10 17:04:52:652
0.005683,-0.176471,9.719346,0.193208,-0.333867,9.799062,-0.17522,0.145446,0.660522,-1.33E-4,-1.33E-4,-1.33E-4,74.0,5.1,-21.0,-30.075,194.2542,1.951,-1.1296,5.0,19.46838,48.843956,2.353327,373.8807,NaN,0.54,62.245167,19.7,6 / 25,20128,2022-01-10 17:04:52:657
0.005683,-0.176471,9.719346,0.193208,-0.333867,9.799062,-0.17522,0.145446,0.660522,-1.33E-4,-1.33E-4,-1.33E-4,74.0,5.1,-21.0,-30.075,194.2542,1.951,-1.1296,5.0,19.46838,48.843956,2.353327,373.8807,NaN,0.54,62.245167,19.7,6 / 25,20133,2022-01-10 17:04:52:662
-2.99E-4,-0.186042,9.697811,0.167403,-0.312233,9.800248,-0.156051,0.120168,0.582061,-1.33E-4,-1.33E-4,-1.33E-4,74.0,5.1,-21.0,-30.075,194.2542,1.951,-1.1296,5.0,19.46838,48.843956,2.353327,373.8807,NaN,0.54,62.245167,19.7,6 / 25,20138,2022-01-10 17:04:52:667
-2.99E-4,-0.186042,9.697811,0.167403,-0.312233,9.800248,-0.156051,0.120168,0.582061,-1.33E-4,-1.33E-4,-1.33E-4,74.0,5.1,-21.0,-30.075,194.2542,1.951,-1.1296,5.0,19.46838,48.843956,2.353327,373.8807,NaN,0.54,62.245167,19.7,6 / 25,20143,2022-01-10 17:04:52:672
-2.99E-4,-0.186042,9.697811,0.167403,-0.312233,9.800248,-0.156051,0.120168,0.582061,-1.33E-4,-1.33E-4,-1.33E-4,74.0,5.1,-21.0,-30.075,194.2542,1.951,-1.1296,5.0,19.46838,48.843956,2.353327,373.8807,NaN,0.54,62.245167,19.7,6 / 25,20148,2022-01-10 17:04:52:677
-2.99E-4,-0.186042,9.697811,0.167403,-0.312233,9.800248,-0.156051,0.120168,0.582061,-1.33E-4,-1.33E-4,-1.33E-4,74.0,5.1,-21.0,-30.075,194.2542,1.951,-1.1296,5.0,19.46838,48.843956,2.353327,373.8807,NaN,0.54,62.245167,19.7,6 / 25,20152,2022-01-10 17:04:52:681
-2.99E-4,-0.186042,9.697811,0.167403,-0.312233,9.800248,-0.156051,0.120168,0.582061,-1.33E-4,-1.33E-4,-1.33E-4,74.0,5.1,-21.0,-30.075,194.2542,1.951,-1.1296,5.0,19.46838,48.843956,2.353327,373.8807,NaN,0.54,62.245167,19.7,6 / 25,20158,2022-01-10 17:04:52:687
-2.99E-4,-0.186042,9.697811,0.167403,-0.312233,9.800248,-0.156051,0.120168,0.582061,-1.33E-4,-1.33E-4,-1.33E-4,74.0,5.1,-21.0,-30.075,194.2542,1.951,-1.1296,5.0,19.46838,48.843956,2.353327,373.8807,NaN,0.54,62.245167,19.7,6 / 25,20162,2022-01-10 17:04:52:691
-2.99E-4,-0.186042,9.697811,0.167403,-0.312233,9.800248,-0.156051,0.120168,0.582061,-1.33E-4,-1.33E-4,-1.33E-4,74.0,5.1,-21.0,-30.075,194.2542,1.951,-1.1296,5.0,19.46838,48.843956,2.353327,373.8807,NaN,0.54,62.245167,19.7,6 / 25,20167,2022-01-10 17:04:52:696
-2.99E-4,-0.186042,9.697811,0.167403,-0.312233,9.800248,-0.156051,0.120168,0.582061,-1.33E-4,-1.33E-4,-1.33E-4,74.0,5.1,-21.0,-30.075,194.2542,1.951,-1.1296,5.0,19.46838,48.843956,2.353327,373.8807,NaN,0.54,62.245167,19.7,6 / 25,20173,2022-01-10 17:04:52:702
-2.99E-4,-0.186042,9.697811,0.167403,-0.312233,9.800248,-0.156051,0.120168,0.582061,-1.33E-4,-1.33E-4,-1.33E-4,74.0,5.1,-21.0,-30.075,194.2542,1.951,-1.1296,5.0,19.46838,48.843956,2.353327,373.8807,NaN,0.54,62.245167,19.7,6 / 25,20178,2022-01-10 17:04:52:707
-2.99E-4,-0.186042,9.697811,0.167403,-0.312233,9.800248,-0.156051,0.120168,0.582061,-1.33E-4,-1.33E-4,-1.33E-4,74.0,5.1,-21.0,-30.075,194.2542,1.951,-1.1296,5.0,19.46838,48.843956,2.353327,373.8807,NaN,0.54,62.245167,19.7,6 / 25,20182,2022-01-10 17:04:52:711
-2.99E-4,-0.186042,9.697811,0.167403,-0.312233,9.800248,-0.156051,0.120168,0.582061,-1.33E-4,-1.33E-4,-1.33E-4,74.0,5.1,-21.0,-30.075,194.2542,1.951,-1.1296,5.0,19.46838,48.843956,2.353327,373.8807,NaN,0.54,62.245167,19.7,6 / 25,20187,2022-01-10 17:04:52:716
-2.99E-4,-0.186042,9.697811,0.167403,-0.312233,9.800248,-0.156051,0.120168,0.582061,-1.33E-4,-1.33E-4,-1.33E-4,74.0,5.1,-21.0,-30.075,194.2542,1.951,-1.1296,5.0,19.46838,48.843956,2.353327,373.8807,NaN,0.54,62.245167,19.7,6 / 25,20193,2022-01-10 17:04:52:722
-2.99E-4,-0.186042,9.697811,0.167403,-0.312233,9.800248,-0.156051,0.120168,0.582061,-1.33E-4,-1.33E-4,-1.33E-4,74.0,5.175,-21.075,-30.225,194.1007,1.8245,-0.9786,5.0,19.46838,48.843956,2.353327,373.8807,NaN,0.54,62.245167,19.7,6 / 25,20197,2022-01-10 17:04:52:726
-2.99E-4,-0.186042,9.697811,0.167403,-0.312233,9.800248,-0.156051,0.120168,0.582061,-1.33E-4,-1.33E-4,-1.33E-4,74.0,5.175,-21.075,-30.225,194.1007,1.8245,-0.9786,5.0,19.46838,48.843956,2.353327,373.8807,NaN,0.54,62.245167,19.7,6 / 25,20202,2022-01-10 17:04:52:731
-2.99E-4,-0.186042,9.697811,0.167403,-0.312233,9.800248,-0.156051,0.120168,0.582061,-1.33E-4,-1.33E-4,-1.33E-4,74.0,5.175,-21.075,-30.225,194.1007,1.8245,-0.9786,5.0,19.46838,48.843956,2.353327,373.8807,NaN,0.54,62.245167,19.7,6 / 25,20208,2022-01-10 17:04:52:737
-2.99E-4,-0.186042,9.697811,0.167403,-0.312233,9.800248,-0.156051,0.120168,0.582061,-1.33E-4,-1.33E-4,-1.33E-4,74.0,5.175,-21.075,-30.225,194.1007,1.8245,-0.9786,5.0,19.46838,48.843956,2.353327,373.8807,NaN,0.54,62.245167,19.7,6 / 25,20213,2022-01-10 17:04:52:742
-2.99E-4,-0.186042,9.697811,0.167403,-0.312233,9.800248,-0.156051,0.120168,0.582061,-1.33E-4,-1.33E-4,-1.33E-4,74.0,5.175,-21.075,-30.225,194.1007,1.8245,-0.9786,5.0,19.46838,48.843956,2.353327,373.8807,NaN,0.54,62.245167,19.7,6 / 25,20218,2022-01-10 17:04:52:747
-2.99E-4,-0.186042,9.697811,0.167403,-0.312233,9.800248,-0.156051,0.120168,0.582061,-1.33E-4,-1.33E-4,-1.33E-4,74.0,5.175,-21.075,-30.225,194.1007,1.8245,-0.9786,5.0,19.46838,48.843956,2.353327,373.8807,NaN,0.54,62.245167,19.7,6 / 25,20223,2022-01-10 17:04:52:752
-2.99E-4,-0.186042,9.697811,0.167403,-0.312233,9.800248,-0.156051,0.120168,0.582061,-1.33E-4,-1.33E-4,-1.33E-4,74.0,5.175,-21.075,-30.225,194.1007,1.8245,-0.9786,5.0,19.46838,48.843956,2.353327,373.8807,NaN,0.54,62.245167,19.7,6 / 25,20228,2022-01-10 17:04:52:757
-0.012263,-0.166899,9.691829,0.167403,-0.312233,9.800248,-0.156051,0.120168,0.582061,-5.33E-4,-2.66E-4,-1.33E-4,74.0,5.175,-21.075,-30.225,194.1007,1.8245,-0.9786,5.0,19.46838,48.843956,2.353327,373.8807,NaN,0.54,62.245167,19.7,6 / 25,20232,2022-01-10 17:04:52:761
-0.012263,-0.166899,9.691829,0.167403,-0.312233,9.800248,-0.156051,0.120168,0.582061,-5.33E-4,-2.66E-4,-1.33E-4,74.0,5.175,-21.075,-30.225,194.1007,1.8245,-0.9786,5.0,19.46838,48.843956,2.353327,373.8807,NaN,0.54,62.245167,19.7,6 / 25,20238,2022-01-10 17:04:52:767
-0.012263,-0.166899,9.691829,0.167403,-0.312233,9.800248,-0.156051,0.120168,0.582061,-5.33E-4,-2.66E-4,-1.33E-4,74.0,5.175,-21.075,-30.225,194.1007,1.8245,-0.9786,5.0,19.46838,48.843956,2.353327,373.8807,NaN,0.54,62.245167,19.7,6 / 25,20243,2022-01-10 17:04:52:772
-0.012263,-0.166899,9.691829,0.167403,-0.312233,9.800248,-0.156051,0.120168,0.582061,-5.33E-4,-2.66E-4,-1.33E-4,74.0,5.175,-21.075,-30.225,194.1007,1.8245,-0.9786,5.0,19.46838,48.843956,2.353327,373.8807,NaN,0.54,62.245167,19.7,6 / 25,20248,2022-01-10 17:04:52:777
-0.012263,-0.166899,9.691829,0.167403,-0.312233,9.800248,-0.156051,0.120168,0.582061,-5.33E-4,-2.66E-4,-1.33E-4,74.0,5.175,-21.075,-30.225,194.1007,1.8245,-0.9786,5.0,19.46838,48.843956,2.353327,373.8807,NaN,0.54,62.245167,19.7,6 / 25,20253,2022-01-10 17:04:52:782
-0.012263,-0.166899,9.691829,0.167403,-0.312233,9.800248,-0.156051,0.120168,0.582061,-5.33E-4,-2.66E-4,-1.33E-4,74.0,5.175,-21.075,-30.225,194.1007,1.8245,-0.9786,5.0,19.46838,48.843956,2.353327,373.8807,NaN,0.54,62.245167,19.7,6 / 25,20258,2022-01-10 17:04:52:787
-0.012263,-0.166899,9.691829,0.167403,-0.312233,9.800248,-0.156051,0.120168,0.582061,-5.33E-4,-2.66E-4,-1.33E-4,74.0,5.175,-21.075,-30.225,194.1007,1.8245,-0.9786,5.0,19.46838,48.843956,2.353327,373.8807,NaN,0.54,62.245167,19.7,6 / 25,20263,2022-01-10 17:04:52:792
-0.012263,-0.166899,9.691829,0.1307,-0.28151,9.801737,-0.156051,0.120168,0.582061,-5.33E-4,-2.66E-4,-1.33E-4,74.0,5.175,-21.075,-30.225,194.1007,1.8245,-0.9786,5.0,19.46838,48.843956,2.353327,373.8807,NaN,0.54,62.245167,19.7,6 / 25,20268,2022-01-10 17:04:52:797
-0.012263,-0.166899,9.691829,0.1307,-0.28151,9.801737,-0.121141,0.097077,0.457346,-5.33E-4,-2.66E-4,-1.33E-4,74.0,5.175,-21.075,-30.225,194.1007,1.8245,-0.9786,5.0,19.46838,48.843956,2.353327,373.8807,NaN,0.54,62.245167,19.7,6 / 25,20272,2022-01-10 17:04:52:801
-0.012263,-0.166899,9.691829,0.1307,-0.28151,9.801737,-0.121141,0.097077,0.457346,-5.33E-4,-2.66E-4,-1.33E-4,74.0,5.175,-21.075,-30.225,194.1007,1.8245,-0.9786,5.0,19.46838,48.843956,2.353327,373.8807,NaN,0.54,62.245167,19.7,6 / 25,20277,2022-01-10 17:04:52:806
-0.012263,-0.166899,9.691829,0.1307,-0.28151,9.801737,-0.121141,0.097077,0.457346,-5.33E-4,-2.66E-4,-1.33E-4,74.0,5.175,-21.075,-30.225,194.1007,1.8245,-0.9786,5.0,19.46838,48.843956,2.353327,373.8807,NaN,0.54,62.245167,19.7,6 / 25,20283,2022-01-10 17:04:52:812
-0.012263,-0.166899,9.691829,0.1307,-0.28151,9.801737,-0.121141,0.097077,0.457346,-5.33E-4,-2.66E-4,-1.33E-4,74.0,5.175,-21.075,-30.225,194.1007,1.8245,-0.9786,5.0,19.46838,48.843956,2.353327,373.8807,NaN,0.54,62.245167,19.7,6 / 25,20289,2022-01-10 17:04:52:818
-0.012263,-0.166899,9.691829,0.1307,-0.28151,9.801737,-0.121141,0.097077,0.457346,-5.33E-4,-2.66E-4,-1.33E-4,74.0,5.175,-21.075,-30.225,194.1007,1.8245,-0.9786,5.0,19.46838,48.843956,2.353327,373.8807,NaN,0.54,62.245167,19.7,6 / 25,20293,2022-01-10 17:04:52:822
-0.012263,-0.166899,9.691829,0.1307,-0.28151,9.801737,-0.121141,0.097077,0.457346,-5.33E-4,-2.66E-4,-1.33E-4,74.0,5.175,-21.075,-30.225,194.1007,1.8245,-0.9786,5.0,19.46838,48.843956,2.353327,373.8807,NaN,0.54,62.245167,19.7,6 / 25,20298,2022-01-10 17:04:52:827
-0.012263,-0.166899,9.691829,0.1307,-0.28151,9.801737,-0.121141,0.097077,0.457346,-5.33E-4,-2.66E-4,-1.33E-4,74.0,5.175,-21.075,-30.225,194.1007,1.8245,-0.9786,5.0,19.46838,48.843956,2.353327,373.8807,NaN,0.54,62.245167,19.7,6 / 25,20302,2022-01-10 17:04:52:831
-0.012263,-0.166899,9.691829,0.1307,-0.28151,9.801737,-0.121141,0.097077,0.457346,-5.33E-4,-2.66E-4,-1.33E-4,74.0,5.175,-21.075,-30.225,194.1007,1.8245,-0.9786,5.0,19.46838,48.843956,2.353327,373.8807,NaN,0.54,62.245167,19.7,6 / 25,20308,2022-01-10 17:04:52:837
-0.012263,-0.166899,9.691829,0.1307,-0.28151,9.801737,-0.121141,0.097077,0.457346,-5.33E-4,-2.66E-4,-1.33E-4,74.0,5.175,-21.075,-30.225,194.1007,1.8245,-0.9786,5.0,19.46838,48.843956,2.353327,373.8807,NaN,0.54,62.245167,19.7,6 / 25,20312,2022-01-10 17:04:52:841
-0.012263,-0.166899,9.691829,0.1307,-0.28151,9.801737,-0.121141,0.097077,0.457346,-5.33E-4,-2.66E-4,-1.33E-4,74.0,5.175,-21.075,-30.225,194.1007,1.8245,-0.9786,5.0,19.46838,48.843956,2.353327,373.8807,NaN,0.54,62.245167,19.7,6 / 25,20317,2022-01-10 17:04:52:846
-0.012263,-0.166899,9.691829,0.1307,-0.28151,9.801737,-0.121141,0.097077,0.457346,-5.33E-4,-2.66E-4,-1.33E-4,74.0,5.175,-21.075,-30.225,194.1007,1.8245,-0.9786,5.0,19.46838,48.843956,2.353327,373.8807,NaN,0.54,62.245167,19.7,6 / 25,20323,2022-01-10 17:04:52:852
-0.012263,-0.166899,9.691829,0.1307,-0.28151,9.801737,-0.121141,0.097077,0.457346,-5.33E-4,-2.66E-4,-1.33E-4,74.0,5.175,-21.075,-30.225,194.1007,1.8245,-0.9786,5.0,19.46838,48.843956,2.353327,373.8807,NaN,0.54,62.245167,19.7,6 / 25,20327,2022-01-10 17:04:52:856
-0.006281,-0.165703,9.701401,0.1307,-0.28151,9.801737,-0.121141,0.097077,0.457346,-5.33E-4,-2.66E-4,-1.33E-4,74.0,5.175,-21.075,-30.225,194.1007,1.8245,-0.9786,5.0,19.46838,48.843956,2.353327,373.8807,NaN,0.54,62.245167,19.7,6 / 25,20333,2022-01-10 17:04:52:862
-0.006281,-0.165703,9.701401,0.1307,-0.28151,9.801737,-0.121141,0.097077,0.457346,-5.33E-4,-2.66E-4,-1.33E-4,74.0,4.875,-21.15,-30.45,193.8805,1.645,-0.764,5.0,19.46838,48.843956,2.353327,373.8807,NaN,0.54,62.245167,19.7,6 / 25,20338,2022-01-10 17:04:52:867
-0.006281,-0.165703,9.701401,0.1307,-0.28151,9.801737,-0.121141,0.097077,0.457346,-5.33E-4,-2.66E-4,-1.33E-4,74.0,4.875,-21.15,-30.45,193.8805,1.645,-0.764,5.0,19.46838,48.843956,2.353327,373.8807,NaN,0.54,62.245167,19.7,6 / 25,20342,2022-01-10 17:04:52:871
-0.006281,-0.165703,9.701401,0.1307,-0.28151,9.801737,-0.121141,0.097077,0.457346,-5.33E-4,-2.66E-4,-1.33E-4,74.0,4.875,-21.15,-30.45,193.8805,1.645,-0.764,5.0,19.46838,48.843956,2.353327,373.8807,NaN,0.54,62.245167,19.7,6 / 25,20347,2022-01-10 17:04:52:876
-0.006281,-0.165703,9.701401,0.1307,-0.28151,9.801737,-0.121141,0.097077,0.457346,-5.33E-4,-2.66E-4,-1.33E-4,74.0,4.875,-21.15,-30.45,193.8805,1.645,-0.764,5.0,19.46838,48.843956,2.353327,373.8807,NaN,0.54,62.245167,19.7,6 / 25,20353,2022-01-10 17:04:52:882
-0.006281,-0.165703,9.701401,0.1307,-0.28151,9.801737,-0.121141,0.097077,0.457346,-5.33E-4,-2.66E-4,-1.33E-4,74.0,4.875,-21.15,-30.45,193.8805,1.645,-0.764,5.0,19.46838,48.843956,2.353327,373.8807,NaN,0.54,62.245167,19.7,6 / 25,20358,2022-01-10 17:04:52:887
-0.006281,-0.165703,9.701401,0.1307,-0.28151,9.801737,-0.121141,0.097077,0.457346,-5.33E-4,-2.66E-4,-1.33E-4,74.0,4.875,-21.15,-30.45,193.8805,1.645,-0.764,5.0,19.46838,48.843956,2.353327,373.8807,NaN,0.54,62.245167,19.7,6 / 25,20363,2022-01-10 17:04:52:892
-0.006281,-0.165703,9.701401,0.1307,-0.28151,9.801737,-0.121141,0.097077,0.457346,-7.99E-4,-5.33E-4,0.0,74.0,4.875,-21.15,-30.45,193.8805,1.645,-0.764,5.0,19.46838,48.843956,2.353327,373.8807,NaN,0.54,62.245167,19.7,6 / 25,20367,2022-01-10 17:04:52:896
-0.006281,-0.165703,9.701401,0.1307,-0.28151,9.801737,-0.121141,0.097077,0.457346,-7.99E-4,-5.33E-4,0.0,74.0,4.875,-21.15,-30.45,193.8805,1.645,-0.764,5.0,19.46838,48.843956,2.353327,373.8807,NaN,0.54,62.245167,19.7,6 / 25,20372,2022-01-10 17:04:52:901
-0.006281,-0.165703,9.701401,0.1307,-0.28151,9.801737,-0.121141,0.097077,0.457346,-7.99E-4,-5.33E-4,0.0,74.0,4.875,-21.15,-30.45,193.8805,1.645,-0.764,5.0,19.46838,48.843956,2.353327,373.8807,NaN,0.54,62.245167,19.7,6 / 25,20377,2022-01-10 17:04:52:906
-0.006281,-0.165703,9.701401,0.1307,-0.28151,9.801737,-0.121141,0.097077,0.457346,-7.99E-4,-5.33E-4,0.0,74.0,4.875,-21.15,-30.45,193.8805,1.645,-0.764,5.0,19.46838,48.843956,2.353327,373.8807,NaN,0.54,62.245167,19.7,6 / 25,20383,2022-01-10 17:04:52:912
-0.006281,-0.165703,9.701401,0.102102,-0.25682,9.802755,-0.101553,0.080252,0.358103,-7.99E-4,-5.33E-4,0.0,74.0,4.875,-21.15,-30.45,193.8805,1.645,-0.764,5.0,19.46838,48.843956,2.353327,373.8807,NaN,0.54,62.245167,19.7,6 / 25,20387,2022-01-10 17:04:52:916
-0.006281,-0.165703,9.701401,0.102102,-0.25682,9.802755,-0.101553,0.080252,0.358103,-7.99E-4,-5.33E-4,0.0,74.0,4.875,-21.15,-30.45,193.8805,1.645,-0.764,5.0,19.46838,48.843956,2.353327,373.8807,NaN,0.54,62.245167,19.7,6 / 25,20393,2022-01-10 17:04:52:922
-0.006281,-0.165703,9.701401,0.102102,-0.25682,9.802755,-0.101553,0.080252,0.358103,-7.99E-4,-5.33E-4,0.0,74.0,4.875,-21.15,-30.45,193.8805,1.645,-0.764,5.0,19.46838,48.843956,2.353327,373.8807,NaN,0.54,62.245167,19.7,6 / 25,20398,2022-01-10 17:04:52:927
-0.006281,-0.165703,9.701401,0.102102,-0.25682,9.802755,-0.101553,0.080252,0.358103,-7.99E-4,-5.33E-4,0.0,74.0,4.875,-21.15,-30.45,193.8805,1.645,-0.764,5.0,19.46838,48.843956,2.353327,373.8807,NaN,0.54,62.245167,19.7,6 / 25,20402,2022-01-10 17:04:52:931
-0.006281,-0.165703,9.701401,0.102102,-0.25682,9.802755,-0.101553,0.080252,0.358103,-7.99E-4,-5.33E-4,0.0,74.0,4.875,-21.15,-30.45,193.8805,1.645,-0.764,5.0,19.46838,48.843956,2.353327,373.8807,NaN,0.54,62.245167,19.7,6 / 25,20407,2022-01-10 17:04:52:936
-0.006281,-0.165703,9.701401,0.102102,-0.25682,9.802755,-0.101553,0.080252,0.358103,-7.99E-4,-5.33E-4,0.0,74.0,4.875,-21.15,-30.45,193.8805,1.645,-0.764,5.0,19.46838,48.843956,2.353327,373.8807,NaN,0.54,62.245167,19.7,6 / 25,20413,2022-01-10 17:04:52:942
-0.006281,-0.165703,9.701401,0.102102,-0.25682,9.802755,-0.101553,0.080252,0.358103,-7.99E-4,-5.33E-4,0.0,74.0,4.875,-21.15,-30.45,193.8805,1.645,-0.764,5.0,19.46838,48.843956,2.353327,373.8807,NaN,0.54,62.245167,19.7,6 / 25,20417,2022-01-10 17:04:52:946
-0.006281,-0.165703,9.701401,0.102102,-0.25682,9.802755,-0.101553,0.080252,0.358103,-7.99E-4,-5.33E-4,0.0,74.0,4.875,-21.15,-30.45,193.8805,1.645,-0.764,5.0,19.46838,48.843956,2.353327,373.8807,NaN,0.54,62.245167,19.7,6 / 25,20423,2022-01-10 17:04:52:952
-0.006281,-0.165703,9.701401,0.102102,-0.25682,9.802755,-0.101553,0.080252,0.358103,-7.99E-4,-5.33E-4,0.0,74.0,4.875,-21.15,-30.45,193.8805,1.645,-0.764,5.0,19.46838,48.843956,2.353327,373.8807,NaN,0.54,62.245167,19.7,6 / 25,20427,2022-01-10 17:04:52:956
-0.002692,-0.174078,9.704989,0.102102,-0.25682,9.802755,-0.101553,0.080252,0.358103,-7.99E-4,-5.33E-4,0.0,74.0,4.875,-21.15,-30.45,193.8805,1.645,-0.764,5.0,19.48186,48.843956,2.353327,373.8807,NaN,0.54,62.245167,19.7,6 / 25,20433,2022-01-10 17:04:52:962
-0.002692,-0.174078,9.704989,0.102102,-0.25682,9.802755,-0.101553,0.080252,0.358103,-7.99E-4,-5.33E-4,0.0,74.0,4.875,-21.15,-30.45,193.8805,1.645,-0.764,5.0,19.48186,48.843956,2.353327,373.8807,NaN,0.54,62.245167,19.7,6 / 25,20437,2022-01-10 17:04:52:966
-0.002692,-0.174078,9.704989,0.102102,-0.25682,9.802755,-0.101553,0.080252,0.358103,-7.99E-4,-5.33E-4,0.0,74.0,4.875,-21.15,-30.45,193.8805,1.645,-0.764,5.0,19.48186,48.843956,2.353327,373.8807,NaN,0.54,62.245167,19.7,6 / 25,20443,2022-01-10 17:04:52:972
-0.002692,-0.174078,9.704989,0.102102,-0.25682,9.802755,-0.101553,0.080252,0.358103,-7.99E-4,-5.33E-4,0.0,74.0,4.875,-21.15,-30.45,193.8805,1.645,-0.764,5.0,19.48186,48.843956,2.353327,373.8807,NaN,0.54,62.245167,19.7,6 / 25,20448,2022-01-10 17:04:52:977
-0.002692,-0.174078,9.704989,0.102102,-0.25682,9.802755,-0.101553,0.080252,0.358103,-7.99E-4,-5.33E-4,0.0,74.0,4.875,-21.075,-30.45,193.7087,1.5007,-0.5968,5.0,19.48186,48.843956,2.353327,373.8807,NaN,0.54,62.245167,19.7,6 / 25,20456,2022-01-10 17:04:52:985
-0.002692,-0.174078,9.704989,0.102102,-0.25682,9.802755,-0.101553,0.080252,0.358103,-7.99E-4,-5.33E-4,0.0,74.0,4.875,-21.075,-30.45,193.7087,1.5007,-0.5968,5.0,19.48186,48.843956,2.353327,373.8807,NaN,0.54,62.245167,19.7,6 / 25,20458,2022-01-10 17:04:52:987
-0.002692,-0.174078,9.704989,0.102102,-0.25682,9.802755,-0.101553,0.080252,0.358103,-7.99E-4,-5.33E-4,0.0,74.0,4.875,-21.075,-30.45,193.7087,1.5007,-0.5968,5.0,19.48186,48.843956,2.353327,373.8807,NaN,0.54,62.245167,19.7,6 / 25,20463,2022-01-10 17:04:52:992
-0.002692,-0.174078,9.704989,0.102102,-0.25682,9.802755,-0.101553,0.080252,0.358103,-7.99E-4,-5.33E-4,0.0,74.0,4.875,-21.075,-30.45,193.7087,1.5007,-0.5968,5.0,19.48186,48.843956,2.353327,373.8807,NaN,0.54,62.245167,19.7,6 / 25,20468,2022-01-10 17:04:52:997
-0.002692,-0.174078,9.704989,0.102102,-0.25682,9.802755,-0.101553,0.080252,0.358103,-7.99E-4,-5.33E-4,0.0,74.0,4.875,-21.075,-30.45,193.7087,1.5007,-0.5968,5.0,19.48186,48.843956,2.353327,373.8807,NaN,0.54,62.245167,19.7,6 / 25,20473,2022-01-10 17:04:53:002
-0.002692,-0.174078,9.704989,0.102102,-0.25682,9.802755,-0.101553,0.080252,0.358103,-7.99E-4,-5.33E-4,0.0,74.0,4.875,-21.075,-30.45,193.7087,1.5007,-0.5968,5.0,19.48186,48.843956,2.353327,373.8807,NaN,0.54,62.245167,19.7,6 / 25,20478,2022-01-10 17:04:53:007
-0.002692,-0.174078,9.704989,0.102102,-0.25682,9.802755,-0.101553,0.080252,0.358103,-7.99E-4,-5.33E-4,0.0,74.0,4.875,-21.075,-30.45,193.7087,1.5007,-0.5968,5.0,19.48186,48.843956,2.353327,373.8807,NaN,0.54,62.245167,19.7,6 / 25,20482,2022-01-10 17:04:53:011
-0.002692,-0.174078,9.704989,0.102102,-0.25682,9.802755,-0.101553,0.080252,0.358103,-7.99E-4,-5.33E-4,0.0,74.0,4.875,-21.075,-30.45,193.7087,1.5007,-0.5968,5.0,19.48186,48.843956,2.353327,373.8807,NaN,0.54,62.245167,19.7,6 / 25,20487,2022-01-10 17:04:53:016
-0.002692,-0.174078,9.704989,0.102102,-0.25682,9.802755,-0.101553,0.080252,0.358103,-2.66E-4,-1.33E-4,1.33E-4,74.0,4.875,-21.075,-30.45,193.7087,1.5007,-0.5968,5.0,19.48186,48.843956,2.353327,373.8807,NaN,0.54,62.245167,19.7,6 / 25,20493,2022-01-10 17:04:53:022
-0.002692,-0.174078,9.704989,0.102102,-0.25682,9.802755,-0.101553,0.080252,0.358103,-2.66E-4,-1.33E-4,1.33E-4,74.0,4.875,-21.075,-30.45,193.7087,1.5007,-0.5968,5.0,19.48186,48.843956,2.353327,373.8807,NaN,0.54,62.245167,19.7,6 / 25,20497,2022-01-10 17:04:53:026
-0.002692,-0.174078,9.704989,0.102102,-0.25682,9.802755,-0.101553,0.080252,0.358103,-2.66E-4,-1.33E-4,1.33E-4,74.0,4.875,-21.075,-30.45,193.7087,1.5007,-0.5968,5.0,19.48186,48.843956,2.353327,373.8807,NaN,0.54,62.245167,19.7,6 / 25,20503,2022-01-10 17:04:53:032
-0.002692,-0.174078,9.704989,0.102102,-0.25682,9.802755,-0.101553,0.080252,0.358103,-2.66E-4,-1.33E-4,1.33E-4,74.0,4.875,-21.075,-30.45,193.7087,1.5007,-0.5968,5.0,19.48186,48.843956,2.353327,373.8807,NaN,0.54,62.245167,19.7,6 / 25,20509,2022-01-10 17:04:53:038
0.00329,-0.172881,9.682258,0.080054,-0.238157,9.803432,-0.077591,0.05754,0.291268,-2.66E-4,-1.33E-4,1.33E-4,74.0,4.875,-21.075,-30.45,193.7087,1.5007,-0.5968,5.0,19.48186,48.843956,2.353327,373.8807,NaN,0.54,62.245167,19.7,6 / 25,20512,2022-01-10 17:04:53:041
0.00329,-0.172881,9.682258,0.080054,-0.238157,9.803432,-0.077591,0.05754,0.291268,-2.66E-4,-1.33E-4,1.33E-4,74.0,4.875,-21.075,-30.45,193.7087,1.5007,-0.5968,5.0,19.48186,48.843956,2.353327,373.8807,NaN,0.54,62.245167,19.7,6 / 25,20517,2022-01-10 17:04:53:046
0.00329,-0.172881,9.682258,0.080054,-0.238157,9.803432,-0.077591,0.05754,0.291268,-2.66E-4,-1.33E-4,1.33E-4,74.0,4.875,-21.075,-30.45,193.7087,1.5007,-0.5968,5.0,19.48186,48.843956,2.353327,373.8807,NaN,0.54,62.245167,19.7,6 / 25,20523,2022-01-10 17:04:53:052
0.00329,-0.172881,9.682258,0.080054,-0.238157,9.803432,-0.077591,0.05754,0.291268,-2.66E-4,-1.33E-4,1.33E-4,74.0,4.875,-21.075,-30.45,193.7087,1.5007,-0.5968,5.0,19.48186,48.843956,2.353327,373.8807,NaN,0.54,62.245167,19.7,6 / 25,20528,2022-01-10 17:04:53:057
0.00329,-0.172881,9.682258,0.080054,-0.238157,9.803432,-0.077591,0.05754,0.291268,-2.66E-4,-1.33E-4,1.33E-4,74.0,4.875,-21.075,-30.45,193.7087,1.5007,-0.5968,5.0,19.48186,48.843956,2.353327,373.8807,NaN,0.54,62.245167,19.7,6 / 25,20533,2022-01-10 17:04:53:062
0.00329,-0.172881,9.682258,0.080054,-0.238157,9.803432,-0.077591,0.05754,0.291268,-2.66E-4,-1.33E-4,1.33E-4,74.0,4.875,-21.075,-30.45,193.7087,1.5007,-0.5968,5.0,19.48186,48.843956,2.353327,373.8807,NaN,0.54,62.245167,19.7,6 / 25,20537,2022-01-10 17:04:53:066
0.00329,-0.172881,9.682258,0.080054,-0.238157,9.803432,-0.077591,0.05754,0.291268,-2.66E-4,-1.33E-4,1.33E-4,74.0,4.875,-21.075,-30.45,193.7087,1.5007,-0.5968,5.0,19.48186,48.843956,2.353327,373.8807,NaN,0.54,62.245167,19.7,6 / 25,20543,2022-01-10 17:04:53:072
0.00329,-0.172881,9.682258,0.080054,-0.238157,9.803432,-0.077591,0.05754,0.291268,-2.66E-4,-1.33E-4,1.33E-4,74.0,4.875,-21.075,-30.45,193.7087,1.5007,-0.5968,5.0,19.48186,48.843956,2.353327,373.8807,NaN,0.54,62.245167,19.7,6 / 25,20548,2022-01-10 17:04:53:077
0.00329,-0.172881,9.682258,0.080054,-0.238157,9.803432,-0.077591,0.05754,0.291268,-2.66E-4,-1.33E-4,1.33E-4,74.0,4.875,-21.075,-30.45,193.7087,1.5007,-0.5968,5.0,19.48186,48.843956,2.353327,373.8807,NaN,0.54,62.245167,19.7,6 / 25,20552,2022-01-10 17:04:53:081
0.00329,-0.172881,9.682258,0.080054,-0.238157,9.803432,-0.077591,0.05754,0.291268,-2.66E-4,-1.33E-4,1.33E-4,74.0,4.875,-21.075,-30.45,193.7087,1.5007,-0.5968,5.0,19.48186,48.843956,2.353327,373.8807,NaN,0.54,62.245167,19.7,6 / 25,20558,2022-01-10 17:04:53:087
0.00329,-0.172881,9.682258,0.080054,-0.238157,9.803432,-0.077591,0.05754,0.291268,-2.66E-4,-1.33E-4,1.33E-4,74.0,4.875,-21.075,-30.45,193.7087,1.5007,-0.5968,5.0,19.48186,48.843956,2.353327,373.8807,NaN,0.54,62.245167,19.7,6 / 25,20563,2022-01-10 17:04:53:092
0.00329,-0.172881,9.682258,0.080054,-0.238157,9.803432,-0.077591,0.05754,0.291268,-2.66E-4,-1.33E-4,1.33E-4,74.0,4.875,-21.075,-30.45,193.7087,1.5007,-0.5968,5.0,19.48186,48.843956,2.353327,373.8807,NaN,0.54,62.245167,19.7,6 / 25,20568,2022-01-10 17:04:53:097
0.00329,-0.172881,9.682258,0.080054,-0.238157,9.803432,-0.077591,0.05754,0.291268,-2.66E-4,-1.33E-4,1.33E-4,74.0,4.875,-21.075,-30.45,193.7087,1.5007,-0.5968,5.0,19.48186,48.843956,2.353327,373.8807,NaN,0.54,62.245167,19.7,6 / 25,20572,2022-01-10 17:04:53:101
0.00329,-0.172881,9.682258,0.080054,-0.238157,9.803432,-0.077591,0.05754,0.291268,-2.66E-4,-1.33E-4,1.33E-4,74.0,4.875,-21.075,-30.45,193.7087,1.5007,-0.5968,5.0,19.48186,48.843956,2.353327,373.8807,NaN,0.54,62.245167,19.7,6 / 25,20577,2022-01-10 17:04:53:106
0.00329,-0.172881,9.682258,0.080054,-0.238157,9.803432,-0.077591,0.05754,0.291268,-2.66E-4,-1.33E-4,1.33E-4,74.0,4.875,-21.075,-30.45,193.7087,1.5007,-0.5968,5.0,19.48186,48.843956,2.353327,373.8807,NaN,0.54,62.245167,19.7,6 / 25,20583,2022-01-10 17:04:53:112
0.00329,-0.172881,9.682258,0.080054,-0.238157,9.803432,-0.077591,0.05754,0.291268,-2.66E-4,-1.33E-4,1.33E-4,74.0,4.875,-21.075,-30.45,193.7087,1.5007,-0.5968,5.0,19.48186,48.843956,2.353327,373.8807,NaN,0.54,62.245167,19.7,6 / 25,20588,2022-01-10 17:04:53:117
0.00329,-0.172881,9.682258,0.080054,-0.238157,9.803432,-0.077591,0.05754,0.291268,-2.66E-4,-1.33E-4,1.33E-4,74.0,4.875,-21.075,-30.45,193.7087,1.5007,-0.5968,5.0,19.48186,48.843956,2.353327,373.8807,NaN,0.54,62.245167,19.7,6 / 25,20592,2022-01-10 17:04:53:121
-0.00987,-0.175274,9.700204,0.080054,-0.238157,9.803432,-0.077591,0.05754,0.291268,-2.66E-4,-1.33E-4,1.33E-4,74.0,4.875,-21.075,-30.525,193.5805,1.3916,-0.4679,5.0,19.48186,48.843956,2.353327,373.8807,NaN,0.54,62.245167,19.7,6 / 25,20597,2022-01-10 17:04:53:126
-0.00987,-0.175274,9.700204,0.080054,-0.238157,9.803432,-0.077591,0.05754,0.291268,-2.66E-4,-1.33E-4,1.33E-4,74.0,4.875,-21.075,-30.525,193.5805,1.3916,-0.4679,5.0,19.48186,48.843956,2.353327,373.8807,NaN,0.54,62.245167,19.7,6 / 25,20603,2022-01-10 17:04:53:132
-0.00987,-0.175274,9.700204,0.080054,-0.238157,9.803432,-0.077591,0.05754,0.291268,-2.66E-4,-1.33E-4,1.33E-4,74.0,4.875,-21.075,-30.525,193.5805,1.3916,-0.4679,5.0,19.48186,48.843956,2.353327,373.8807,NaN,0.54,62.245167,19.7,6 / 25,20608,2022-01-10 17:04:53:137
-0.00987,-0.175274,9.700204,0.080054,-0.238157,9.803432,-0.077591,0.05754,0.291268,-2.66E-4,-1.33E-4,1.33E-4,74.0,4.875,-21.075,-30.525,193.5805,1.3916,-0.4679,5.0,19.48186,48.843956,2.353327,373.8807,NaN,0.54,62.245167,19.7,6 / 25,20612,2022-01-10 17:04:53:141
-0.00987,-0.175274,9.700204,0.080054,-0.238157,9.803432,-0.077591,0.05754,0.291268,-2.66E-4,-1.33E-4,1.33E-4,74.0,4.875,-21.075,-30.525,193.5805,1.3916,-0.4679,5.0,19.48186,48.843956,2.353327,373.8807,NaN,0.54,62.245167,19.7,6 / 25,20617,2022-01-10 17:04:53:146
-0.00987,-0.175274,9.700204,0.061624,-0.225609,9.803861,-0.070267,0.046493,0.235487,-2.66E-4,-1.33E-4,1.33E-4,74.0,4.875,-21.075,-30.525,193.5805,1.3916,-0.4679,5.0,19.48186,48.843956,2.353327,373.8807,NaN,0.54,62.245167,19.7,6 / 25,20625,2022-01-10 17:04:53:154
-0.00987,-0.175274,9.700204,0.061624,-0.225609,9.803861,-0.070267,0.046493,0.235487,-2.66E-4,-1.33E-4,1.33E-4,74.0,4.875,-21.075,-30.525,193.5805,1.3916,-0.4679,5.0,19.48186,48.843956,2.353327,373.8807,NaN,0.54,62.245167,19.7,6 / 25,20629,2022-01-10 17:04:53:158
-0.00987,-0.175274,9.700204,0.061624,-0.225609,9.803861,-0.070267,0.046493,0.235487,-2.66E-4,-1.33E-4,1.33E-4,74.0,4.875,-21.075,-30.525,193.5805,1.3916,-0.4679,5.0,19.48186,48.843956,2.353327,373.8807,NaN,0.54,62.245167,19.7,6 / 25,20633,2022-01-10 17:04:53:162
-0.00987,-0.175274,9.700204,0.061624,-0.225609,9.803861,-0.070267,0.046493,0.235487,-2.66E-4,-1.33E-4,1.33E-4,74.0,4.875,-21.075,-30.525,193.5805,1.3916,-0.4679,5.0,19.48186,48.843956,2.353327,373.8807,NaN,0.54,62.245167,19.7,6 / 25,20638,2022-01-10 17:04:53:167
-0.00987,-0.175274,9.700204,0.061624,-0.225609,9.803861,-0.070267,0.046493,0.235487,-2.66E-4,-1.33E-4,1.33E-4,74.0,4.875,-21.075,-30.525,193.5805,1.3916,-0.4679,5.0,19.48186,48.843956,2.353327,373.8807,NaN,0.54,62.245167,19.7,6 / 25,20642,2022-01-10 17:04:53:171
-0.00987,-0.175274,9.700204,0.061624,-0.225609,9.803861,-0.070267,0.046493,0.235487,-2.66E-4,-1.33E-4,1.33E-4,74.0,4.875,-21.075,-30.525,193.5805,1.3916,-0.4679,5.0,19.48186,48.843956,2.353327,373.8807,NaN,0.54,62.245167,19.7,6 / 25,20647,2022-01-10 17:04:53:176
-0.00987,-0.175274,9.700204,0.061624,-0.225609,9.803861,-0.070267,0.046493,0.235487,-0.001065,-3.99E-4,2.66E-4,74.0,4.875,-21.075,-30.525,193.5805,1.3916,-0.4679,5.0,19.48186,48.843956,2.353327,373.8807,NaN,0.54,62.245167,19.7,6 / 25,20652,2022-01-10 17:04:53:181
-0.00987,-0.175274,9.700204,0.061624,-0.225609,9.803861,-0.070267,0.046493,0.235487,-0.001065,-3.99E-4,2.66E-4,74.0,4.875,-21.075,-30.525,193.5805,1.3916,-0.4679,5.0,19.48186,48.843956,2.353327,373.8807,NaN,0.54,62.245167,19.7,6 / 25,20657,2022-01-10 17:04:53:186
-0.00987,-0.175274,9.700204,0.061624,-0.225609,9.803861,-0.070267,0.046493,0.235487,-0.001065,-3.99E-4,2.66E-4,74.0,4.875,-21.075,-30.525,193.5805,1.3916,-0.4679,5.0,19.48186,48.843956,2.353327,373.8807,NaN,0.54,62.245167,19.7,6 / 25,20662,2022-01-10 17:04:53:191
-0.00987,-0.175274,9.700204,0.061624,-0.225609,9.803861,-0.070267,0.046493,0.235487,-0.001065,-3.99E-4,2.66E-4,74.0,4.875,-21.075,-30.525,193.5805,1.3916,-0.4679,5.0,19.48186,48.843956,2.353327,373.8807,NaN,0.54,62.245167,19.7,6 / 25,20668,2022-01-10 17:04:53:197
-0.00987,-0.175274,9.700204,0.061624,-0.225609,9.803861,-0.070267,0.046493,0.235487,-0.001065,-3.99E-4,2.66E-4,74.0,4.875,-21.075,-30.525,193.5805,1.3916,-0.4679,5.0,19.48186,48.843956,2.353327,373.8807,NaN,0.54,62.245167,19.7,6 / 25,20673,2022-01-10 17:04:53:202
-0.00987,-0.175274,9.700204,0.061624,-0.225609,9.803861,-0.070267,0.046493,0.235487,-0.001065,-3.99E-4,2.66E-4,74.0,4.875,-21.075,-30.525,193.5805,1.3916,-0.4679,5.0,19.48186,48.843956,2.353327,373.8807,NaN,0.54,62.245167,19.7,6 / 25,20677,2022-01-10 17:04:53:206
-0.00987,-0.175274,9.700204,0.061624,-0.225609,9.803861,-0.070267,0.046493,0.235487,-0.001065,-3.99E-4,2.66E-4,74.0,4.875,-21.075,-30.525,193.5805,1.3916,-0.4679,5.0,19.48186,48.843956,2.353327,373.8807,NaN,0.54,62.245167,19.7,6 / 25,20682,2022-01-10 17:04:53:211
-0.00987,-0.175274,9.700204,0.061624,-0.225609,9.803861,-0.070267,0.046493,0.235487,-0.001065,-3.99E-4,2.66E-4,74.0,4.875,-21.075,-30.525,193.5805,1.3916,-0.4679,5.0,19.48186,48.843956,2.353327,373.8807,NaN,0.54,62.245167,19.7,6 / 25,20688,2022-01-10 17:04:53:217
-0.005085,-0.172881,9.697811,0.061624,-0.225609,9.803861,-0.070267,0.046493,0.235487,-0.001065,-3.99E-4,2.66E-4,74.0,4.875,-21.075,-30.525,193.5805,1.3916,-0.4679,5.0,19.48186,48.843956,2.353327,373.8807,NaN,0.54,62.245167,19.7,6 / 25,20693,2022-01-10 17:04:53:222
-0.005085,-0.172881,9.697811,0.061624,-0.225609,9.803861,-0.070267,0.046493,0.235487,-0.001065,-3.99E-4,2.66E-4,74.0,4.875,-21.075,-30.525,193.5805,1.3916,-0.4679,5.0,19.48186,48.843956,2.353327,373.8807,NaN,0.54,62.245167,19.7,6 / 25,20697,2022-01-10 17:04:53:226
-0.005085,-0.172881,9.697811,0.061624,-0.225609,9.803861,-0.070267,0.046493,0.235487,-0.001065,-3.99E-4,2.66E-4,74.0,4.875,-21.075,-30.525,193.5805,1.3916,-0.4679,5.0,19.48186,48.843956,2.353327,373.8807,NaN,0.54,62.245167,19.7,6 / 25,20702,2022-01-10 17:04:53:231
-0.005085,-0.172881,9.697811,0.061624,-0.225609,9.803861,-0.070267,0.046493,0.235487,-0.001065,-3.99E-4,2.66E-4,74.0,4.875,-21.075,-30.525,193.5805,1.3916,-0.4679,5.0,19.48186,48.843956,2.353327,373.8807,NaN,0.54,62.245167,19.7,6 / 25,20707,2022-01-10 17:04:53:236
-0.005085,-0.172881,9.697811,0.061624,-0.225609,9.803861,-0.070267,0.046493,0.235487,-0.001065,-3.99E-4,2.66E-4,74.0,4.875,-21.075,-30.525,193.5805,1.3916,-0.4679,5.0,19.48186,48.843956,2.353327,373.8807,NaN,0.54,62.245167,19.7,6 / 25,20713,2022-01-10 17:04:53:242
-0.005085,-0.172881,9.697811,0.061624,-0.225609,9.803861,-0.070267,0.046493,0.235487,-0.001065,-3.99E-4,2.66E-4,74.0,4.875,-21.075,-30.525,193.5805,1.3916,-0.4679,5.0,19.48186,48.843956,2.353327,373.8807,NaN,0.54,62.245167,19.7,6 / 25,20718,2022-01-10 17:04:53:247
-0.005085,-0.172881,9.697811,0.061624,-0.225609,9.803861,-0.070267,0.046493,0.235487,-0.001065,-3.99E-4,2.66E-4,74.0,4.875,-21.075,-30.525,193.5805,1.3916,-0.4679,5.0,19.48186,48.843956,2.353327,373.8807,NaN,0.54,62.245167,19.7,6 / 25,20722,2022-01-10 17:04:53:251
-0.005085,-0.172881,9.697811,0.061624,-0.225609,9.803861,-0.070267,0.046493,0.235487,-0.001065,-3.99E-4,2.66E-4,74.0,4.875,-21.075,-30.525,193.5805,1.3916,-0.4679,5.0,19.48186,48.843956,2.353327,373.8807,NaN,0.54,62.245167,19.7,6 / 25,20728,2022-01-10 17:04:53:257
-0.005085,-0.172881,9.697811,0.061624,-0.225609,9.803861,-0.070267,0.046493,0.235487,-0.001065,-3.99E-4,2.66E-4,74.0,4.875,-21.075,-30.525,193.5805,1.3916,-0.4679,5.0,19.48186,48.843956,2.353327,373.8807,NaN,0.54,62.245167,19.7,6 / 25,20733,2022-01-10 17:04:53:262
-0.005085,-0.172881,9.697811,0.061624,-0.225609,9.803861,-0.070267,0.046493,0.235487,-0.001065,-3.99E-4,2.66E-4,74.0,4.95,-20.925,-30.45,193.4566,1.3182,-0.3601,5.0,19.48186,48.843956,2.353327,373.8807,NaN,0.54,62.245167,19.7,6 / 25,20738,2022-01-10 17:04:53:267
-0.005085,-0.172881,9.697811,0.061624,-0.225609,9.803861,-0.070267,0.046493,0.235487,-0.001065,-3.99E-4,2.66E-4,74.0,4.95,-20.925,-30.45,193.4566,1.3182,-0.3601,5.0,19.48186,48.843956,2.353327,373.8807,NaN,0.54,62.245167,19.7,6 / 25,20743,2022-01-10 17:04:53:272
-0.005085,-0.172881,9.697811,0.061624,-0.225609,9.803861,-0.070267,0.046493,0.235487,-0.001065,-3.99E-4,2.66E-4,74.0,4.95,-20.925,-30.45,193.4566,1.3182,-0.3601,5.0,19.48186,48.843956,2.353327,373.8807,NaN,0.54,62.245167,19.7,6 / 25,20747,2022-01-10 17:04:53:276
-0.005085,-0.172881,9.697811,0.061624,-0.225609,9.803861,-0.070267,0.046493,0.235487,-0.001065,-3.99E-4,2.66E-4,74.0,4.95,-20.925,-30.45,193.4566,1.3182,-0.3601,5.0,19.48186,48.843956,2.353327,373.8807,NaN,0.54,62.245167,19.7,6 / 25,20753,2022-01-10 17:04:53:282
-0.005085,-0.172881,9.697811,0.047829,-0.21533,9.804169,-0.047994,0.038413,0.181069,-0.001065,-3.99E-4,2.66E-4,74.0,4.95,-20.925,-30.45,193.4566,1.3182,-0.3601,5.0,19.48186,48.843956,2.353327,373.8807,NaN,0.54,62.245167,19.7,6 / 25,20757,2022-01-10 17:04:53:286
-0.005085,-0.172881,9.697811,0.047829,-0.21533,9.804169,-0.047994,0.038413,0.181069,-0.001065,-3.99E-4,2.66E-4,74.0,4.95,-20.925,-30.45,193.4566,1.3182,-0.3601,5.0,19.48186,48.843956,2.353327,373.8807,NaN,0.54,62.245167,19.7,6 / 25,20763,2022-01-10 17:04:53:292
-0.005085,-0.172881,9.697811,0.047829,-0.21533,9.804169,-0.047994,0.038413,0.181069,-0.001065,-3.99E-4,2.66E-4,74.0,4.95,-20.925,-30.45,193.4566,1.3182,-0.3601,5.0,19.48186,48.843956,2.353327,373.8807,NaN,0.54,62.245167,19.7,6 / 25,20767,2022-01-10 17:04:53:296
-0.005085,-0.172881,9.697811,0.047829,-0.21533,9.804169,-0.047994,0.038413,0.181069,-0.001065,-3.99E-4,2.66E-4,74.0,4.95,-20.925,-30.45,193.4566,1.3182,-0.3601,5.0,19.57016,48.843956,2.353327,373.8807,NaN,0.54,62.245167,19.7,6 / 25,20773,2022-01-10 17:04:53:302
-0.005085,-0.172881,9.697811,0.047829,-0.21533,9.804169,-0.047994,0.038413,0.181069,-9.32E-4,-1.33E-4,-5.33E-4,74.0,4.95,-20.925,-30.45,193.4566,1.3182,-0.3601,5.0,19.57016,48.843956,2.353327,373.8807,NaN,0.54,62.245167,19.7,6 / 25,20778,2022-01-10 17:04:53:307
-0.005085,-0.172881,9.697811,0.047829,-0.21533,9.804169,-0.047994,0.038413,0.181069,-9.32E-4,-1.33E-4,-5.33E-4,74.0,4.95,-20.925,-30.45,193.4566,1.3182,-0.3601,5.0,19.57016,48.843956,2.353327,373.8807,NaN,0.54,62.245167,19.7,6 / 25,20782,2022-01-10 17:04:53:311
-0.005085,-0.172881,9.697811,0.047829,-0.21533,9.804169,-0.047994,0.038413,0.181069,-9.32E-4,-1.33E-4,-5.33E-4,74.0,4.95,-20.925,-30.45,193.4566,1.3182,-0.3601,5.0,19.57016,48.843956,2.353327,373.8807,NaN,0.54,62.245167,19.7,6 / 25,20788,2022-01-10 17:04:53:317
-0.007478,-0.170489,9.687043,0.047829,-0.21533,9.804169,-0.047994,0.038413,0.181069,-9.32E-4,-1.33E-4,-5.33E-4,74.0,4.95,-20.925,-30.45,193.4566,1.3182,-0.3601,5.0,19.57016,48.843956,2.353327,373.8807,NaN,0.54,62.245167,19.7,6 / 25,20793,2022-01-10 17:04:53:322
-0.007478,-0.170489,9.687043,0.047829,-0.21533,9.804169,-0.047994,0.038413,0.181069,-9.32E-4,-1.33E-4,-5.33E-4,74.0,4.95,-20.925,-30.45,193.4566,1.3182,-0.3601,5.0,19.57016,48.843956,2.353327,373.8807,NaN,0.54,62.245167,19.7,6 / 25,20797,2022-01-10 17:04:53:326
-0.007478,-0.170489,9.687043,0.047829,-0.21533,9.804169,-0.047994,0.038413,0.181069,-9.32E-4,-1.33E-4,-5.33E-4,74.0,4.95,-20.925,-30.45,193.4566,1.3182,-0.3601,5.0,19.57016,48.843956,2.353327,373.8807,NaN,0.54,62.245167,19.7,6 / 25,20803,2022-01-10 17:04:53:332
-0.007478,-0.170489,9.687043,0.047829,-0.21533,9.804169,-0.047994,0.038413,0.181069,-9.32E-4,-1.33E-4,-5.33E-4,74.0,4.95,-20.925,-30.45,193.4566,1.3182,-0.3601,5.0,19.57016,48.843956,2.353327,373.8807,NaN,0.54,62.245167,19.7,6 / 25,20808,2022-01-10 17:04:53:337
-0.007478,-0.170489,9.687043,0.047829,-0.21533,9.804169,-0.047994,0.038413,0.181069,-9.32E-4,-1.33E-4,-5.33E-4,74.0,4.95,-20.925,-30.45,193.4566,1.3182,-0.3601,5.0,19.57016,48.843956,2.353327,373.8807,NaN,0.54,62.245167,19.7,6 / 25,20813,2022-01-10 17:04:53:342
-0.007478,-0.170489,9.687043,0.047829,-0.21533,9.804169,-0.047994,0.038413,0.181069,-9.32E-4,-1.33E-4,-5.33E-4,74.0,4.95,-20.925,-30.45,193.4566,1.3182,-0.3601,5.0,19.57016,48.843956,2.353327,373.8807,NaN,0.54,62.245167,19.7,6 / 25,20820,2022-01-10 17:04:53:349
-0.007478,-0.170489,9.687043,0.047829,-0.21533,9.804169,-0.047994,0.038413,0.181069,-9.32E-4,-1.33E-4,-5.33E-4,74.0,4.95,-20.925,-30.45,193.4566,1.3182,-0.3601,5.0,19.57016,48.843956,2.353327,373.8807,NaN,0.54,62.245167,19.7,6 / 25,20822,2022-01-10 17:04:53:351
-0.007478,-0.170489,9.687043,0.047829,-0.21533,9.804169,-0.047994,0.038413,0.181069,-9.32E-4,-1.33E-4,-5.33E-4,74.0,4.95,-20.925,-30.45,193.4566,1.3182,-0.3601,5.0,19.57016,48.843956,2.353327,373.8807,NaN,0.54,62.245167,19.7,6 / 25,20828,2022-01-10 17:04:53:357
-0.007478,-0.170489,9.687043,0.047829,-0.21533,9.804169,-0.047994,0.038413,0.181069,-9.32E-4,-1.33E-4,-5.33E-4,74.0,4.95,-20.925,-30.45,193.4566,1.3182,-0.3601,5.0,19.57016,48.843956,2.353327,373.8807,NaN,0.54,62.245167,19.7,6 / 25,20832,2022-01-10 17:04:53:361
-0.007478,-0.170489,9.687043,0.047829,-0.21533,9.804169,-0.047994,0.038413,0.181069,-9.32E-4,-1.33E-4,-5.33E-4,74.0,4.95,-20.925,-30.45,193.4566,1.3182,-0.3601,5.0,19.57016,48.843956,2.353327,373.8807,NaN,0.54,62.245167,19.7,6 / 25,20838,2022-01-10 17:04:53:367
-0.007478,-0.170489,9.687043,0.047829,-0.21533,9.804169,-0.047994,0.038413,0.181069,-9.32E-4,-1.33E-4,-5.33E-4,74.0,4.95,-20.925,-30.45,193.4566,1.3182,-0.3601,5.0,19.57016,48.843956,2.353327,373.8807,NaN,0.54,62.245167,19.7,6 / 25,20843,2022-01-10 17:04:53:372
-0.007478,-0.170489,9.687043,0.047829,-0.21533,9.804169,-0.047994,0.038413,0.181069,-9.32E-4,-1.33E-4,-5.33E-4,74.0,4.95,-20.925,-30.45,193.4566,1.3182,-0.3601,5.0,19.57016,48.843956,2.353327,373.8807,NaN,0.54,62.245167,19.7,6 / 25,20848,2022-01-10 17:04:53:377
-0.007478,-0.170489,9.687043,0.047829,-0.21533,9.804169,-0.047994,0.038413,0.181069,-9.32E-4,-1.33E-4,-5.33E-4,74.0,4.95,-20.925,-30.45,193.4566,1.3182,-0.3601,5.0,19.57016,48.843956,2.353327,373.8807,NaN,0.54,62.245167,19.7,6 / 25,20853,2022-01-10 17:04:53:382
-0.007478,-0.170489,9.687043,0.047829,-0.21533,9.804169,-0.047994,0.038413,0.181069,-9.32E-4,-1.33E-4,-5.33E-4,74.0,5.325,-20.7,-30.45,193.3694,1.2582,-0.2795,5.0,19.57016,48.843956,2.353327,373.8807,NaN,0.54,62.245167,19.7,6 / 25,20857,2022-01-10 17:04:53:386
-0.007478,-0.170489,9.687043,0.047829,-0.21533,9.804169,-0.047994,0.038413,0.181069,-9.32E-4,-1.33E-4,-5.33E-4,74.0,5.325,-20.7,-30.45,193.3694,1.2582,-0.2795,5.0,19.57016,48.843956,2.353327,373.8807,NaN,0.54,62.245167,19.7,6 / 25,20863,2022-01-10 17:04:53:392
-0.007478,-0.170489,9.687043,0.037747,-0.20606,9.804412,-0.03236,0.03019,0.137153,-9.32E-4,-1.33E-4,-5.33E-4,74.0,5.325,-20.7,-30.45,193.3694,1.2582,-0.2795,5.0,19.57016,48.843956,2.353327,373.8807,NaN,0.54,62.245167,19.7,6 / 25,20868,2022-01-10 17:04:53:397
-0.007478,-0.170489,9.687043,0.037747,-0.20606,9.804412,-0.03236,0.03019,0.137153,-9.32E-4,-1.33E-4,-5.33E-4,74.0,5.325,-20.7,-30.45,193.3694,1.2582,-0.2795,5.0,19.57016,48.843956,2.353327,373.8807,NaN,0.54,62.245167,19.7,6 / 25,20873,2022-01-10 17:04:53:402
-0.007478,-0.170489,9.687043,0.037747,-0.20606,9.804412,-0.03236,0.03019,0.137153,-9.32E-4,-1.33E-4,-5.33E-4,74.0,5.325,-20.7,-30.45,193.3694,1.2582,-0.2795,5.0,19.57016,48.843956,2.353327,373.8807,NaN,0.54,62.245167,19.7,6 / 25,20877,2022-01-10 17:04:53:406
-0.007478,-0.170489,9.687043,0.037747,-0.20606,9.804412,-0.03236,0.03019,0.137153,-9.32E-4,-1.33E-4,-5.33E-4,74.0,5.325,-20.7,-30.45,193.3694,1.2582,-0.2795,5.0,19.57016,48.843956,2.353327,373.8807,NaN,0.54,62.245167,19.7,6 / 25,20884,2022-01-10 17:04:53:413
-0.007478,-0.170489,9.687043,0.037747,-0.20606,9.804412,-0.03236,0.03019,0.137153,-9.32E-4,-1.33E-4,-5.33E-4,74.0,5.325,-20.7,-30.45,193.3694,1.2582,-0.2795,5.0,19.57016,48.843956,2.353327,373.8807,NaN,0.54,62.245167,19.7,6 / 25,20888,2022-01-10 17:04:53:417
-0.007478,-0.170489,9.687043,0.037747,-0.20606,9.804412,-0.03236,0.03019,0.137153,-9.32E-4,-1.33E-4,-5.33E-4,74.0,5.325,-20.7,-30.45,193.3694,1.2582,-0.2795,5.0,19.57016,48.843956,2.353327,373.8807,NaN,0.54,62.245167,19.7,6 / 25,20892,2022-01-10 17:04:53:421
-0.007478,-0.170489,9.687043,0.037747,-0.20606,9.804412,-0.03236,0.03019,0.137153,-9.32E-4,-1.33E-4,-5.33E-4,74.0,5.325,-20.7,-30.45,193.3694,1.2582,-0.2795,5.0,19.57016,48.843956,2.353327,373.8807,NaN,0.54,62.245167,19.7,6 / 25,20898,2022-01-10 17:04:53:427
-0.006281,-0.154935,9.702597,0.037747,-0.20606,9.804412,-0.03236,0.03019,0.137153,6.66E-4,-5.33E-4,-2.66E-4,74.0,5.325,-20.7,-30.45,193.3694,1.2582,-0.2795,5.0,19.57016,48.843956,2.353327,373.8807,NaN,0.54,62.245167,19.7,6 / 25,20903,2022-01-10 17:04:53:432
-0.006281,-0.154935,9.702597,0.037747,-0.20606,9.804412,-0.03236,0.03019,0.137153,6.66E-4,-5.33E-4,-2.66E-4,74.0,5.325,-20.7,-30.45,193.3694,1.2582,-0.2795,5.0,19.57016,48.843956,2.353327,373.8807,NaN,0.54,62.245167,19.7,6 / 25,20907,2022-01-10 17:04:53:436
-0.006281,-0.154935,9.702597,0.037747,-0.20606,9.804412,-0.03236,0.03019,0.137153,6.66E-4,-5.33E-4,-2.66E-4,74.0,5.325,-20.7,-30.45,193.3694,1.2582,-0.2795,5.0,19.57016,48.843956,2.353327,373.8807,NaN,0.54,62.245167,19.7,6 / 25,20919,2022-01-10 17:04:53:448
-0.006281,-0.154935,9.702597,0.037747,-0.20606,9.804412,-0.03236,0.03019,0.137153,6.66E-4,-5.33E-4,-2.66E-4,74.0,5.325,-20.7,-30.45,193.3694,1.2582,-0.2795,5.0,19.57016,48.843956,2.353327,373.8807,NaN,0.54,62.245167,19.7,6 / 25,20920,2022-01-10 17:04:53:449
-0.006281,-0.154935,9.702597,0.037747,-0.20606,9.804412,-0.03236,0.03019,0.137153,6.66E-4,-5.33E-4,-2.66E-4,74.0,5.325,-20.7,-30.45,193.3694,1.2582,-0.2795,5.0,19.57016,48.843956,2.353327,373.8807,NaN,0.54,62.245167,19.7,6 / 25,20923,2022-01-10 17:04:53:452
-0.006281,-0.154935,9.702597,0.037747,-0.20606,9.804412,-0.03236,0.03019,0.137153,6.66E-4,-5.33E-4,-2.66E-4,74.0,5.325,-20.7,-30.45,193.3694,1.2582,-0.2795,5.0,19.57016,48.843956,2.353327,373.8807,NaN,0.54,62.245167,19.7,6 / 25,20928,2022-01-10 17:04:53:457
-0.006281,-0.154935,9.702597,0.037747,-0.20606,9.804412,-0.03236,0.03019,0.137153,6.66E-4,-5.33E-4,-2.66E-4,74.0,5.325,-20.7,-30.45,193.3694,1.2582,-0.2795,5.0,19.57016,48.843956,2.353327,373.8807,NaN,0.54,62.245167,19.7,6 / 25,20932,2022-01-10 17:04:53:461
-0.006281,-0.154935,9.702597,0.037747,-0.20606,9.804412,-0.03236,0.03019,0.137153,6.66E-4,-5.33E-4,-2.66E-4,74.0,5.325,-20.7,-30.45,193.3694,1.2582,-0.2795,5.0,19.57016,48.843956,2.353327,373.8807,NaN,0.54,62.245167,19.7,6 / 25,20938,2022-01-10 17:04:53:467
-0.006281,-0.154935,9.702597,0.037747,-0.20606,9.804412,-0.03236,0.03019,0.137153,6.66E-4,-5.33E-4,-2.66E-4,74.0,5.325,-20.7,-30.45,193.3694,1.2582,-0.2795,5.0,19.57016,48.843956,2.353327,373.8807,NaN,0.54,62.245167,19.7,6 / 25,20942,2022-01-10 17:04:53:471
-0.006281,-0.154935,9.702597,0.037747,-0.20606,9.804412,-0.03236,0.03019,0.137153,6.66E-4,-5.33E-4,-2.66E-4,74.0,5.325,-20.7,-30.45,193.3694,1.2582,-0.2795,5.0,19.57016,48.843956,2.353327,373.8807,NaN,0.54,62.245167,19.7,6 / 25,20948,2022-01-10 17:04:53:477
-0.006281,-0.154935,9.702597,0.037747,-0.20606,9.804412,-0.03236,0.03019,0.137153,6.66E-4,-5.33E-4,-2.66E-4,74.0,5.325,-20.7,-30.45,193.3694,1.2582,-0.2795,5.0,19.57016,48.843956,2.353327,373.8807,NaN,0.54,62.245167,19.7,6 / 25,20952,2022-01-10 17:04:53:481
-0.006281,-0.154935,9.702597,0.037747,-0.20606,9.804412,-0.03236,0.03019,0.137153,6.66E-4,-5.33E-4,-2.66E-4,74.0,5.325,-20.7,-30.45,193.3694,1.2582,-0.2795,5.0,19.57016,48.843956,2.353327,373.8807,NaN,0.54,62.245167,19.7,6 / 25,20958,2022-01-10 17:04:53:487
-0.006281,-0.154935,9.702597,0.037747,-0.20606,9.804412,-0.03236,0.03019,0.137153,6.66E-4,-5.33E-4,-2.66E-4,74.0,5.325,-20.7,-30.45,193.3694,1.2582,-0.2795,5.0,19.57016,48.843956,2.353327,373.8807,NaN,0.54,62.245167,19.7,6 / 25,20962,2022-01-10 17:04:53:491
-0.006281,-0.154935,9.702597,0.037747,-0.20606,9.804412,-0.03236,0.03019,0.137153,6.66E-4,-5.33E-4,-2.66E-4,74.0,5.325,-20.7,-30.45,193.3694,1.2582,-0.2795,5.0,19.57016,48.843956,2.353327,373.8807,NaN,0.54,62.245167,19.7,6 / 25,20967,2022-01-10 17:04:53:496
-0.006281,-0.154935,9.702597,0.037747,-0.20606,9.804412,-0.03236,0.03019,0.137153,6.66E-4,-5.33E-4,-2.66E-4,74.0,5.325,-20.7,-30.45,193.3694,1.2582,-0.2795,5.0,19.57016,48.843956,2.353327,373.8807,NaN,0.54,62.245167,19.7,6 / 25,20972,2022-01-10 17:04:53:501
-0.006281,-0.154935,9.702597,0.037747,-0.20606,9.804412,-0.03236,0.03019,0.137153,6.66E-4,-5.33E-4,-2.66E-4,74.0,5.325,-20.7,-30.45,193.3694,1.2582,-0.2795,5.0,19.57016,48.843956,2.353327,373.8807,NaN,0.54,62.245167,19.7,6 / 25,20978,2022-01-10 17:04:53:507
-0.006281,-0.154935,9.702597,0.037747,-0.20606,9.804412,-0.03236,0.03019,0.137153,6.66E-4,-5.33E-4,-2.66E-4,74.0,5.325,-20.7,-30.45,193.3694,1.2582,-0.2795,5.0,19.57016,48.843956,2.353327,373.8807,NaN,0.54,62.245167,19.7,6 / 25,20983,2022-01-10 17:04:53:512
-0.006281,-0.154935,9.702597,0.037747,-0.20606,9.804412,-0.03236,0.03019,0.137153,6.66E-4,-5.33E-4,-2.66E-4,74.0,5.325,-20.7,-30.45,193.3694,1.2582,-0.2795,5.0,19.57016,48.843956,2.353327,373.8807,NaN,0.54,62.245167,19.7,6 / 25,20987,2022-01-10 17:04:53:516
-0.006281,-0.154935,9.702597,0.037747,-0.20606,9.804412,-0.03236,0.03019,0.137153,6.66E-4,-5.33E-4,-2.66E-4,74.0,5.325,-20.7,-30.45,193.3694,1.2582,-0.2795,5.0,19.57016,48.843956,2.353327,373.8807,NaN,0.54,62.245167,19.7,6 / 25,20993,2022-01-10 17:04:53:522
0.004487,-0.169292,9.68824,0.037747,-0.20606,9.804412,-0.03236,0.03019,0.137153,6.66E-4,-5.33E-4,-2.66E-4,74.0,5.25,-20.775,-30.375,193.3087,1.204,-0.2206,5.0,19.57016,48.843956,2.353327,373.8807,NaN,0.54,62.245167,19.7,6 / 25,20997,2022-01-10 17:04:53:526
0.004487,-0.169292,9.68824,0.029519,-0.198402,9.804599,-0.032415,0.029299,0.108176,6.66E-4,-5.33E-4,-2.66E-4,74.0,5.25,-20.775,-30.375,193.3087,1.204,-0.2206,5.0,19.57016,48.843956,2.353327,373.8807,NaN,0.54,62.245167,19.7,6 / 25,21004,2022-01-10 17:04:53:533
0.004487,-0.169292,9.68824,0.029519,-0.198402,9.804599,-0.032415,0.029299,0.108176,6.66E-4,-5.33E-4,-2.66E-4,74.0,5.25,-20.775,-30.375,193.3087,1.204,-0.2206,5.0,19.57016,48.843956,2.353327,373.8807,NaN,0.54,62.245167,19.7,6 / 25,21009,2022-01-10 17:04:53:538
0.004487,-0.169292,9.68824,0.029519,-0.198402,9.804599,-0.032415,0.029299,0.108176,6.66E-4,-5.33E-4,-2.66E-4,74.0,5.25,-20.775,-30.375,193.3087,1.204,-0.2206,5.0,19.57016,48.843956,2.353327,373.8807,NaN,0.54,62.245167,19.7,6 / 25,21012,2022-01-10 17:04:53:541
0.004487,-0.169292,9.68824,0.029519,-0.198402,9.804599,-0.032415,0.029299,0.108176,6.66E-4,-5.33E-4,-2.66E-4,74.0,5.25,-20.775,-30.375,193.3087,1.204,-0.2206,5.0,19.57016,48.843956,2.353327,373.8807,NaN,0.54,62.245167,19.7,6 / 25,21019,2022-01-10 17:04:53:548
0.004487,-0.169292,9.68824,0.029519,-0.198402,9.804599,-0.032415,0.029299,0.108176,6.66E-4,-5.33E-4,-2.66E-4,74.0,5.25,-20.775,-30.375,193.3087,1.204,-0.2206,5.0,19.57016,48.843956,2.353327,373.8807,NaN,0.54,62.245167,19.7,6 / 25,21023,2022-01-10 17:04:53:552
0.004487,-0.169292,9.68824,0.029519,-0.198402,9.804599,-0.032415,0.029299,0.108176,6.66E-4,-5.33E-4,-2.66E-4,74.0,5.25,-20.775,-30.375,193.3087,1.204,-0.2206,5.0,19.57016,48.843956,2.353327,373.8807,NaN,0.54,62.245167,19.7,6 / 25,21029,2022-01-10 17:04:53:558
0.004487,-0.169292,9.68824,0.029519,-0.198402,9.804599,-0.032415,0.029299,0.108176,6.66E-4,6.66E-4,-5.33E-4,74.0,5.25,-20.775,-30.375,193.3087,1.204,-0.2206,5.0,19.57016,48.843956,2.353327,373.8807,NaN,0.54,62.245167,19.7,6 / 25,21033,2022-01-10 17:04:53:562
0.004487,-0.169292,9.68824,0.029519,-0.198402,9.804599,-0.032415,0.029299,0.108176,6.66E-4,6.66E-4,-5.33E-4,74.0,5.25,-20.775,-30.375,193.3087,1.204,-0.2206,5.0,19.57016,48.843956,2.353327,373.8807,NaN,0.54,62.245167,19.7,6 / 25,21039,2022-01-10 17:04:53:568
0.004487,-0.169292,9.68824,0.029519,-0.198402,9.804599,-0.032415,0.029299,0.108176,6.66E-4,6.66E-4,-5.33E-4,74.0,5.25,-20.775,-30.375,193.3087,1.204,-0.2206,5.0,19.57016,48.843956,2.353327,373.8807,NaN,0.54,62.245167,19.7,6 / 25,21043,2022-01-10 17:04:53:572
0.004487,-0.169292,9.68824,0.029519,-0.198402,9.804599,-0.032415,0.029299,0.108176,6.66E-4,6.66E-4,-5.33E-4,74.0,5.25,-20.775,-30.375,193.3087,1.204,-0.2206,5.0,19.57016,48.843956,2.353327,373.8807,NaN,0.54,62.245167,19.7,6 / 25,21048,2022-01-10 17:04:53:577
0.004487,-0.169292,9.68824,0.029519,-0.198402,9.804599,-0.032415,0.029299,0.108176,6.66E-4,6.66E-4,-5.33E-4,74.0,5.25,-20.775,-30.375,193.3087,1.204,-0.2206,5.0,19.57016,48.843956,2.353327,373.8807,NaN,0.54,62.245167,19.7,6 / 25,21053,2022-01-10 17:04:53:582
0.004487,-0.169292,9.68824,0.029519,-0.198402,9.804599,-0.032415,0.029299,0.108176,6.66E-4,6.66E-4,-5.33E-4,74.0,5.25,-20.775,-30.375,193.3087,1.204,-0.2206,5.0,19.57016,48.843956,2.353327,373.8807,NaN,0.54,62.245167,19.7,6 / 25,21058,2022-01-10 17:04:53:587
0.004487,-0.169292,9.68824,0.029519,-0.198402,9.804599,-0.032415,0.029299,0.108176,6.66E-4,6.66E-4,-5.33E-4,74.0,5.25,-20.775,-30.375,193.3087,1.204,-0.2206,5.0,19.57016,48.843956,2.353327,373.8807,NaN,0.54,62.245167,19.7,6 / 25,21064,2022-01-10 17:04:53:593
0.004487,-0.169292,9.68824,0.029519,-0.198402,9.804599,-0.032415,0.029299,0.108176,6.66E-4,6.66E-4,-5.33E-4,74.0,5.25,-20.775,-30.375,193.3087,1.204,-0.2206,5.0,19.57016,48.843956,2.353327,373.8807,NaN,0.54,62.245167,19.7,6 / 25,21068,2022-01-10 17:04:53:597
0.004487,-0.169292,9.68824,0.029519,-0.198402,9.804599,-0.032415,0.029299,0.108176,6.66E-4,6.66E-4,-5.33E-4,74.0,5.25,-20.775,-30.375,193.3087,1.204,-0.2206,5.0,19.57016,48.843956,2.353327,373.8807,NaN,0.54,62.245167,19.7,6 / 25,21073,2022-01-10 17:04:53:602
0.004487,-0.169292,9.68824,0.029519,-0.198402,9.804599,-0.032415,0.029299,0.108176,6.66E-4,6.66E-4,-5.33E-4,74.0,5.25,-20.775,-30.375,193.3087,1.204,-0.2206,5.0,19.57016,48.843956,2.353327,373.8807,NaN,0.54,62.245167,19.7,6 / 25,21079,2022-01-10 17:04:53:608
0.004487,-0.169292,9.68824,0.029519,-0.198402,9.804599,-0.032415,0.029299,0.108176,6.66E-4,6.66E-4,-5.33E-4,74.0,5.25,-20.775,-30.375,193.3087,1.204,-0.2206,5.0,19.38562,48.843956,2.353327,373.8807,NaN,0.54,62.245167,19.7,6 / 25,21083,2022-01-10 17:04:53:612
0.004487,-0.169292,9.68824,0.029519,-0.198402,9.804599,-0.032415,0.029299,0.108176,6.66E-4,6.66E-4,-5.33E-4,74.0,5.25,-20.775,-30.375,193.3087,1.204,-0.2206,5.0,19.38562,48.843956,2.353327,373.8807,NaN,0.54,62.245167,19.7,6 / 25,21088,2022-01-10 17:04:53:617
0.004487,-0.169292,9.68824,0.029519,-0.198402,9.804599,-0.032415,0.029299,0.108176,6.66E-4,6.66E-4,-5.33E-4,74.0,5.25,-20.775,-30.375,193.3087,1.204,-0.2206,5.0,19.38562,48.843956,2.353327,373.8807,NaN,0.54,62.245167,19.7,6 / 25,21093,2022-01-10 17:04:53:622
0.002094,-0.157328,9.690633,0.029519,-0.198402,9.804599,-0.032415,0.029299,0.108176,6.66E-4,6.66E-4,-5.33E-4,74.0,5.25,-20.775,-30.375,193.3087,1.204,-0.2206,5.0,19.38562,48.843956,2.353327,373.8807,NaN,0.54,62.245167,19.7,6 / 25,21098,2022-01-10 17:04:53:627
0.002094,-0.157328,9.690633,0.029519,-0.198402,9.804599,-0.032415,0.029299,0.108176,6.66E-4,6.66E-4,-5.33E-4,74.0,5.25,-20.775,-30.375,193.3087,1.204,-0.2206,5.0,19.38562,48.843956,2.353327,373.8807,NaN,0.54,62.245167,19.7,6 / 25,21103,2022-01-10 17:04:53:632
0.002094,-0.157328,9.690633,0.029519,-0.198402,9.804599,-0.032415,0.029299,0.108176,6.66E-4,6.66E-4,-5.33E-4,74.0,5.25,-20.775,-30.375,193.3087,1.204,-0.2206,5.0,19.38562,48.843956,2.353327,373.8807,NaN,0.54,62.245167,19.7,6 / 25,21107,2022-01-10 17:04:53:636
0.002094,-0.157328,9.690633,0.022525,-0.191194,9.80476,-0.032415,0.029299,0.108176,6.66E-4,6.66E-4,-5.33E-4,74.0,5.25,-20.775,-30.375,193.3087,1.204,-0.2206,5.0,19.38562,48.843956,2.353327,373.8807,NaN,0.54,62.245167,19.7,6 / 25,21113,2022-01-10 17:04:53:642
0.002094,-0.157328,9.690633,0.022525,-0.191194,9.80476,-0.025634,0.026715,0.089168,6.66E-4,6.66E-4,-5.33E-4,74.0,5.25,-20.775,-30.375,193.3087,1.204,-0.2206,5.0,19.38562,48.843956,2.353327,373.8807,NaN,0.54,62.245167,19.7,6 / 25,21123,2022-01-10 17:04:53:652
0.002094,-0.157328,9.690633,0.022525,-0.191194,9.80476,-0.025634,0.026715,0.089168,6.66E-4,6.66E-4,-5.33E-4,74.0,5.25,-20.775,-30.375,193.3087,1.204,-0.2206,5.0,19.38562,48.843956,2.353327,373.8807,NaN,0.54,62.245167,19.7,6 / 25,21124,2022-01-10 17:04:53:653
0.002094,-0.157328,9.690633,0.022525,-0.191194,9.80476,-0.025634,0.026715,0.089168,6.66E-4,6.66E-4,-5.33E-4,74.0,5.25,-20.775,-30.375,193.3087,1.204,-0.2206,5.0,19.38562,48.843956,2.353327,373.8807,NaN,0.54,62.245167,19.7,6 / 25,21128,2022-01-10 17:04:53:657
0.002094,-0.157328,9.690633,0.022525,-0.191194,9.80476,-0.025634,0.026715,0.089168,6.66E-4,6.66E-4,-5.33E-4,74.0,5.25,-20.775,-30.375,193.3087,1.204,-0.2206,5.0,19.38562,48.843956,2.353327,373.8807,NaN,0.54,62.245167,19.7,6 / 25,21133,2022-01-10 17:04:53:662
0.002094,-0.157328,9.690633,0.022525,-0.191194,9.80476,-0.025634,0.026715,0.089168,6.66E-4,6.66E-4,-5.33E-4,74.0,4.95,-20.775,-30.3,193.2181,1.1171,-0.1316,5.0,19.38562,48.843956,2.353327,373.8807,NaN,0.54,62.245167,19.7,6 / 25,21137,2022-01-10 17:04:53:666
0.002094,-0.157328,9.690633,0.022525,-0.191194,9.80476,-0.025634,0.026715,0.089168,6.66E-4,6.66E-4,-5.33E-4,74.0,4.95,-20.775,-30.3,193.2181,1.1171,-0.1316,5.0,19.38562,48.843956,2.353327,373.8807,NaN,0.54,62.245167,19.7,6 / 25,21143,2022-01-10 17:04:53:672
0.002094,-0.157328,9.690633,0.022525,-0.191194,9.80476,-0.025634,0.026715,0.089168,6.66E-4,6.66E-4,-5.33E-4,74.0,4.95,-20.775,-30.3,193.2181,1.1171,-0.1316,5.0,19.38562,48.843956,2.353327,373.8807,NaN,0.54,62.245167,19.7,6 / 25,21148,2022-01-10 17:04:53:677
0.002094,-0.157328,9.690633,0.022525,-0.191194,9.80476,-0.025634,0.026715,0.089168,6.66E-4,6.66E-4,-5.33E-4,74.0,4.95,-20.775,-30.3,193.2181,1.1171,-0.1316,5.0,19.38562,48.843956,2.353327,373.8807,NaN,0.54,62.245167,19.7,6 / 25,21152,2022-01-10 17:04:53:681
0.002094,-0.157328,9.690633,0.022525,-0.191194,9.80476,-0.025634,0.026715,0.089168,6.66E-4,6.66E-4,-5.33E-4,74.0,4.95,-20.775,-30.3,193.2181,1.1171,-0.1316,5.0,19.38562,48.843956,2.353327,373.8807,NaN,0.54,62.245167,19.7,6 / 25,21157,2022-01-10 17:04:53:686
0.002094,-0.157328,9.690633,0.022525,-0.191194,9.80476,-0.025634,0.026715,0.089168,6.66E-4,6.66E-4,-5.33E-4,74.0,4.95,-20.775,-30.3,193.2181,1.1171,-0.1316,5.0,19.38562,48.843956,2.353327,373.8807,NaN,0.54,62.245167,19.7,6 / 25,21163,2022-01-10 17:04:53:692
0.002094,-0.157328,9.690633,0.022525,-0.191194,9.80476,-0.025634,0.026715,0.089168,-3.99E-4,-3.99E-4,-2.66E-4,74.0,4.95,-20.775,-30.3,193.2181,1.1171,-0.1316,5.0,19.38562,48.843956,2.353327,373.8807,NaN,0.54,62.245167,19.7,6 / 25,21167,2022-01-10 17:04:53:696
0.002094,-0.157328,9.690633,0.022525,-0.191194,9.80476,-0.025634,0.026715,0.089168,-3.99E-4,-3.99E-4,-2.66E-4,74.0,4.95,-20.775,-30.3,193.2181,1.1171,-0.1316,5.0,19.38562,48.843956,2.353327,373.8807,NaN,0.54,62.245167,19.7,6 / 25,21173,2022-01-10 17:04:53:702
0.002094,-0.157328,9.690633,0.022525,-0.191194,9.80476,-0.025634,0.026715,0.089168,-3.99E-4,-3.99E-4,-2.66E-4,74.0,4.95,-20.775,-30.3,193.2181,1.1171,-0.1316,5.0,19.38562,48.843956,2.353327,373.8807,NaN,0.54,62.245167,19.7,6 / 25,21177,2022-01-10 17:04:53:706
0.002094,-0.157328,9.690633,0.022525,-0.191194,9.80476,-0.025634,0.026715,0.089168,-3.99E-4,-3.99E-4,-2.66E-4,74.0,4.95,-20.775,-30.3,193.2181,1.1171,-0.1316,5.0,19.38562,48.843956,2.353327,373.8807,NaN,0.54,62.245167,19.7,6 / 25,21182,2022-01-10 17:04:53:711
0.004487,-0.152542,9.685847,0.022525,-0.191194,9.80476,-0.025634,0.026715,0.089168,-3.99E-4,-3.99E-4,-2.66E-4,74.0,4.95,-20.775,-30.3,193.2181,1.1171,-0.1316,5.0,19.38562,48.843956,2.353327,373.8807,NaN,0.54,62.245167,19.7,6 / 25,21188,2022-01-10 17:04:53:717
0.004487,-0.152542,9.685847,0.022525,-0.191194,9.80476,-0.025634,0.026715,0.089168,-3.99E-4,-3.99E-4,-2.66E-4,74.0,4.95,-20.775,-30.3,193.2181,1.1171,-0.1316,5.0,19.38562,48.843956,2.353327,373.8807,NaN,0.54,62.245167,19.7,6 / 25,21193,2022-01-10 17:04:53:722
0.004487,-0.152542,9.685847,0.022525,-0.191194,9.80476,-0.025634,0.026715,0.089168,-3.99E-4,-3.99E-4,-2.66E-4,74.0,4.95,-20.775,-30.3,193.2181,1.1171,-0.1316,5.0,19.38562,48.843956,2.353327,373.8807,NaN,0.54,62.245167,19.7,6 / 25,21199,2022-01-10 17:04:53:728
0.004487,-0.152542,9.685847,0.022525,-0.191194,9.80476,-0.025634,0.026715,0.089168,-3.99E-4,-3.99E-4,-2.66E-4,74.0,4.95,-20.775,-30.3,193.2181,1.1171,-0.1316,5.0,19.38562,48.843956,2.353327,373.8807,NaN,0.54,62.245167,19.7,6 / 25,21202,2022-01-10 17:04:53:731
0.004487,-0.152542,9.685847,0.022525,-0.191194,9.80476,-0.025634,0.026715,0.089168,-3.99E-4,-3.99E-4,-2.66E-4,74.0,4.95,-20.775,-30.3,193.2181,1.1171,-0.1316,5.0,19.38562,48.843956,2.353327,373.8807,NaN,0.54,62.245167,19.7,6 / 25,21208,2022-01-10 17:04:53:737
0.004487,-0.152542,9.685847,0.022525,-0.191194,9.80476,-0.025634,0.026715,0.089168,-3.99E-4,-3.99E-4,-2.66E-4,74.0,4.95,-20.775,-30.3,193.2181,1.1171,-0.1316,5.0,19.38562,48.843956,2.353327,373.8807,NaN,0.54,62.245167,19.7,6 / 25,21213,2022-01-10 17:04:53:742
0.004487,-0.152542,9.685847,0.022525,-0.191194,9.80476,-0.025634,0.026715,0.089168,-3.99E-4,-3.99E-4,-2.66E-4,74.0,4.95,-20.775,-30.3,193.2181,1.1171,-0.1316,5.0,19.38562,48.843956,2.353327,373.8807,NaN,0.54,62.245167,19.7,6 / 25,21218,2022-01-10 17:04:53:747
0.004487,-0.152542,9.685847,0.022525,-0.191194,9.80476,-0.025634,0.026715,0.089168,-3.99E-4,-3.99E-4,-2.66E-4,74.0,4.95,-20.775,-30.3,193.2181,1.1171,-0.1316,5.0,19.38562,48.843956,2.353327,373.8807,NaN,0.54,62.245167,19.7,6 / 25,21223,2022-01-10 17:04:53:752
0.004487,-0.152542,9.685847,0.022525,-0.191194,9.80476,-0.025634,0.026715,0.089168,-3.99E-4,-3.99E-4,-2.66E-4,74.0,4.95,-20.775,-30.3,193.2181,1.1171,-0.1316,5.0,19.38562,48.843956,2.353327,373.8807,NaN,0.54,62.245167,19.7,6 / 25,21228,2022-01-10 17:04:53:757
0.004487,-0.152542,9.685847,0.022525,-0.191194,9.80476,-0.025634,0.026715,0.089168,-3.99E-4,-3.99E-4,-2.66E-4,74.0,4.95,-20.775,-30.3,193.2181,1.1171,-0.1316,5.0,19.38562,48.843956,2.353327,373.8807,NaN,0.54,62.245167,19.7,6 / 25,21233,2022-01-10 17:04:53:762
0.004487,-0.152542,9.685847,0.022525,-0.191194,9.80476,-0.025634,0.026715,0.089168,-3.99E-4,-3.99E-4,-2.66E-4,74.0,4.95,-20.775,-30.3,193.2181,1.1171,-0.1316,5.0,19.38562,48.843956,2.353327,373.8807,NaN,0.54,62.245167,19.7,6 / 25,21238,2022-01-10 17:04:53:767
0.004487,-0.152542,9.685847,0.022525,-0.191194,9.80476,-0.025634,0.026715,0.089168,-3.99E-4,-3.99E-4,-2.66E-4,74.0,4.95,-20.775,-30.3,193.2181,1.1171,-0.1316,5.0,19.38562,48.843956,2.353327,373.8807,NaN,0.54,62.245167,19.7,6 / 25,21242,2022-01-10 17:04:53:771
0.004487,-0.152542,9.685847,0.018522,-0.185203,9.804884,-0.025634,0.026715,0.089168,-3.99E-4,-3.99E-4,-2.66E-4,74.0,4.95,-20.775,-30.3,193.2181,1.1171,-0.1316,5.0,19.38562,48.843956,2.353327,373.8807,NaN,0.54,62.245167,19.7,6 / 25,21248,2022-01-10 17:04:53:777
0.004487,-0.152542,9.685847,0.018522,-0.185203,9.804884,-0.011766,0.022392,0.071368,-3.99E-4,-3.99E-4,-2.66E-4,74.0,4.95,-20.775,-30.3,193.2181,1.1171,-0.1316,5.0,19.38562,48.843956,2.353327,373.8807,NaN,0.54,62.245167,19.7,6 / 25,21252,2022-01-10 17:04:53:781
0.004487,-0.152542,9.685847,0.018522,-0.185203,9.804884,-0.011766,0.022392,0.071368,-3.99E-4,-3.99E-4,-2.66E-4,74.0,4.65,-20.925,-30.375,193.198,1.0821,-0.1082,5.0,19.38562,48.843956,2.353327,373.8807,NaN,0.54,62.245167,19.7,6 / 25,21257,2022-01-10 17:04:53:786
0.004487,-0.152542,9.685847,0.018522,-0.185203,9.804884,-0.011766,0.022392,0.071368,-3.99E-4,-3.99E-4,-2.66E-4,74.0,4.65,-20.925,-30.375,193.198,1.0821,-0.1082,5.0,19.38562,48.843956,2.353327,373.8807,NaN,0.54,62.245167,19.7,6 / 25,21263,2022-01-10 17:04:53:792
0.004487,-0.152542,9.685847,0.018522,-0.185203,9.804884,-0.011766,0.022392,0.071368,-3.99E-4,-3.99E-4,-2.66E-4,74.0,4.65,-20.925,-30.375,193.198,1.0821,-0.1082,5.0,19.38562,48.843956,2.353327,373.8807,NaN,0.54,62.245167,19.7,6 / 25,21267,2022-01-10 17:04:53:796
0.004487,-0.152542,9.685847,0.018522,-0.185203,9.804884,-0.011766,0.022392,0.071368,-3.99E-4,-3.99E-4,-2.66E-4,74.0,4.65,-20.925,-30.375,193.198,1.0821,-0.1082,5.0,19.38562,48.843956,2.353327,373.8807,NaN,0.54,62.245167,19.7,6 / 25,21273,2022-01-10 17:04:53:802
0.004487,-0.152542,9.685847,0.018522,-0.185203,9.804884,-0.011766,0.022392,0.071368,-3.99E-4,-3.99E-4,-2.66E-4,74.0,4.65,-20.925,-30.375,193.198,1.0821,-0.1082,5.0,19.38562,48.843956,2.353327,373.8807,NaN,0.54,62.245167,19.7,6 / 25,21277,2022-01-10 17:04:53:806
0.004487,-0.152542,9.685847,0.018522,-0.185203,9.804884,-0.011766,0.022392,0.071368,-3.99E-4,-3.99E-4,-2.66E-4,74.0,4.65,-20.925,-30.375,193.198,1.0821,-0.1082,5.0,19.38562,48.843956,2.353327,373.8807,NaN,0.54,62.245167,19.7,6 / 25,21283,2022-01-10 17:04:53:812
0.004487,-0.152542,9.685847,0.018522,-0.185203,9.804884,-0.011766,0.022392,0.071368,-3.99E-4,-3.99E-4,-2.66E-4,74.0,4.65,-20.925,-30.375,193.198,1.0821,-0.1082,5.0,19.38562,48.843956,2.353327,373.8807,NaN,0.54,62.245167,19.7,6 / 25,21288,2022-01-10 17:04:53:817
0.004487,-0.152542,9.685847,0.018522,-0.185203,9.804884,-0.011766,0.022392,0.071368,-3.99E-4,-3.99E-4,-2.66E-4,74.0,4.65,-20.925,-30.375,193.198,1.0821,-0.1082,5.0,19.38562,48.843956,2.353327,373.8807,NaN,0.54,62.245167,19.7,6 / 25,21292,2022-01-10 17:04:53:821
-2.99E-4,-0.177667,9.690633,0.018522,-0.185203,9.804884,-0.011766,0.022392,0.071368,-2.66E-4,-6.66E-4,9.32E-4,74.0,4.65,-20.925,-30.375,193.198,1.0821,-0.1082,5.0,19.38562,48.843956,2.353327,373.8807,NaN,0.54,62.245167,19.7,6 / 25,21298,2022-01-10 17:04:53:827
-2.99E-4,-0.177667,9.690633,0.018522,-0.185203,9.804884,-0.011766,0.022392,0.071368,-2.66E-4,-6.66E-4,9.32E-4,74.0,4.65,-20.925,-30.375,193.198,1.0821,-0.1082,5.0,19.38562,48.843956,2.353327,373.8807,NaN,0.54,62.245167,19.7,6 / 25,21302,2022-01-10 17:04:53:831
-2.99E-4,-0.177667,9.690633,0.018522,-0.185203,9.804884,-0.011766,0.022392,0.071368,-2.66E-4,-6.66E-4,9.32E-4,74.0,4.65,-20.925,-30.375,193.198,1.0821,-0.1082,5.0,19.38562,48.843956,2.353327,373.8807,NaN,0.54,62.245167,19.7,6 / 25,21307,2022-01-10 17:04:53:836
-2.99E-4,-0.177667,9.690633,0.018522,-0.185203,9.804884,-0.011766,0.022392,0.071368,-2.66E-4,-6.66E-4,9.32E-4,74.0,4.65,-20.925,-30.375,193.198,1.0821,-0.1082,5.0,19.38562,48.843956,2.353327,373.8807,NaN,0.54,62.245167,19.7,6 / 25,21312,2022-01-10 17:04:53:841
-2.99E-4,-0.177667,9.690633,0.018522,-0.185203,9.804884,-0.011766,0.022392,0.071368,-2.66E-4,-6.66E-4,9.32E-4,74.0,4.65,-20.925,-30.375,193.198,1.0821,-0.1082,5.0,19.38562,48.843956,2.353327,373.8807,NaN,0.54,62.245167,19.7,6 / 25,21317,2022-01-10 17:04:53:846
-2.99E-4,-0.177667,9.690633,0.018522,-0.185203,9.804884,-0.011766,0.022392,0.071368,-2.66E-4,-6.66E-4,9.32E-4,74.0,4.65,-20.925,-30.375,193.198,1.0821,-0.1082,5.0,19.38562,48.843956,2.353327,373.8807,NaN,0.54,62.245167,19.7,6 / 25,21323,2022-01-10 17:04:53:852
-2.99E-4,-0.177667,9.690633,0.018522,-0.185203,9.804884,-0.011766,0.022392,0.071368,-2.66E-4,-6.66E-4,9.32E-4,74.0,4.65,-20.925,-30.375,193.198,1.0821,-0.1082,5.0,19.38562,48.843956,2.353327,373.8807,NaN,0.54,62.245167,19.7,6 / 25,21328,2022-01-10 17:04:53:857
-2.99E-4,-0.177667,9.690633,0.018522,-0.185203,9.804884,-0.011766,0.022392,0.071368,-2.66E-4,-6.66E-4,9.32E-4,74.0,4.65,-20.925,-30.375,193.198,1.0821,-0.1082,5.0,19.38562,48.843956,2.353327,373.8807,NaN,0.54,62.245167,19.7,6 / 25,21333,2022-01-10 17:04:53:862
-2.99E-4,-0.177667,9.690633,0.018522,-0.185203,9.804884,-0.011766,0.022392,0.071368,-2.66E-4,-6.66E-4,9.32E-4,74.0,4.65,-20.925,-30.375,193.198,1.0821,-0.1082,5.0,19.38562,48.843956,2.353327,373.8807,NaN,0.54,62.245167,19.7,6 / 25,21338,2022-01-10 17:04:53:867
-2.99E-4,-0.177667,9.690633,0.018522,-0.185203,9.804884,-0.011766,0.022392,0.071368,-2.66E-4,-6.66E-4,9.32E-4,74.0,4.65,-20.925,-30.375,193.198,1.0821,-0.1082,5.0,19.38562,48.843956,2.353327,373.8807,NaN,0.54,62.245167,19.7,6 / 25,21342,2022-01-10 17:04:53:871
-2.99E-4,-0.177667,9.690633,0.018522,-0.185203,9.804884,-0.011766,0.022392,0.071368,-2.66E-4,-6.66E-4,9.32E-4,74.0,4.65,-20.925,-30.375,193.198,1.0821,-0.1082,5.0,19.38562,48.843956,2.353327,373.8807,NaN,0.54,62.245167,19.7,6 / 25,21348,2022-01-10 17:04:53:877
-2.99E-4,-0.177667,9.690633,0.018522,-0.185203,9.804884,-0.011766,0.022392,0.071368,-2.66E-4,-6.66E-4,9.32E-4,74.0,4.65,-20.925,-30.375,193.198,1.0821,-0.1082,5.0,19.38562,48.843956,2.353327,373.8807,NaN,0.54,62.245167,19.7,6 / 25,21352,2022-01-10 17:04:53:881
-2.99E-4,-0.177667,9.690633,0.014382,-0.183141,9.80493,-0.0197,0.004274,0.05497,-2.66E-4,-6.66E-4,9.32E-4,74.0,4.65,-20.925,-30.375,193.198,1.0821,-0.1082,5.0,19.38562,48.843956,2.353327,373.8807,NaN,0.54,62.245167,19.7,6 / 25,21358,2022-01-10 17:04:53:887
-2.99E-4,-0.177667,9.690633,0.014382,-0.183141,9.80493,-0.0197,0.004274,0.05497,-2.66E-4,-6.66E-4,9.32E-4,74.0,4.65,-20.925,-30.375,193.198,1.0821,-0.1082,5.0,19.38562,48.843956,2.353327,373.8807,NaN,0.54,62.245167,19.7,6 / 25,21363,2022-01-10 17:04:53:892
-2.99E-4,-0.177667,9.690633,0.014382,-0.183141,9.80493,-0.0197,0.004274,0.05497,-2.66E-4,-6.66E-4,9.32E-4,74.0,4.65,-20.925,-30.375,193.198,1.0821,-0.1082,5.0,19.38562,48.843956,2.353327,373.8807,NaN,0.54,62.245167,19.7,6 / 25,21368,2022-01-10 17:04:53:897
-2.99E-4,-0.177667,9.690633,0.014382,-0.183141,9.80493,-0.0197,0.004274,0.05497,-2.66E-4,-6.66E-4,9.32E-4,74.0,4.65,-20.925,-30.375,193.198,1.0821,-0.1082,5.0,19.38562,48.843956,2.353327,373.8807,NaN,0.54,62.245167,19.7,6 / 25,21373,2022-01-10 17:04:53:902
-2.99E-4,-0.177667,9.690633,0.014382,-0.183141,9.80493,-0.0197,0.004274,0.05497,-2.66E-4,-6.66E-4,9.32E-4,74.0,4.65,-20.925,-30.375,193.198,1.0821,-0.1082,5.0,19.38562,48.843956,2.353327,373.8807,NaN,0.54,62.245167,19.7,6 / 25,21378,2022-01-10 17:04:53:907
-2.99E-4,-0.177667,9.690633,0.014382,-0.183141,9.80493,-0.0197,0.004274,0.05497,-2.66E-4,-6.66E-4,9.32E-4,74.0,4.65,-20.925,-30.375,193.198,1.0821,-0.1082,5.0,19.38562,48.843956,2.353327,373.8807,NaN,0.54,62.245167,19.7,6 / 25,21382,2022-01-10 17:04:53:911
-2.99E-4,-0.177667,9.690633,0.014382,-0.183141,9.80493,-0.0197,0.004274,0.05497,-2.66E-4,-6.66E-4,9.32E-4,74.0,4.65,-20.925,-30.375,193.198,1.0821,-0.1082,5.0,19.38562,48.843956,2.353327,373.8807,NaN,0.54,62.245167,19.7,6 / 25,21389,2022-01-10 17:04:53:918
-2.99E-4,-0.177667,9.690633,0.014382,-0.183141,9.80493,-0.0197,0.004274,0.05497,-2.66E-4,-6.66E-4,9.32E-4,74.0,4.65,-20.925,-30.375,193.198,1.0821,-0.1082,5.0,19.38562,48.843956,2.353327,373.8807,NaN,0.54,62.245167,19.7,6 / 25,21393,2022-01-10 17:04:53:922
-0.003888,-0.170489,9.694221,0.014382,-0.183141,9.80493,-0.0197,0.004274,0.05497,-2.66E-4,-6.66E-4,9.32E-4,74.0,4.575,-21.15,-30.225,193.1697,1.0701,-0.084,5.0,19.38562,48.843956,2.353327,373.8807,NaN,0.54,62.245167,19.7,6 / 25,21398,2022-01-10 17:04:53:927
-0.003888,-0.170489,9.694221,0.014382,-0.183141,9.80493,-0.0197,0.004274,0.05497,-2.66E-4,-6.66E-4,9.32E-4,74.0,4.575,-21.15,-30.225,193.1697,1.0701,-0.084,5.0,19.38562,48.843956,2.353327,373.8807,NaN,0.54,62.245167,19.7,6 / 25,21403,2022-01-10 17:04:53:932
-0.003888,-0.170489,9.694221,0.014382,-0.183141,9.80493,-0.0197,0.004274,0.05497,-2.66E-4,-6.66E-4,9.32E-4,74.0,4.575,-21.15,-30.225,193.1697,1.0701,-0.084,5.0,19.38562,48.843956,2.353327,373.8807,NaN,0.54,62.245167,19.7,6 / 25,21408,2022-01-10 17:04:53:937
-0.003888,-0.170489,9.694221,0.014382,-0.183141,9.80493,-0.0197,0.004274,0.05497,-2.66E-4,-6.66E-4,9.32E-4,74.0,4.575,-21.15,-30.225,193.1697,1.0701,-0.084,5.0,19.38562,48.843956,2.353327,373.8807,NaN,0.54,62.245167,19.7,6 / 25,21412,2022-01-10 17:04:53:941
-0.003888,-0.170489,9.694221,0.014382,-0.183141,9.80493,-0.0197,0.004274,0.05497,-2.66E-4,-6.66E-4,9.32E-4,74.0,4.575,-21.15,-30.225,193.1697,1.0701,-0.084,5.0,20.26659,48.843956,2.353327,373.8807,NaN,0.54,62.245167,19.7,6 / 25,21418,2022-01-10 17:04:53:947
-0.003888,-0.170489,9.694221,0.014382,-0.183141,9.80493,-0.0197,0.004274,0.05497,-2.66E-4,-6.66E-4,9.32E-4,74.0,4.575,-21.15,-30.225,193.1697,1.0701,-0.084,5.0,20.26659,48.843956,2.353327,373.8807,NaN,0.54,62.245167,19.7,6 / 25,21423,2022-01-10 17:04:53:952
-0.003888,-0.170489,9.694221,0.014382,-0.183141,9.80493,-0.0197,0.004274,0.05497,-0.001065,-5.33E-4,-1.33E-4,74.0,4.575,-21.15,-30.225,193.1697,1.0701,-0.084,5.0,20.26659,48.843956,2.353327,373.8807,NaN,0.54,62.245167,19.7,6 / 25,21428,2022-01-10 17:04:53:957
-0.003888,-0.170489,9.694221,0.014382,-0.183141,9.80493,-0.0197,0.004274,0.05497,-0.001065,-5.33E-4,-1.33E-4,74.0,4.575,-21.15,-30.225,193.1697,1.0701,-0.084,5.0,20.26659,48.843956,2.353327,373.8807,NaN,0.54,62.245167,19.7,6 / 25,21432,2022-01-10 17:04:53:961
-0.003888,-0.170489,9.694221,0.014382,-0.183141,9.80493,-0.0197,0.004274,0.05497,-0.001065,-5.33E-4,-1.33E-4,74.0,4.575,-21.15,-30.225,193.1697,1.0701,-0.084,5.0,20.26659,48.843956,2.353327,373.8807,NaN,0.54,62.245167,19.7,6 / 25,21437,2022-01-10 17:04:53:966
-0.003888,-0.170489,9.694221,0.014382,-0.183141,9.80493,-0.0197,0.004274,0.05497,-0.001065,-5.33E-4,-1.33E-4,74.0,4.575,-21.15,-30.225,193.1697,1.0701,-0.084,5.0,20.26659,48.843956,2.353327,373.8807,NaN,0.54,62.245167,19.7,6 / 25,21443,2022-01-10 17:04:53:972
-0.003888,-0.170489,9.694221,0.014382,-0.183141,9.80493,-0.0197,0.004274,0.05497,-0.001065,-5.33E-4,-1.33E-4,74.0,4.575,-21.15,-30.225,193.1697,1.0701,-0.084,5.0,20.26659,48.843956,2.353327,373.8807,NaN,0.54,62.245167,19.7,6 / 25,21447,2022-01-10 17:04:53:976
-0.003888,-0.170489,9.694221,0.014382,-0.183141,9.80493,-0.0197,0.004274,0.05497,-0.001065,-5.33E-4,-1.33E-4,74.0,4.575,-21.15,-30.225,193.1697,1.0701,-0.084,5.0,20.26659,48.843956,2.353327,373.8807,NaN,0.54,62.245167,19.7,6 / 25,21454,2022-01-10 17:04:53:983
-0.003888,-0.170489,9.694221,0.014382,-0.183141,9.80493,-0.0197,0.004274,0.05497,-0.001065,-5.33E-4,-1.33E-4,74.0,4.575,-21.15,-30.225,193.1697,1.0701,-0.084,5.0,20.26659,48.843956,2.353327,373.8807,NaN,0.54,62.245167,19.7,6 / 25,21458,2022-01-10 17:04:53:987
-0.003888,-0.170489,9.694221,0.014382,-0.183141,9.80493,-0.0197,0.004274,0.05497,-0.001065,-5.33E-4,-1.33E-4,74.0,4.575,-21.15,-30.225,193.1697,1.0701,-0.084,5.0,20.26659,48.843956,2.353327,373.8807,NaN,0.54,62.245167,19.7,6 / 25,21463,2022-01-10 17:04:53:992
-0.003888,-0.170489,9.694221,0.014382,-0.183141,9.80493,-0.0197,0.004274,0.05497,-0.001065,-5.33E-4,-1.33E-4,74.0,4.575,-21.15,-30.225,193.1697,1.0701,-0.084,5.0,20.26659,48.843956,2.353327,373.8807,NaN,0.54,62.245167,19.7,6 / 25,21469,2022-01-10 17:04:53:998
-0.003888,-0.170489,9.694221,0.014382,-0.183141,9.80493,-0.0197,0.004274,0.05497,-0.001065,-5.33E-4,-1.33E-4,74.0,4.575,-21.15,-30.225,193.1697,1.0701,-0.084,5.0,20.26659,48.843956,2.353327,373.8807,NaN,0.54,62.245167,19.7,6 / 25,21473,2022-01-10 17:04:54:002
-0.003888,-0.170489,9.694221,0.014382,-0.183141,9.80493,-0.0197,0.004274,0.05497,-0.001065,-5.33E-4,-1.33E-4,74.0,4.575,-21.15,-30.225,193.1697,1.0701,-0.084,5.0,20.26659,48.843956,2.353327,373.8807,NaN,0.54,62.245167,19.7,6 / 25,21478,2022-01-10 17:04:54:007
-0.003888,-0.170489,9.694221,0.014382,-0.183141,9.80493,-0.0197,0.004274,0.05497,-0.001065,-5.33E-4,-1.33E-4,74.0,4.575,-21.15,-30.225,193.1697,1.0701,-0.084,5.0,20.26659,48.843956,2.353327,373.8807,NaN,0.54,62.245167,19.7,6 / 25,21482,2022-01-10 17:04:54:011
-0.002692,-0.175274,9.699007,0.011861,-0.1815,9.804963,-0.010049,0.011253,0.044517,-0.001065,-5.33E-4,-1.33E-4,74.0,4.575,-21.15,-30.225,193.1697,1.0701,-0.084,5.0,20.26659,48.843956,2.353327,373.8807,NaN,0.54,62.245167,19.7,6 / 25,21489,2022-01-10 17:04:54:018
-0.002692,-0.175274,9.699007,0.011861,-0.1815,9.804963,-0.010049,0.011253,0.044517,-0.001065,-5.33E-4,-1.33E-4,74.0,4.575,-21.15,-30.225,193.1697,1.0701,-0.084,5.0,20.26659,48.843956,2.353327,373.8807,NaN,0.54,62.245167,19.7,6 / 25,21493,2022-01-10 17:04:54:022
-0.002692,-0.175274,9.699007,0.011861,-0.1815,9.804963,-0.010049,0.011253,0.044517,-0.001065,-5.33E-4,-1.33E-4,74.0,4.575,-21.15,-30.225,193.1697,1.0701,-0.084,5.0,20.26659,48.843956,2.353327,373.8807,NaN,0.54,62.245167,19.7,6 / 25,21497,2022-01-10 17:04:54:026
-0.002692,-0.175274,9.699007,0.011861,-0.1815,9.804963,-0.010049,0.011253,0.044517,-0.001065,-5.33E-4,-1.33E-4,74.0,4.575,-21.15,-30.225,193.1697,1.0701,-0.084,5.0,20.26659,48.843956,2.353327,373.8807,NaN,0.54,62.245167,19.7,6 / 25,21503,2022-01-10 17:04:54:032
-0.002692,-0.175274,9.699007,0.011861,-0.1815,9.804963,-0.010049,0.011253,0.044517,-0.001065,-5.33E-4,-1.33E-4,74.0,4.575,-21.15,-30.225,193.1697,1.0701,-0.084,5.0,20.26659,48.843956,2.353327,373.8807,NaN,0.54,62.245167,19.7,6 / 25,21508,2022-01-10 17:04:54:037
-0.002692,-0.175274,9.699007,0.011861,-0.1815,9.804963,-0.010049,0.011253,0.044517,-0.001065,-5.33E-4,-1.33E-4,74.0,4.575,-21.15,-30.225,193.1697,1.0701,-0.084,5.0,20.26659,48.843956,2.353327,373.8807,NaN,0.54,62.245167,19.7,6 / 25,21512,2022-01-10 17:04:54:041
-0.002692,-0.175274,9.699007,0.011861,-0.1815,9.804963,-0.010049,0.011253,0.044517,-0.001065,-5.33E-4,-1.33E-4,74.0,4.575,-21.15,-30.225,193.1697,1.0701,-0.084,5.0,20.26659,48.843956,2.353327,373.8807,NaN,0.54,62.245167,19.7,6 / 25,21518,2022-01-10 17:04:54:047
-0.002692,-0.175274,9.699007,0.011861,-0.1815,9.804963,-0.010049,0.011253,0.044517,-0.001065,-5.33E-4,-1.33E-4,74.0,4.575,-21.15,-30.225,193.1697,1.0701,-0.084,5.0,20.26659,48.843956,2.353327,373.8807,NaN,0.54,62.245167,19.7,6 / 25,21523,2022-01-10 17:04:54:052
-0.002692,-0.175274,9.699007,0.011861,-0.1815,9.804963,-0.010049,0.011253,0.044517,-0.001065,-5.33E-4,-1.33E-4,74.0,4.575,-21.15,-30.225,193.1697,1.0701,-0.084,5.0,20.26659,48.843956,2.353327,373.8807,NaN,0.54,62.245167,19.7,6 / 25,21528,2022-01-10 17:04:54:057
-0.002692,-0.175274,9.699007,0.011861,-0.1815,9.804963,-0.010049,0.011253,0.044517,-0.001065,-5.33E-4,-1.33E-4,74.0,4.5,-20.925,-30.375,193.1532,1.0605,-0.0693,5.0,20.26659,48.843956,2.353327,373.8807,NaN,0.54,62.245167,19.7,6 / 25,21532,2022-01-10 17:04:54:061
-0.002692,-0.175274,9.699007,0.011861,-0.1815,9.804963,-0.010049,0.011253,0.044517,-0.001065,-5.33E-4,-1.33E-4,74.0,4.5,-20.925,-30.375,193.1532,1.0605,-0.0693,5.0,20.26659,48.843956,2.353327,373.8807,NaN,0.54,62.245167,19.7,6 / 25,21538,2022-01-10 17:04:54:067
-0.002692,-0.175274,9.699007,0.011861,-0.1815,9.804963,-0.010049,0.011253,0.044517,-0.001065,-5.33E-4,-1.33E-4,74.0,4.5,-20.925,-30.375,193.1532,1.0605,-0.0693,5.0,20.26659,48.843956,2.353327,373.8807,NaN,0.54,62.245167,19.7,6 / 25,21543,2022-01-10 17:04:54:072
-0.002692,-0.175274,9.699007,0.011861,-0.1815,9.804963,-0.010049,0.011253,0.044517,-0.001065,-5.33E-4,-1.33E-4,74.0,4.5,-20.925,-30.375,193.1532,1.0605,-0.0693,5.0,20.26659,48.843956,2.353327,373.8807,NaN,0.54,62.245167,19.7,6 / 25,21548,2022-01-10 17:04:54:077
-0.002692,-0.175274,9.699007,0.011861,-0.1815,9.804963,-0.010049,0.011253,0.044517,-0.001065,-5.33E-4,-1.33E-4,74.0,4.5,-20.925,-30.375,193.1532,1.0605,-0.0693,5.0,20.26659,48.843956,2.353327,373.8807,NaN,0.54,62.245167,19.7,6 / 25,21552,2022-01-10 17:04:54:081
-0.002692,-0.175274,9.699007,0.011861,-0.1815,9.804963,-0.010049,0.011253,0.044517,0.0,-6.66E-4,3.99E-4,74.0,4.5,-20.925,-30.375,193.1532,1.0605,-0.0693,5.0,20.26659,48.843956,2.353327,373.8807,NaN,0.54,62.245167,19.7,6 / 25,21558,2022-01-10 17:04:54:087
-0.002692,-0.175274,9.699007,0.011861,-0.1815,9.804963,-0.010049,0.011253,0.044517,0.0,-6.66E-4,3.99E-4,74.0,4.5,-20.925,-30.375,193.1532,1.0605,-0.0693,5.0,20.26659,48.843956,2.353327,373.8807,NaN,0.54,62.245167,19.7,6 / 25,21562,2022-01-10 17:04:54:091
-0.002692,-0.175274,9.699007,0.011861,-0.1815,9.804963,-0.010049,0.011253,0.044517,0.0,-6.66E-4,3.99E-4,74.0,4.5,-20.925,-30.375,193.1532,1.0605,-0.0693,5.0,20.26659,48.843956,2.353327,373.8807,NaN,0.54,62.245167,19.7,6 / 25,21567,2022-01-10 17:04:54:096
-0.002692,-0.175274,9.699007,0.011861,-0.1815,9.804963,-0.010049,0.011253,0.044517,0.0,-6.66E-4,3.99E-4,74.0,4.5,-20.925,-30.375,193.1532,1.0605,-0.0693,5.0,20.26659,48.843956,2.353327,373.8807,NaN,0.54,62.245167,19.7,6 / 25,21572,2022-01-10 17:04:54:101
-0.002692,-0.175274,9.699007,0.011861,-0.1815,9.804963,-0.010049,0.011253,0.044517,0.0,-6.66E-4,3.99E-4,74.0,4.5,-20.925,-30.375,193.1532,1.0605,-0.0693,5.0,20.26659,48.843956,2.353327,373.8807,NaN,0.54,62.245167,19.7,6 / 25,21578,2022-01-10 17:04:54:107
-0.002692,-0.175274,9.699007,0.011861,-0.1815,9.804963,-0.010049,0.011253,0.044517,0.0,-6.66E-4,3.99E-4,74.0,4.5,-20.925,-30.375,193.1532,1.0605,-0.0693,5.0,20.26659,48.843956,2.353327,373.8807,NaN,0.54,62.245167,19.7,6 / 25,21582,2022-01-10 17:04:54:111
-0.002692,-0.175274,9.699007,0.011861,-0.1815,9.804963,-0.010049,0.011253,0.044517,0.0,-6.66E-4,3.99E-4,74.0,4.5,-20.925,-30.375,193.1532,1.0605,-0.0693,5.0,20.26659,48.843956,2.353327,373.8807,NaN,0.54,62.245167,19.7,6 / 25,21587,2022-01-10 17:04:54:116
-0.002692,-0.175274,9.699007,0.011861,-0.1815,9.804963,-0.010049,0.011253,0.044517,0.0,-6.66E-4,3.99E-4,74.0,4.5,-20.925,-30.375,193.1532,1.0605,-0.0693,5.0,20.26659,48.843956,2.353327,373.8807,NaN,0.54,62.245167,19.7,6 / 25,21593,2022-01-10 17:04:54:122
-0.003888,-0.171685,9.700204,0.011861,-0.1815,9.804963,-0.010049,0.011253,0.044517,0.0,-6.66E-4,3.99E-4,74.0,4.5,-20.925,-30.375,193.1532,1.0605,-0.0693,5.0,20.26659,48.843956,2.353327,373.8807,NaN,0.54,62.245167,19.7,6 / 25,21598,2022-01-10 17:04:54:127
-0.003888,-0.171685,9.700204,0.010308,-0.179025,9.80501,-0.004936,0.009362,0.031269,0.0,-6.66E-4,3.99E-4,74.0,4.5,-20.925,-30.375,193.1532,1.0605,-0.0693,5.0,20.26659,48.843956,2.353327,373.8807,NaN,0.54,62.245167,19.7,6 / 25,21603,2022-01-10 17:04:54:132
-0.003888,-0.171685,9.700204,0.010308,-0.179025,9.80501,-0.004936,0.009362,0.031269,0.0,-6.66E-4,3.99E-4,74.0,4.5,-20.925,-30.375,193.1532,1.0605,-0.0693,5.0,20.26659,48.843956,2.353327,373.8807,NaN,0.54,62.245167,19.7,6 / 25,21607,2022-01-10 17:04:54:136
-0.003888,-0.171685,9.700204,0.010308,-0.179025,9.80501,-0.004936,0.009362,0.031269,0.0,-6.66E-4,3.99E-4,74.0,4.5,-20.925,-30.375,193.1532,1.0605,-0.0693,5.0,20.26659,48.843956,2.353327,373.8807,NaN,0.54,62.245167,19.7,6 / 25,21612,2022-01-10 17:04:54:141
-0.003888,-0.171685,9.700204,0.010308,-0.179025,9.80501,-0.004936,0.009362,0.031269,0.0,-6.66E-4,3.99E-4,74.0,4.5,-20.925,-30.375,193.1532,1.0605,-0.0693,5.0,20.26659,48.843956,2.353327,373.8807,NaN,0.54,62.245167,19.7,6 / 25,21618,2022-01-10 17:04:54:147
-0.003888,-0.171685,9.700204,0.010308,-0.179025,9.80501,-0.004936,0.009362,0.031269,0.0,-6.66E-4,3.99E-4,74.0,4.5,-20.925,-30.375,193.1532,1.0605,-0.0693,5.0,20.26659,48.843956,2.353327,373.8807,NaN,0.54,62.245167,19.7,6 / 25,21623,2022-01-10 17:04:54:152
-0.003888,-0.171685,9.700204,0.010308,-0.179025,9.80501,-0.004936,0.009362,0.031269,0.0,-6.66E-4,3.99E-4,74.0,4.5,-20.925,-30.375,193.1532,1.0605,-0.0693,5.0,20.26659,48.843956,2.353327,373.8807,NaN,0.54,62.245167,19.7,6 / 25,21627,2022-01-10 17:04:54:156
-0.003888,-0.171685,9.700204,0.010308,-0.179025,9.80501,-0.004936,0.009362,0.031269,0.0,-6.66E-4,3.99E-4,74.0,4.5,-20.925,-30.375,193.1532,1.0605,-0.0693,5.0,20.26659,48.843956,2.353327,373.8807,NaN,0.54,62.245167,19.7,6 / 25,21633,2022-01-10 17:04:54:162
-0.003888,-0.171685,9.700204,0.010308,-0.179025,9.80501,-0.004936,0.009362,0.031269,0.0,-6.66E-4,3.99E-4,74.0,4.5,-20.925,-30.375,193.1532,1.0605,-0.0693,5.0,20.26659,48.843956,2.353327,373.8807,NaN,0.54,62.245167,19.7,6 / 25,21637,2022-01-10 17:04:54:166
-0.003888,-0.171685,9.700204,0.010308,-0.179025,9.80501,-0.004936,0.009362,0.031269,0.0,-6.66E-4,3.99E-4,74.0,4.5,-20.925,-30.375,193.1532,1.0605,-0.0693,5.0,20.26659,48.843956,2.353327,373.8807,NaN,0.54,62.245167,19.7,6 / 25,21643,2022-01-10 17:04:54:172
-0.003888,-0.171685,9.700204,0.010308,-0.179025,9.80501,-0.004936,0.009362,0.031269,0.0,-6.66E-4,3.99E-4,74.0,4.5,-20.925,-30.375,193.1532,1.0605,-0.0693,5.0,20.26659,48.843956,2.353327,373.8807,NaN,0.54,62.245167,19.7,6 / 25,21648,2022-01-10 17:04:54:177
-0.003888,-0.171685,9.700204,0.010308,-0.179025,9.80501,-0.004936,0.009362,0.031269,0.0,-6.66E-4,3.99E-4,74.0,4.5,-20.925,-30.375,193.1532,1.0605,-0.0693,5.0,20.26659,48.843956,2.353327,373.8807,NaN,0.54,62.245167,19.7,6 / 25,21653,2022-01-10 17:04:54:182
-0.003888,-0.171685,9.700204,0.010308,-0.179025,9.80501,-0.004936,0.009362,0.031269,0.0,-6.66E-4,3.99E-4,74.0,4.575,-20.925,-30.375,193.1456,1.046,-0.0602,5.0,20.26659,48.843956,2.353327,373.8807,NaN,0.54,62.245167,19.7,6 / 25,21658,2022-01-10 17:04:54:187
-0.003888,-0.171685,9.700204,0.010308,-0.179025,9.80501,-0.004936,0.009362,0.031269,0.0,-6.66E-4,3.99E-4,74.0,4.575,-20.925,-30.375,193.1456,1.046,-0.0602,5.0,20.26659,48.843956,2.353327,373.8807,NaN,0.54,62.245167,19.7,6 / 25,21662,2022-01-10 17:04:54:191
-0.003888,-0.171685,9.700204,0.010308,-0.179025,9.80501,-0.004936,0.009362,0.031269,0.0,-6.66E-4,3.99E-4,74.0,4.575,-20.925,-30.375,193.1456,1.046,-0.0602,5.0,20.26659,48.843956,2.353327,373.8807,NaN,0.54,62.245167,19.7,6 / 25,21668,2022-01-10 17:04:54:197
-0.003888,-0.171685,9.700204,0.010308,-0.179025,9.80501,-0.004936,0.009362,0.031269,0.0,-6.66E-4,3.99E-4,74.0,4.575,-20.925,-30.375,193.1456,1.046,-0.0602,5.0,20.26659,48.843956,2.353327,373.8807,NaN,0.54,62.245167,19.7,6 / 25,21673,2022-01-10 17:04:54:202
-0.003888,-0.171685,9.700204,0.010308,-0.179025,9.80501,-0.004936,0.009362,0.031269,0.0,-6.66E-4,3.99E-4,74.0,4.575,-20.925,-30.375,193.1456,1.046,-0.0602,5.0,20.26659,48.843956,2.353327,373.8807,NaN,0.54,62.245167,19.7,6 / 25,21677,2022-01-10 17:04:54:206
-0.003888,-0.171685,9.700204,0.010308,-0.179025,9.80501,-0.004936,0.009362,0.031269,0.0,-6.66E-4,3.99E-4,74.0,4.575,-20.925,-30.375,193.1456,1.046,-0.0602,5.0,20.26659,48.843956,2.353327,373.8807,NaN,0.54,62.245167,19.7,6 / 25,21682,2022-01-10 17:04:54:211
-0.003888,-0.171685,9.700204,0.010308,-0.179025,9.80501,-0.004936,0.009362,0.031269,0.0,-6.66E-4,3.99E-4,74.0,4.575,-20.925,-30.375,193.1456,1.046,-0.0602,5.0,20.26659,48.843956,2.353327,373.8807,NaN,0.54,62.245167,19.7,6 / 25,21688,2022-01-10 17:04:54:217
-0.003888,-0.171685,9.700204,0.010308,-0.179025,9.80501,-0.004936,0.009362,0.031269,0.0,-6.66E-4,3.99E-4,74.0,4.575,-20.925,-30.375,193.1456,1.046,-0.0602,5.0,20.26659,48.843956,2.353327,373.8807,NaN,0.54,62.245167,19.7,6 / 25,21694,2022-01-10 17:04:54:223
0.009272,-0.152542,9.685847,0.010308,-0.179025,9.80501,-0.004936,0.009362,0.031269,0.0,-6.66E-4,3.99E-4,74.0,4.575,-20.925,-30.375,193.1456,1.046,-0.0602,5.0,20.26659,48.843956,2.353327,373.8807,NaN,0.54,62.245167,19.7,6 / 25,21697,2022-01-10 17:04:54:226
0.009272,-0.152542,9.685847,0.010308,-0.179025,9.80501,-0.004936,0.009362,0.031269,0.0,-6.66E-4,3.99E-4,74.0,4.575,-20.925,-30.375,193.1456,1.046,-0.0602,5.0,20.26659,48.843956,2.353327,373.8807,NaN,0.54,62.245167,19.7,6 / 25,21702,2022-01-10 17:04:54:231
0.009272,-0.152542,9.685847,0.010308,-0.179025,9.80501,-0.004936,0.009362,0.031269,0.0,-6.66E-4,3.99E-4,74.0,4.575,-20.925,-30.375,193.1456,1.046,-0.0602,5.0,20.26659,48.843956,2.353327,373.8807,NaN,0.54,62.245167,19.7,6 / 25,21707,2022-01-10 17:04:54:236
0.009272,-0.152542,9.685847,0.010308,-0.179025,9.80501,-0.004936,0.009362,0.031269,0.002397,-0.005992,-3.99E-4,74.0,4.575,-20.925,-30.375,193.1456,1.046,-0.0602,5.0,20.26659,48.843956,2.353327,373.8807,NaN,0.54,62.245167,19.7,6 / 25,21712,2022-01-10 17:04:54:241
0.009272,-0.152542,9.685847,0.010308,-0.179025,9.80501,-0.004936,0.009362,0.031269,0.002397,-0.005992,-3.99E-4,74.0,4.575,-20.925,-30.375,193.1456,1.046,-0.0602,5.0,20.26659,48.843956,2.353327,373.8807,NaN,0.54,62.245167,19.7,6 / 25,21717,2022-01-10 17:04:54:246
0.009272,-0.152542,9.685847,0.010308,-0.179025,9.80501,-0.004936,0.009362,0.031269,0.002397,-0.005992,-3.99E-4,74.0,4.575,-20.925,-30.375,193.1456,1.046,-0.0602,5.0,20.26659,48.843956,2.353327,373.8807,NaN,0.54,62.245167,19.7,6 / 25,21723,2022-01-10 17:04:54:252
0.009272,-0.152542,9.685847,0.010308,-0.179025,9.80501,-0.004936,0.009362,0.031269,0.002397,-0.005992,-3.99E-4,74.0,4.575,-20.925,-30.375,193.1456,1.046,-0.0602,5.0,20.26659,48.843956,2.353327,373.8807,NaN,0.54,62.245167,19.7,6 / 25,21728,2022-01-10 17:04:54:257
0.009272,-0.152542,9.685847,0.010308,-0.179025,9.80501,-0.004936,0.009362,0.031269,0.002397,-0.005992,-3.99E-4,74.0,4.575,-20.925,-30.375,193.1456,1.046,-0.0602,5.0,20.26659,48.843956,2.353327,373.8807,NaN,0.54,62.245167,19.7,6 / 25,21732,2022-01-10 17:04:54:261
0.009272,-0.152542,9.685847,0.014357,-0.1757,9.805066,-0.013727,0.001432,0.032762,0.002397,-0.005992,-3.99E-4,74.0,4.575,-20.925,-30.375,193.1456,1.046,-0.0602,5.0,27.96828,48.843956,2.353327,373.8807,NaN,0.54,62.245167,19.7,6 / 25,21738,2022-01-10 17:04:54:267
0.009272,-0.152542,9.685847,0.014357,-0.1757,9.805066,-0.013727,0.001432,0.032762,0.002397,-0.005992,-3.99E-4,74.0,4.575,-20.925,-30.375,193.1456,1.046,-0.0602,5.0,27.96828,48.843956,2.353327,373.8807,NaN,0.54,62.245167,19.7,6 / 25,21743,2022-01-10 17:04:54:272
0.009272,-0.152542,9.685847,0.014357,-0.1757,9.805066,-0.013727,0.001432,0.032762,0.002397,-0.005992,-3.99E-4,74.0,4.575,-20.925,-30.375,193.1456,1.046,-0.0602,5.0,27.96828,48.843956,2.353327,373.8807,NaN,0.54,62.245167,19.7,6 / 25,21747,2022-01-10 17:04:54:276
0.009272,-0.152542,9.685847,0.014357,-0.1757,9.805066,-0.013727,0.001432,0.032762,0.002397,-0.005992,-3.99E-4,74.0,4.575,-20.925,-30.375,193.1456,1.046,-0.0602,5.0,27.96828,48.843956,2.353327,373.8807,NaN,0.54,62.245167,19.7,6 / 25,21754,2022-01-10 17:04:54:283
0.009272,-0.152542,9.685847,0.014357,-0.1757,9.805066,-0.013727,0.001432,0.032762,0.002397,-0.005992,-3.99E-4,74.0,4.575,-20.925,-30.375,193.1456,1.046,-0.0602,5.0,27.96828,48.843956,2.353327,373.8807,NaN,0.54,62.245167,19.7,6 / 25,21758,2022-01-10 17:04:54:287
0.009272,-0.152542,9.685847,0.014357,-0.1757,9.805066,-0.013727,0.001432,0.032762,0.002397,-0.005992,-3.99E-4,74.0,4.575,-20.925,-30.375,193.1456,1.046,-0.0602,5.0,27.96828,48.843956,2.353327,373.8807,NaN,0.54,62.245167,19.7,6 / 25,21762,2022-01-10 17:04:54:291
0.009272,-0.152542,9.685847,0.014357,-0.1757,9.805066,-0.013727,0.001432,0.032762,0.002397,-0.005992,-3.99E-4,74.0,4.575,-20.925,-30.375,193.1456,1.046,-0.0602,5.0,27.96828,48.843956,2.353327,373.8807,NaN,0.54,62.245167,19.7,6 / 25,21767,2022-01-10 17:04:54:296
0.009272,-0.152542,9.685847,0.014357,-0.1757,9.805066,-0.013727,0.001432,0.032762,0.002397,-0.005992,-3.99E-4,74.0,4.575,-20.925,-30.375,193.1456,1.046,-0.0602,5.0,27.96828,48.843956,2.353327,373.8807,NaN,0.54,62.245167,19.7,6 / 25,21773,2022-01-10 17:04:54:302
0.009272,-0.152542,9.685847,0.014357,-0.1757,9.805066,-0.013727,0.001432,0.032762,0.002397,-0.005992,-3.99E-4,74.0,4.575,-20.925,-30.375,193.1456,1.046,-0.0602,5.0,27.96828,48.843956,2.353327,373.8807,NaN,0.54,62.245167,19.7,6 / 25,21778,2022-01-10 17:04:54:307
-0.038584,-0.134596,9.687043,0.014357,-0.1757,9.805066,-0.013727,0.001432,0.032762,0.002397,-0.005992,-3.99E-4,74.0,4.575,-20.925,-30.375,193.1456,1.046,-0.0602,5.0,27.96828,48.843956,2.353327,373.8807,NaN,0.54,62.245167,19.7,6 / 25,21783,2022-01-10 17:04:54:312
-0.038584,-0.134596,9.687043,0.014357,-0.1757,9.805066,-0.013727,0.001432,0.032762,0.002397,-0.005992,-3.99E-4,74.0,4.575,-20.925,-30.375,193.1456,1.046,-0.0602,5.0,27.96828,48.843956,2.353327,373.8807,NaN,0.54,62.245167,19.7,6 / 25,21788,2022-01-10 17:04:54:317
-0.038584,-0.134596,9.687043,0.014357,-0.1757,9.805066,-0.013727,0.001432,0.032762,0.002397,-0.005992,-3.99E-4,74.0,4.575,-20.925,-30.375,193.1456,1.046,-0.0602,5.0,27.96828,48.843956,2.353327,373.8807,NaN,0.54,62.245167,19.7,6 / 25,21792,2022-01-10 17:04:54:321
-0.038584,-0.134596,9.687043,0.014357,-0.1757,9.805066,-0.013727,0.001432,0.032762,0.002397,-0.005992,-3.99E-4,74.0,4.8,-21.075,-30.15,193.1828,1.0266,-0.0839,5.0,27.96828,48.843956,2.353327,373.8807,NaN,0.54,62.245167,19.7,6 / 25,21798,2022-01-10 17:04:54:327
-0.038584,-0.134596,9.687043,0.014357,-0.1757,9.805066,-0.013727,0.001432,0.032762,0.002397,-0.005992,-3.99E-4,74.0,4.8,-21.075,-30.15,193.1828,1.0266,-0.0839,5.0,27.96828,48.843956,2.353327,373.8807,NaN,0.54,62.245167,19.7,6 / 25,21802,2022-01-10 17:04:54:331
-0.038584,-0.134596,9.687043,0.014357,-0.1757,9.805066,-0.013727,0.001432,0.032762,0.002397,-0.005992,-3.99E-4,74.0,4.8,-21.075,-30.15,193.1828,1.0266,-0.0839,5.0,27.96828,48.843956,2.353327,373.8807,NaN,0.54,62.245167,19.7,6 / 25,21807,2022-01-10 17:04:54:336
-0.038584,-0.134596,9.687043,0.014357,-0.1757,9.805066,-0.013727,0.001432,0.032762,0.002397,-0.005992,-3.99E-4,74.0,4.8,-21.075,-30.15,193.1828,1.0266,-0.0839,5.0,27.96828,48.843956,2.353327,373.8807,NaN,0.54,62.245167,19.7,6 / 25,21812,2022-01-10 17:04:54:341
-0.038584,-0.134596,9.687043,0.014357,-0.1757,9.805066,-0.013727,0.001432,0.032762,0.002397,-0.005992,-3.99E-4,74.0,4.8,-21.075,-30.15,193.1828,1.0266,-0.0839,5.0,27.96828,48.843956,2.353327,373.8807,NaN,0.54,62.245167,19.7,6 / 25,21819,2022-01-10 17:04:54:348
-0.038584,-0.134596,9.687043,0.014357,-0.1757,9.805066,-0.013727,0.001432,0.032762,0.002397,-0.005992,-3.99E-4,74.0,4.8,-21.075,-30.15,193.1828,1.0266,-0.0839,5.0,27.96828,48.843956,2.353327,373.8807,NaN,0.54,62.245167,19.7,6 / 25,21822,2022-01-10 17:04:54:351
-0.038584,-0.134596,9.687043,0.014357,-0.1757,9.805066,-0.013727,0.001432,0.032762,0.002397,-0.005992,-3.99E-4,74.0,4.8,-21.075,-30.15,193.1828,1.0266,-0.0839,5.0,27.96828,48.843956,2.353327,373.8807,NaN,0.54,62.245167,19.7,6 / 25,21828,2022-01-10 17:04:54:357
-0.038584,-0.134596,9.687043,0.014357,-0.1757,9.805066,-0.013727,0.001432,0.032762,0.002397,-0.005992,-3.99E-4,74.0,4.8,-21.075,-30.15,193.1828,1.0266,-0.0839,5.0,27.96828,48.843956,2.353327,373.8807,NaN,0.54,62.245167,19.7,6 / 25,21833,2022-01-10 17:04:54:362
-0.038584,-0.134596,9.687043,0.014357,-0.1757,9.805066,-0.013727,0.001432,0.032762,0.002397,-0.005992,-3.99E-4,74.0,4.8,-21.075,-30.15,193.1828,1.0266,-0.0839,5.0,27.96828,48.843956,2.353327,373.8807,NaN,0.54,62.245167,19.7,6 / 25,21838,2022-01-10 17:04:54:367
-0.038584,-0.134596,9.687043,0.014357,-0.1757,9.805066,-0.013727,0.001432,0.032762,0.002397,-0.005992,-3.99E-4,74.0,4.8,-21.075,-30.15,193.1828,1.0266,-0.0839,5.0,27.96828,48.843956,2.353327,373.8807,NaN,0.54,62.245167,19.7,6 / 25,21843,2022-01-10 17:04:54:372
-0.038584,-0.134596,9.687043,-0.022567,-0.155985,9.805383,0.015893,0.002367,-0.015405,0.018375,0.050465,-9.32E-4,74.0,4.8,-21.075,-30.15,193.1828,1.0266,-0.0839,5.0,27.96828,48.843956,2.353327,373.8807,NaN,0.54,62.245167,19.7,6 / 25,21849,2022-01-10 17:04:54:378
-0.038584,-0.134596,9.687043,-0.022567,-0.155985,9.805383,0.015893,0.002367,-0.015405,0.018375,0.050465,-9.32E-4,74.0,4.8,-21.075,-30.15,193.1828,1.0266,-0.0839,5.0,27.96828,48.843956,2.353327,373.8807,NaN,0.54,62.245167,19.7,6 / 25,21854,2022-01-10 17:04:54:383
-0.038584,-0.134596,9.687043,-0.022567,-0.155985,9.805383,0.015893,0.002367,-0.015405,0.018375,0.050465,-9.32E-4,74.0,4.8,-21.075,-30.15,193.1828,1.0266,-0.0839,5.0,27.96828,48.843956,2.353327,373.8807,NaN,0.54,62.245167,19.7,6 / 25,21858,2022-01-10 17:04:54:387
-0.038584,-0.134596,9.687043,-0.022567,-0.155985,9.805383,0.015893,0.002367,-0.015405,0.018375,0.050465,-9.32E-4,74.0,4.8,-21.075,-30.15,193.1828,1.0266,-0.0839,5.0,27.96828,48.843956,2.353318,347.9098,NaN,0.0,51.870964,,6 / 25,21862,2022-01-10 17:04:54:391
-0.038584,-0.134596,9.687043,-0.022567,-0.155985,9.805383,0.015893,0.002367,-0.015405,0.018375,0.050465,-9.32E-4,74.0,4.8,-21.075,-30.15,193.1828,1.0266,-0.0839,5.0,27.96828,48.843956,2.353318,347.9098,NaN,0.0,51.870964,,6 / 25,21867,2022-01-10 17:04:54:396
-0.038584,-0.134596,9.687043,-0.022567,-0.155985,9.805383,0.015893,0.002367,-0.015405,0.018375,0.050465,-9.32E-4,74.0,4.8,-21.075,-30.15,193.1828,1.0266,-0.0839,5.0,27.96828,48.843956,2.353318,347.9098,NaN,0.0,51.870964,,6 / 25,21873,2022-01-10 17:04:54:402
-0.038584,-0.134596,9.687043,-0.022567,-0.155985,9.805383,0.015893,0.002367,-0.015405,0.018375,0.050465,-9.32E-4,74.0,4.8,-21.075,-30.15,193.1828,1.0266,-0.0839,5.0,27.96828,48.843956,2.353318,347.9098,NaN,0.0,51.870964,,6 / 25,21878,2022-01-10 17:04:54:407
-0.038584,-0.134596,9.687043,-0.022567,-0.155985,9.805383,0.015893,0.002367,-0.015405,0.018375,0.050465,-9.32E-4,74.0,4.8,-21.075,-30.15,193.1828,1.0266,-0.0839,5.0,27.96828,48.843956,2.353318,347.9098,NaN,0.0,51.870964,,6 / 25,21883,2022-01-10 17:04:54:412
-0.038584,-0.134596,9.687043,-0.022567,-0.155985,9.805383,0.015893,0.002367,-0.015405,0.018375,0.050465,-9.32E-4,74.0,4.8,-21.075,-30.15,193.1828,1.0266,-0.0839,5.0,27.96828,48.843956,2.353318,347.9098,NaN,0.0,51.870964,,6 / 25,21888,2022-01-10 17:04:54:417
-0.038584,-0.134596,9.687043,-0.022567,-0.155985,9.805383,0.015893,0.002367,-0.015405,0.018375,0.050465,-9.32E-4,74.0,4.8,-21.075,-30.15,193.1828,1.0266,-0.0839,5.0,27.96828,48.843956,2.353318,347.9098,NaN,0.0,51.870964,,6 / 25,21893,2022-01-10 17:04:54:422
-0.038584,-0.134596,9.687043,-0.022567,-0.155985,9.805383,0.015893,0.002367,-0.015405,0.018375,0.050465,-9.32E-4,74.0,4.8,-21.075,-30.15,193.1828,1.0266,-0.0839,5.0,27.96828,48.843956,2.353318,347.9098,NaN,0.0,51.870964,,6 / 25,21898,2022-01-10 17:04:54:427
-0.039781,-0.139382,9.655638,-0.022567,-0.155985,9.805383,0.015893,0.002367,-0.015405,0.018375,0.050465,-9.32E-4,74.0,4.8,-21.075,-30.15,193.1828,1.0266,-0.0839,5.0,27.96828,48.843956,2.353318,347.9098,NaN,0.0,51.870964,,6 / 25,21903,2022-01-10 17:04:54:432
-0.039781,-0.139382,9.655638,-0.022567,-0.155985,9.805383,0.015893,0.002367,-0.015405,0.018375,0.050465,-9.32E-4,74.0,4.8,-21.075,-30.15,193.1828,1.0266,-0.0839,5.0,27.96828,48.843956,2.353318,347.9098,NaN,0.0,51.870964,,6 / 25,21908,2022-01-10 17:04:54:437
-0.039781,-0.139382,9.655638,-0.022567,-0.155985,9.805383,0.015893,0.002367,-0.015405,0.018375,0.050465,-9.32E-4,74.0,4.8,-21.075,-30.15,193.1828,1.0266,-0.0839,5.0,27.96828,48.843956,2.353318,347.9098,NaN,0.0,51.870964,,6 / 25,21912,2022-01-10 17:04:54:441
-0.039781,-0.139382,9.655638,-0.022567,-0.155985,9.805383,0.015893,0.002367,-0.015405,0.018375,0.050465,-9.32E-4,74.0,4.8,-21.075,-30.15,193.1828,1.0266,-0.0839,5.0,27.96828,48.843956,2.353318,347.9098,NaN,0.0,51.870964,,6 / 25,21918,2022-01-10 17:04:54:447
-0.039781,-0.139382,9.655638,-0.022567,-0.155985,9.805383,0.015893,0.002367,-0.015405,0.018375,0.050465,-9.32E-4,74.0,4.8,-21.075,-30.15,193.1828,1.0266,-0.0839,5.0,27.96828,48.843956,2.353318,347.9098,NaN,0.0,51.870964,,6 / 25,21923,2022-01-10 17:04:54:452
-0.039781,-0.139382,9.655638,-0.022567,-0.155985,9.805383,0.015893,0.002367,-0.015405,0.018375,0.050465,-9.32E-4,74.0,4.8,-21.075,-30.15,193.1828,1.0266,-0.0839,5.0,27.96828,48.843956,2.353318,347.9098,NaN,0.0,51.870964,,6 / 25,21928,2022-01-10 17:04:54:457
-0.039781,-0.139382,9.655638,-0.022567,-0.155985,9.805383,0.015893,0.002367,-0.015405,0.018375,0.050465,-9.32E-4,74.0,4.65,-20.775,-30.15,192.9319,0.9114,0.1319,5.0,27.96828,48.843956,2.353318,347.9098,NaN,0.0,51.870964,,6 / 25,21932,2022-01-10 17:04:54:461
-0.039781,-0.139382,9.655638,-0.022567,-0.155985,9.805383,0.015893,0.002367,-0.015405,0.018375,0.050465,-9.32E-4,74.0,4.65,-20.775,-30.15,192.9319,0.9114,0.1319,5.0,27.96828,48.843956,2.353318,347.9098,NaN,0.0,51.870964,,6 / 25,21938,2022-01-10 17:04:54:467
-0.039781,-0.139382,9.655638,-0.022567,-0.155985,9.805383,0.015893,0.002367,-0.015405,0.018375,0.050465,-9.32E-4,74.0,4.65,-20.775,-30.15,192.9319,0.9114,0.1319,5.0,27.96828,48.843956,2.353318,347.9098,NaN,0.0,51.870964,,6 / 25,21943,2022-01-10 17:04:54:472
-0.039781,-0.139382,9.655638,-0.022567,-0.155985,9.805383,0.015893,0.002367,-0.015405,0.018375,0.050465,-9.32E-4,74.0,4.65,-20.775,-30.15,192.9319,0.9114,0.1319,5.0,27.96828,48.843956,2.353318,347.9098,NaN,0.0,51.870964,,6 / 25,21947,2022-01-10 17:04:54:476
-0.039781,-0.139382,9.655638,-0.022567,-0.155985,9.805383,0.015893,0.002367,-0.015405,0.018375,0.050465,-9.32E-4,74.0,4.65,-20.775,-30.15,192.9319,0.9114,0.1319,5.0,27.96828,48.843956,2.353318,347.9098,NaN,0.0,51.870964,,6 / 25,21954,2022-01-10 17:04:54:483
-0.039781,-0.139382,9.655638,-0.022567,-0.155985,9.805383,0.015893,0.002367,-0.015405,0.018375,0.050465,-9.32E-4,74.0,4.65,-20.775,-30.15,192.9319,0.9114,0.1319,5.0,27.96828,48.843956,2.353318,347.9098,NaN,0.0,51.870964,,6 / 25,21958,2022-01-10 17:04:54:487
-0.039781,-0.139382,9.655638,-0.022567,-0.155985,9.805383,0.015893,0.002367,-0.015405,0.018375,0.050465,-9.32E-4,74.0,4.65,-20.775,-30.15,192.9319,0.9114,0.1319,5.0,27.96828,48.843956,2.353318,347.9098,NaN,0.0,51.870964,,6 / 25,21962,2022-01-10 17:04:54:491
-0.039781,-0.139382,9.655638,-0.029759,-0.123366,9.805829,0.003806,-0.003507,-0.052105,0.022503,0.011185,-0.00213,74.0,4.65,-20.775,-30.15,192.9319,0.9114,0.1319,5.0,27.96828,48.843956,2.353318,347.9098,NaN,0.0,51.870964,,6 / 25,21968,2022-01-10 17:04:54:497
-0.039781,-0.139382,9.655638,-0.029759,-0.123366,9.805829,0.003806,-0.003507,-0.052105,0.022503,0.011185,-0.00213,74.0,4.65,-20.775,-30.15,192.9319,0.9114,0.1319,5.0,27.96828,48.843956,2.353318,347.9098,NaN,0.0,51.870964,,6 / 25,21973,2022-01-10 17:04:54:502
-0.039781,-0.139382,9.655638,-0.029759,-0.123366,9.805829,0.003806,-0.003507,-0.052105,0.022503,0.011185,-0.00213,74.0,4.65,-20.775,-30.15,192.9319,0.9114,0.1319,5.0,27.96828,48.843956,2.353318,347.9098,NaN,0.0,51.870964,,6 / 25,21978,2022-01-10 17:04:54:507
-0.039781,-0.139382,9.655638,-0.029759,-0.123366,9.805829,0.003806,-0.003507,-0.052105,0.022503,0.011185,-0.00213,74.0,4.65,-20.775,-30.15,192.9319,0.9114,0.1319,5.0,27.96828,48.843956,2.353318,347.9098,NaN,0.0,51.870964,,6 / 25,21983,2022-01-10 17:04:54:512
-0.039781,-0.139382,9.655638,-0.029759,-0.123366,9.805829,0.003806,-0.003507,-0.052105,0.022503,0.011185,-0.00213,74.0,4.65,-20.775,-30.15,192.9319,0.9114,0.1319,5.0,27.96828,48.843956,2.353318,347.9098,NaN,0.0,51.870964,,6 / 25,21988,2022-01-10 17:04:54:517
-0.039781,-0.139382,9.655638,-0.029759,-0.123366,9.805829,0.003806,-0.003507,-0.052105,0.022503,0.011185,-0.00213,74.0,4.65,-20.775,-30.15,192.9319,0.9114,0.1319,5.0,27.96828,48.843956,2.353318,347.9098,NaN,0.0,51.870964,,6 / 25,21993,2022-01-10 17:04:54:522
-0.072383,-0.120239,9.687043,-0.029759,-0.123366,9.805829,0.003806,-0.003507,-0.052105,0.022503,0.011185,-0.00213,74.0,4.65,-20.775,-30.15,192.9319,0.9114,0.1319,5.0,27.96828,48.843956,2.353318,347.9098,NaN,0.0,51.870964,,6 / 25,21998,2022-01-10 17:04:54:527
-0.072383,-0.120239,9.687043,-0.029759,-0.123366,9.805829,0.003806,-0.003507,-0.052105,0.022503,0.011185,-0.00213,74.0,4.65,-20.775,-30.15,192.9319,0.9114,0.1319,5.0,27.96828,48.843956,2.353318,347.9098,NaN,0.0,51.870964,,6 / 25,22003,2022-01-10 17:04:54:532
-0.072383,-0.120239,9.687043,-0.029759,-0.123366,9.805829,0.003806,-0.003507,-0.052105,0.022503,0.011185,-0.00213,74.0,4.65,-20.775,-30.15,192.9319,0.9114,0.1319,5.0,27.96828,48.843956,2.353318,347.9098,NaN,0.0,51.870964,,6 / 25,22009,2022-01-10 17:04:54:538
-0.072383,-0.120239,9.687043,-0.029759,-0.123366,9.805829,0.003806,-0.003507,-0.052105,0.022503,0.011185,-0.00213,74.0,4.65,-20.775,-30.15,192.9319,0.9114,0.1319,5.0,27.96828,48.843956,2.353318,347.9098,NaN,0.0,51.870964,,6 / 25,22013,2022-01-10 17:04:54:542
-0.072383,-0.120239,9.687043,-0.029759,-0.123366,9.805829,0.003806,-0.003507,-0.052105,0.022503,0.011185,-0.00213,74.0,4.65,-20.775,-30.15,192.9319,0.9114,0.1319,5.0,27.96828,48.843956,2.353318,347.9098,NaN,0.0,51.870964,,6 / 25,22018,2022-01-10 17:04:54:547
-0.072383,-0.120239,9.687043,-0.029759,-0.123366,9.805829,0.003806,-0.003507,-0.052105,0.022503,0.011185,-0.00213,74.0,4.65,-20.775,-30.15,192.9319,0.9114,0.1319,5.0,27.96828,48.843956,2.353318,347.9098,NaN,0.0,51.870964,,6 / 25,22023,2022-01-10 17:04:54:552
-0.072383,-0.120239,9.687043,-0.029759,-0.123366,9.805829,0.003806,-0.003507,-0.052105,0.022503,0.011185,-0.00213,74.0,4.65,-20.775,-30.15,192.9319,0.9114,0.1319,5.0,27.96828,48.843956,2.353318,347.9098,NaN,0.0,51.870964,,6 / 25,22028,2022-01-10 17:04:54:557
-0.072383,-0.120239,9.687043,-0.029759,-0.123366,9.805829,0.003806,-0.003507,-0.052105,0.022503,0.011185,-0.00213,74.0,4.65,-20.775,-30.15,192.9319,0.9114,0.1319,5.0,27.96828,48.843956,2.353318,347.9098,NaN,0.0,51.870964,,6 / 25,22032,2022-01-10 17:04:54:561
-0.072383,-0.120239,9.687043,-0.029759,-0.123366,9.805829,0.003806,-0.003507,-0.052105,0.022503,0.011185,-0.00213,74.0,4.65,-20.775,-30.15,192.9319,0.9114,0.1319,5.0,27.96828,48.843956,2.353318,347.9098,NaN,0.0,51.870964,,6 / 25,22038,2022-01-10 17:04:54:567
-0.072383,-0.120239,9.687043,-0.029759,-0.123366,9.805829,0.003806,-0.003507,-0.052105,0.022503,0.011185,-0.00213,74.0,4.65,-20.775,-30.15,192.9319,0.9114,0.1319,5.0,27.96828,48.843956,2.353318,347.9098,NaN,0.0,51.870964,,6 / 25,22044,2022-01-10 17:04:54:573
-0.072383,-0.120239,9.687043,-0.029759,-0.123366,9.805829,0.003806,-0.003507,-0.052105,0.022503,0.011185,-0.00213,74.0,4.65,-20.775,-30.15,192.9319,0.9114,0.1319,5.0,27.96828,48.843956,2.353318,347.9098,NaN,0.0,51.870964,,6 / 25,22047,2022-01-10 17:04:54:576
-0.072383,-0.120239,9.687043,-0.029759,-0.123366,9.805829,0.003806,-0.003507,-0.052105,0.022503,0.011185,-0.00213,74.0,4.65,-20.775,-30.15,192.9319,0.9114,0.1319,5.0,27.96828,48.843956,2.353318,347.9098,NaN,0.0,51.870964,,6 / 25,22054,2022-01-10 17:04:54:583
-0.072383,-0.120239,9.687043,-0.029759,-0.123366,9.805829,0.003806,-0.003507,-0.052105,0.022503,0.011185,-0.00213,74.0,4.875,-20.775,-29.925,192.9336,0.7208,0.1739,5.0,27.96828,48.843956,2.353318,347.9098,NaN,0.0,51.870964,,6 / 25,22058,2022-01-10 17:04:54:587
-0.072383,-0.120239,9.687043,-0.029759,-0.123366,9.805829,0.003806,-0.003507,-0.052105,0.022503,0.011185,-0.00213,74.0,4.875,-20.775,-29.925,192.9336,0.7208,0.1739,5.0,27.96828,48.843956,2.353318,347.9098,NaN,0.0,51.870964,,6 / 25,22063,2022-01-10 17:04:54:592
-0.072383,-0.120239,9.687043,-0.029759,-0.123366,9.805829,0.003806,-0.003507,-0.052105,0.022503,0.011185,-0.00213,74.0,4.875,-20.775,-29.925,192.9336,0.7208,0.1739,5.0,27.96828,48.843956,2.353318,347.9098,NaN,0.0,51.870964,,6 / 25,22068,2022-01-10 17:04:54:597
-0.072383,-0.120239,9.687043,-0.029759,-0.123366,9.805829,0.003806,-0.003507,-0.052105,0.022503,0.011185,-0.00213,74.0,4.875,-20.775,-29.925,192.9336,0.7208,0.1739,5.0,33.74861,48.843956,2.353318,347.9098,NaN,0.0,51.870964,,6 / 25,22073,2022-01-10 17:04:54:602
-0.072383,-0.120239,9.687043,-0.029759,-0.123366,9.805829,0.003806,-0.003507,-0.052105,0.022503,0.011185,-0.00213,74.0,4.875,-20.775,-29.925,192.9336,0.7208,0.1739,5.0,33.74861,48.843956,2.353318,347.9098,NaN,0.0,51.870964,,6 / 25,22078,2022-01-10 17:04:54:607
-0.072383,-0.120239,9.687043,-0.029759,-0.123366,9.805829,0.003806,-0.003507,-0.052105,0.022503,0.011185,-0.00213,74.0,4.875,-20.775,-29.925,192.9336,0.7208,0.1739,5.0,33.74861,48.843956,2.353318,347.9098,NaN,0.0,51.870964,,6 / 25,22083,2022-01-10 17:04:54:612
-0.072383,-0.120239,9.687043,-0.029759,-0.123366,9.805829,0.003806,-0.003507,-0.052105,0.022503,0.011185,-0.00213,74.0,4.875,-20.775,-29.925,192.9336,0.7208,0.1739,5.0,33.74861,48.843956,2.353318,347.9098,NaN,0.0,51.870964,,6 / 25,22088,2022-01-10 17:04:54:617
-0.072383,-0.120239,9.687043,-0.029759,-0.123366,9.805829,0.003806,-0.003507,-0.052105,0.022503,0.011185,-0.00213,74.0,4.875,-20.775,-29.925,192.9336,0.7208,0.1739,5.0,33.74861,48.843956,2.353318,347.9098,NaN,0.0,51.870964,,6 / 25,22093,2022-01-10 17:04:54:622
-0.117847,-0.068794,9.879665,-0.050889,-0.1217,9.805763,-0.017178,0.003903,0.044878,-0.012516,-0.030892,-0.008788,74.0,4.875,-20.775,-29.925,192.9336,0.7208,0.1739,5.0,33.74861,48.843956,2.353318,347.9098,NaN,0.0,51.870964,,6 / 25,22098,2022-01-10 17:04:54:627
-0.117847,-0.068794,9.879665,-0.050889,-0.1217,9.805763,-0.017178,0.003903,0.044878,-0.012516,-0.030892,-0.008788,74.0,4.875,-20.775,-29.925,192.9336,0.7208,0.1739,5.0,33.74861,48.843956,2.353318,347.9098,NaN,0.0,51.870964,,6 / 25,22103,2022-01-10 17:04:54:632
-0.117847,-0.068794,9.879665,-0.050889,-0.1217,9.805763,-0.017178,0.003903,0.044878,-0.012516,-0.030892,-0.008788,74.0,4.875,-20.775,-29.925,192.9336,0.7208,0.1739,5.0,33.74861,48.843956,2.353318,347.9098,NaN,0.0,51.870964,,6 / 25,22107,2022-01-10 17:04:54:636
-0.117847,-0.068794,9.879665,-0.050889,-0.1217,9.805763,-0.017178,0.003903,0.044878,-0.012516,-0.030892,-0.008788,74.0,4.875,-20.775,-29.925,192.9336,0.7208,0.1739,5.0,33.74861,48.843956,2.353318,347.9098,NaN,0.0,51.870964,,6 / 25,22113,2022-01-10 17:04:54:642
-0.117847,-0.068794,9.879665,-0.050889,-0.1217,9.805763,-0.017178,0.003903,0.044878,-0.012516,-0.030892,-0.008788,74.0,4.875,-20.775,-29.925,192.9336,0.7208,0.1739,5.0,33.74861,48.843956,2.353318,347.9098,NaN,0.0,51.870964,,6 / 25,22118,2022-01-10 17:04:54:647
-0.117847,-0.068794,9.879665,-0.050889,-0.1217,9.805763,-0.017178,0.003903,0.044878,-0.012516,-0.030892,-0.008788,74.0,4.875,-20.775,-29.925,192.9336,0.7208,0.1739,5.0,33.74861,48.843956,2.353318,347.9098,NaN,0.0,51.870964,,6 / 25,22123,2022-01-10 17:04:54:652
-0.117847,-0.068794,9.879665,-0.050889,-0.1217,9.805763,-0.017178,0.003903,0.044878,-0.012516,-0.030892,-0.008788,74.0,4.875,-20.775,-29.925,192.9336,0.7208,0.1739,5.0,33.74861,48.843956,2.353318,347.9098,NaN,0.0,51.870964,,6 / 25,22127,2022-01-10 17:04:54:656
-0.117847,-0.068794,9.879665,-0.050889,-0.1217,9.805763,-0.017178,0.003903,0.044878,-0.012516,-0.030892,-0.008788,74.0,4.875,-20.775,-29.925,192.9336,0.7208,0.1739,5.0,33.74861,48.843956,2.353318,347.9098,NaN,0.0,51.870964,,6 / 25,22133,2022-01-10 17:04:54:662
-0.117847,-0.068794,9.879665,-0.050889,-0.1217,9.805763,-0.017178,0.003903,0.044878,-0.012516,-0.030892,-0.008788,74.0,4.875,-20.775,-29.925,192.9336,0.7208,0.1739,5.0,33.74861,48.843956,2.353318,347.9098,NaN,0.0,51.870964,,6 / 25,22138,2022-01-10 17:04:54:667
-0.117847,-0.068794,9.879665,-0.050889,-0.1217,9.805763,-0.017178,0.003903,0.044878,-0.012516,-0.030892,-0.008788,74.0,4.875,-20.775,-29.925,192.9336,0.7208,0.1739,5.0,33.74861,48.843956,2.353318,347.9098,NaN,0.0,51.870964,,6 / 25,22142,2022-01-10 17:04:54:671
-0.117847,-0.068794,9.879665,-0.050889,-0.1217,9.805763,-0.017178,0.003903,0.044878,-0.012516,-0.030892,-0.008788,74.0,4.875,-20.775,-29.925,192.9336,0.7208,0.1739,5.0,33.74861,48.843956,2.353318,347.9098,NaN,0.0,51.870964,,6 / 25,22148,2022-01-10 17:04:54:677
-0.117847,-0.068794,9.879665,-0.050889,-0.1217,9.805763,-0.017178,0.003903,0.044878,-0.012516,-0.030892,-0.008788,74.0,4.875,-20.775,-29.925,192.9336,0.7208,0.1739,5.0,33.74861,48.843956,2.353318,347.9098,NaN,0.0,51.870964,,6 / 25,22152,2022-01-10 17:04:54:681
-0.117847,-0.068794,9.879665,-0.050889,-0.1217,9.805763,-0.017178,0.003903,0.044878,-0.012516,-0.030892,-0.008788,74.0,4.875,-20.775,-29.925,192.9336,0.7208,0.1739,5.0,33.74861,48.843956,2.353318,347.9098,NaN,0.0,51.870964,,6 / 25,22157,2022-01-10 17:04:54:686
-0.117847,-0.068794,9.879665,-0.050889,-0.1217,9.805763,-0.017178,0.003903,0.044878,-0.012516,-0.030892,-0.008788,74.0,4.875,-20.775,-29.925,192.9336,0.7208,0.1739,5.0,33.74861,48.843956,2.353318,347.9098,NaN,0.0,51.870964,,6 / 25,22162,2022-01-10 17:04:54:691
-0.117847,-0.068794,9.879665,-0.050889,-0.1217,9.805763,-0.017178,0.003903,0.044878,-0.012516,-0.030892,-0.008788,74.0,4.875,-20.775,-29.925,192.9336,0.7208,0.1739,5.0,33.74861,48.843956,2.353318,347.9098,NaN,0.0,51.870964,,6 / 25,22167,2022-01-10 17:04:54:696
-0.117847,-0.068794,9.879665,-0.050889,-0.1217,9.805763,-0.017178,0.003903,0.044878,-0.012516,-0.030892,-0.008788,74.0,4.875,-20.775,-29.925,192.9336,0.7208,0.1739,5.0,33.74861,48.843956,2.353318,347.9098,NaN,0.0,51.870964,,6 / 25,22173,2022-01-10 17:04:54:702
-0.117847,-0.068794,9.879665,-0.050889,-0.1217,9.805763,-0.017178,0.003903,0.044878,-0.012516,-0.030892,-0.008788,74.0,4.875,-20.775,-29.925,192.9336,0.7208,0.1739,5.0,33.74861,48.843956,2.353318,347.9098,NaN,0.0,51.870964,,6 / 25,22178,2022-01-10 17:04:54:707
-0.117847,-0.068794,9.879665,-0.050889,-0.1217,9.805763,-0.017178,0.003903,0.044878,-0.012516,-0.030892,-0.008788,74.0,4.875,-20.775,-29.925,192.9336,0.7208,0.1739,5.0,33.74861,48.843956,2.353318,347.9098,NaN,0.0,51.870964,,6 / 25,22182,2022-01-10 17:04:54:711
-0.117847,-0.068794,9.879665,-0.050889,-0.1217,9.805763,-0.017178,0.003903,0.044878,-0.012516,-0.030892,-0.008788,74.0,4.875,-20.775,-29.925,192.9336,0.7208,0.1739,5.0,33.74861,48.843956,2.353318,347.9098,NaN,0.0,51.870964,,6 / 25,22188,2022-01-10 17:04:54:717
-0.117847,-0.068794,9.879665,-0.050889,-0.1217,9.805763,-0.017178,0.003903,0.044878,-0.012516,-0.030892,-0.008788,74.0,4.875,-20.775,-29.925,192.9336,0.7208,0.1739,5.0,33.74861,48.843956,2.353318,347.9098,NaN,0.0,51.870964,,6 / 25,22193,2022-01-10 17:04:54:722
0.238086,-0.164507,9.787542,-0.050889,-0.1217,9.805763,-0.017178,0.003903,0.044878,-0.012516,-0.030892,-0.008788,74.0,5.1,-21.0,-29.85,192.7716,0.7111,0.2973,5.0,33.74861,48.843956,2.353318,347.9098,NaN,0.0,51.870964,,6 / 25,22197,2022-01-10 17:04:54:726
0.238086,-0.164507,9.787542,-0.050889,-0.1217,9.805763,-0.017178,0.003903,0.044878,-0.012516,-0.030892,-0.008788,74.0,5.1,-21.0,-29.85,192.7716,0.7111,0.2973,5.0,33.74861,48.843956,2.353318,347.9098,NaN,0.0,51.870964,,6 / 25,22202,2022-01-10 17:04:54:731
0.238086,-0.164507,9.787542,-0.050889,-0.1217,9.805763,-0.017178,0.003903,0.044878,-0.012516,-0.030892,-0.008788,74.0,5.1,-21.0,-29.85,192.7716,0.7111,0.2973,5.0,33.74861,48.843956,2.353318,347.9098,NaN,0.0,51.870964,,6 / 25,22208,2022-01-10 17:04:54:737
0.238086,-0.164507,9.787542,-0.050889,-0.1217,9.805763,-0.017178,0.003903,0.044878,-0.012516,-0.030892,-0.008788,74.0,5.1,-21.0,-29.85,192.7716,0.7111,0.2973,5.0,33.74861,48.843956,2.353318,347.9098,NaN,0.0,51.870964,,6 / 25,22213,2022-01-10 17:04:54:742
0.238086,-0.164507,9.787542,-0.050889,-0.1217,9.805763,-0.017178,0.003903,0.044878,-0.012516,-0.030892,-0.008788,74.0,5.1,-21.0,-29.85,192.7716,0.7111,0.2973,5.0,33.74861,48.843956,2.353318,347.9098,NaN,0.0,51.870964,,6 / 25,22217,2022-01-10 17:04:54:746
0.238086,-0.164507,9.787542,-0.100635,-0.124727,9.805341,0.038371,0.009719,-0.026977,-0.012516,-0.030892,-0.008788,74.0,5.1,-21.0,-29.85,192.7716,0.7111,0.2973,5.0,33.74861,48.843956,2.353318,347.9098,NaN,0.0,51.870964,,6 / 25,22223,2022-01-10 17:04:54:752
0.238086,-0.164507,9.787542,-0.100635,-0.124727,9.805341,0.038371,0.009719,-0.026977,-0.012516,-0.030892,-0.008788,74.0,5.1,-21.0,-29.85,192.7716,0.7111,0.2973,5.0,33.74861,48.843956,2.353318,347.9098,NaN,0.0,51.870964,,6 / 25,22228,2022-01-10 17:04:54:757
0.238086,-0.164507,9.787542,-0.100635,-0.124727,9.805341,0.038371,0.009719,-0.026977,0.006391,0.114246,-0.004128,74.0,5.1,-21.0,-29.85,192.7716,0.7111,0.2973,5.0,33.74861,48.843956,2.353318,347.9098,NaN,0.0,51.870964,,6 / 25,22233,2022-01-10 17:04:54:762
0.238086,-0.164507,9.787542,-0.100635,-0.124727,9.805341,0.038371,0.009719,-0.026977,0.006391,0.114246,-0.004128,74.0,5.1,-21.0,-29.85,192.7716,0.7111,0.2973,5.0,33.74861,48.843956,2.353318,347.9098,NaN,0.0,51.870964,,6 / 25,22237,2022-01-10 17:04:54:766
0.238086,-0.164507,9.787542,-0.100635,-0.124727,9.805341,0.038371,0.009719,-0.026977,0.006391,0.114246,-0.004128,74.0,5.1,-21.0,-29.85,192.7716,0.7111,0.2973,5.0,33.74861,48.843956,2.353318,347.9098,NaN,0.0,51.870964,,6 / 25,22244,2022-01-10 17:04:54:773
0.238086,-0.164507,9.787542,-0.100635,-0.124727,9.805341,0.038371,0.009719,-0.026977,0.006391,0.114246,-0.004128,74.0,5.1,-21.0,-29.85,192.7716,0.7111,0.2973,5.0,33.74861,48.843956,2.353318,347.9098,NaN,0.0,51.870964,,6 / 25,22248,2022-01-10 17:04:54:777
0.238086,-0.164507,9.787542,-0.100635,-0.124727,9.805341,0.038371,0.009719,-0.026977,0.006391,0.114246,-0.004128,74.0,5.1,-21.0,-29.85,192.7716,0.7111,0.2973,5.0,33.74861,48.843956,2.353318,347.9098,NaN,0.0,51.870964,,6 / 25,22252,2022-01-10 17:04:54:781
0.238086,-0.164507,9.787542,-0.100635,-0.124727,9.805341,0.038371,0.009719,-0.026977,0.006391,0.114246,-0.004128,74.0,5.1,-21.0,-29.85,192.7716,0.7111,0.2973,5.0,33.74861,48.843956,2.353318,347.9098,NaN,0.0,51.870964,,6 / 25,22257,2022-01-10 17:04:54:786
0.238086,-0.164507,9.787542,-0.100635,-0.124727,9.805341,0.038371,0.009719,-0.026977,0.006391,0.114246,-0.004128,74.0,5.1,-21.0,-29.85,192.7716,0.7111,0.2973,5.0,33.74861,48.843956,2.353318,347.9098,NaN,0.0,51.870964,,6 / 25,22263,2022-01-10 17:04:54:792
0.238086,-0.164507,9.787542,-0.100635,-0.124727,9.805341,0.038371,0.009719,-0.026977,0.006391,0.114246,-0.004128,74.0,5.1,-21.0,-29.85,192.7716,0.7111,0.2973,5.0,33.74861,48.843956,2.353318,347.9098,NaN,0.0,51.870964,,6 / 25,22268,2022-01-10 17:04:54:797
0.238086,-0.164507,9.787542,-0.100635,-0.124727,9.805341,0.038371,0.009719,-0.026977,0.006391,0.114246,-0.004128,74.0,5.1,-21.0,-29.85,192.7716,0.7111,0.2973,5.0,33.74861,48.843956,2.353318,347.9098,NaN,0.0,51.870964,,6 / 25,22273,2022-01-10 17:04:54:802
0.238086,-0.164507,9.787542,-0.100635,-0.124727,9.805341,0.038371,0.009719,-0.026977,0.006391,0.114246,-0.004128,74.0,5.1,-21.0,-29.85,192.7716,0.7111,0.2973,5.0,33.74861,48.843956,2.353318,347.9098,NaN,0.0,51.870964,,6 / 25,22278,2022-01-10 17:04:54:807
0.238086,-0.164507,9.787542,-0.100635,-0.124727,9.805341,0.038371,0.009719,-0.026977,0.006391,0.114246,-0.004128,74.0,5.1,-21.0,-29.85,192.7716,0.7111,0.2973,5.0,33.74861,48.843956,2.353318,347.9098,NaN,0.0,51.870964,,6 / 25,22283,2022-01-10 17:04:54:812
0.238086,-0.164507,9.787542,-0.100635,-0.124727,9.805341,0.038371,0.009719,-0.026977,0.006391,0.114246,-0.004128,74.0,5.1,-21.0,-29.85,192.7716,0.7111,0.2973,5.0,33.74861,48.843956,2.353318,347.9098,NaN,0.0,51.870964,,6 / 25,22287,2022-01-10 17:04:54:816
0.238086,-0.164507,9.787542,-0.100635,-0.124727,9.805341,0.038371,0.009719,-0.026977,0.006391,0.114246,-0.004128,74.0,5.1,-21.0,-29.85,192.7716,0.7111,0.2973,5.0,33.74861,48.843956,2.353318,347.9098,NaN,0.0,51.870964,,6 / 25,22292,2022-01-10 17:04:54:821
-0.171685,-0.123829,9.757631,-0.100635,-0.124727,9.805341,0.038371,0.009719,-0.026977,0.006391,0.114246,-0.004128,74.0,5.1,-21.0,-29.85,192.7716,0.7111,0.2973,5.0,33.74861,48.843956,2.353318,347.9098,NaN,0.0,51.870964,,6 / 25,22298,2022-01-10 17:04:54:827
-0.171685,-0.123829,9.757631,-0.100635,-0.124727,9.805341,0.038371,0.009719,-0.026977,0.006391,0.114246,-0.004128,74.0,5.1,-21.0,-29.85,192.7716,0.7111,0.2973,5.0,33.74861,48.843956,2.353318,347.9098,NaN,0.0,51.870964,,6 / 25,22303,2022-01-10 17:04:54:832
-0.171685,-0.123829,9.757631,-0.100635,-0.124727,9.805341,0.038371,0.009719,-0.026977,0.006391,0.114246,-0.004128,74.0,5.1,-21.0,-29.85,192.7716,0.7111,0.2973,5.0,33.74861,48.843956,2.353318,347.9098,NaN,0.0,51.870964,,6 / 25,22307,2022-01-10 17:04:54:836
-0.171685,-0.123829,9.757631,-0.100635,-0.124727,9.805341,0.038371,0.009719,-0.026977,0.006391,0.114246,-0.004128,74.0,5.1,-21.0,-29.85,192.7716,0.7111,0.2973,5.0,33.74861,48.843956,2.353318,347.9098,NaN,0.0,51.870964,,6 / 25,22312,2022-01-10 17:04:54:841
-0.171685,-0.123829,9.757631,-0.100635,-0.124727,9.805341,0.038371,0.009719,-0.026977,0.006391,0.114246,-0.004128,74.0,5.1,-21.0,-29.85,192.7716,0.7111,0.2973,5.0,33.74861,48.843956,2.353318,347.9098,NaN,0.0,51.870964,,6 / 25,22317,2022-01-10 17:04:54:846
-0.171685,-0.123829,9.757631,-0.100635,-0.124727,9.805341,0.038371,0.009719,-0.026977,0.006391,0.114246,-0.004128,74.0,5.1,-21.0,-29.85,192.7716,0.7111,0.2973,5.0,33.74861,48.843956,2.353318,347.9098,NaN,0.0,51.870964,,6 / 25,22323,2022-01-10 17:04:54:852
-0.171685,-0.123829,9.757631,-0.100635,-0.124727,9.805341,0.038371,0.009719,-0.026977,0.006391,0.114246,-0.004128,74.0,5.1,-21.0,-29.85,192.7716,0.7111,0.2973,5.0,33.74861,48.843956,2.353318,347.9098,NaN,0.0,51.870964,,6 / 25,22328,2022-01-10 17:04:54:857
-0.171685,-0.123829,9.757631,-0.206695,-0.114688,9.803801,0.038371,0.009719,-0.026977,0.006391,0.114246,-0.004128,74.0,5.1,-21.0,-29.85,192.7716,0.7111,0.2973,5.0,33.74861,48.843956,2.353318,347.9098,NaN,0.0,51.870964,,6 / 25,22332,2022-01-10 17:04:54:861
-0.171685,-0.123829,9.757631,-0.206695,-0.114688,9.803801,0.029575,-0.013262,0.082694,0.006391,0.114246,-0.004128,74.0,5.25,-20.85,-29.85,191.5585,0.6701,1.2078,5.0,33.74861,48.843956,2.353318,347.9098,NaN,0.0,51.870964,,6 / 25,22338,2022-01-10 17:04:54:867
-0.171685,-0.123829,9.757631,-0.206695,-0.114688,9.803801,0.029575,-0.013262,0.082694,0.006391,0.114246,-0.004128,74.0,5.25,-20.85,-29.85,191.5585,0.6701,1.2078,5.0,33.74861,48.843956,2.353318,347.9098,NaN,0.0,51.870964,,6 / 25,22343,2022-01-10 17:04:54:872
-0.171685,-0.123829,9.757631,-0.206695,-0.114688,9.803801,0.029575,-0.013262,0.082694,0.006391,0.114246,-0.004128,74.0,5.25,-20.85,-29.85,191.5585,0.6701,1.2078,5.0,33.74861,48.843956,2.353318,347.9098,NaN,0.0,51.870964,,6 / 25,22348,2022-01-10 17:04:54:877
-0.171685,-0.123829,9.757631,-0.206695,-0.114688,9.803801,0.029575,-0.013262,0.082694,0.006391,0.114246,-0.004128,74.0,5.25,-20.85,-29.85,191.5585,0.6701,1.2078,5.0,33.74861,48.843956,2.353318,347.9098,NaN,0.0,51.870964,,6 / 25,22353,2022-01-10 17:04:54:882
-0.171685,-0.123829,9.757631,-0.206695,-0.114688,9.803801,0.029575,-0.013262,0.082694,0.006391,0.114246,-0.004128,74.0,5.25,-20.85,-29.85,191.5585,0.6701,1.2078,5.0,33.74861,48.843956,2.353318,347.9098,NaN,0.0,51.870964,,6 / 25,22357,2022-01-10 17:04:54:886
-0.171685,-0.123829,9.757631,-0.206695,-0.114688,9.803801,0.029575,-0.013262,0.082694,0.006391,0.114246,-0.004128,74.0,5.25,-20.85,-29.85,191.5585,0.6701,1.2078,5.0,33.74861,48.843956,2.353318,347.9098,NaN,0.0,51.870964,,6 / 25,22363,2022-01-10 17:04:54:892
-0.171685,-0.123829,9.757631,-0.206695,-0.114688,9.803801,0.029575,-0.013262,0.082694,0.006391,0.114246,-0.004128,74.0,5.25,-20.85,-29.85,191.5585,0.6701,1.2078,5.0,33.74861,48.843956,2.353318,347.9098,NaN,0.0,51.870964,,6 / 25,22368,2022-01-10 17:04:54:897
-0.171685,-0.123829,9.757631,-0.206695,-0.114688,9.803801,0.029575,-0.013262,0.082694,0.006258,0.023568,-0.011851,74.0,5.25,-20.85,-29.85,191.5585,0.6701,1.2078,5.0,33.74861,48.843956,2.353318,347.9098,NaN,0.0,51.870964,,6 / 25,22372,2022-01-10 17:04:54:901
-0.171685,-0.123829,9.757631,-0.206695,-0.114688,9.803801,0.029575,-0.013262,0.082694,0.006258,0.023568,-0.011851,74.0,5.25,-20.85,-29.85,191.5585,0.6701,1.2078,5.0,33.74861,48.843956,2.353318,347.9098,NaN,0.0,51.870964,,6 / 25,22378,2022-01-10 17:04:54:907
-0.171685,-0.123829,9.757631,-0.206695,-0.114688,9.803801,0.029575,-0.013262,0.082694,0.006258,0.023568,-0.011851,74.0,5.25,-20.85,-29.85,191.5585,0.6701,1.2078,5.0,33.74861,48.843956,2.353318,347.9098,NaN,0.0,51.870964,,6 / 25,22382,2022-01-10 17:04:54:911
-0.171685,-0.123829,9.757631,-0.206695,-0.114688,9.803801,0.029575,-0.013262,0.082694,0.006258,0.023568,-0.011851,74.0,5.25,-20.85,-29.85,191.5585,0.6701,1.2078,5.0,33.23081,48.843956,2.353318,347.9098,NaN,0.0,51.870964,,6 / 25,22387,2022-01-10 17:04:54:916
-0.171685,-0.123829,9.757631,-0.206695,-0.114688,9.803801,0.029575,-0.013262,0.082694,0.006258,0.023568,-0.011851,74.0,5.25,-20.85,-29.85,191.5585,0.6701,1.2078,5.0,33.23081,48.843956,2.353318,347.9098,NaN,0.0,51.870964,,6 / 25,22393,2022-01-10 17:04:54:922
-0.121436,-0.091525,9.871291,-0.206695,-0.114688,9.803801,0.029575,-0.013262,0.082694,0.006258,0.023568,-0.011851,74.0,5.25,-20.85,-29.85,191.5585,0.6701,1.2078,5.0,33.23081,48.843956,2.353318,347.9098,NaN,0.0,51.870964,,6 / 25,22398,2022-01-10 17:04:54:927
-0.121436,-0.091525,9.871291,-0.206695,-0.114688,9.803801,0.029575,-0.013262,0.082694,0.006258,0.023568,-0.011851,74.0,5.25,-20.85,-29.85,191.5585,0.6701,1.2078,5.0,33.23081,48.843956,2.353318,347.9098,NaN,0.0,51.870964,,6 / 25,22403,2022-01-10 17:04:54:932
-0.121436,-0.091525,9.871291,-0.206695,-0.114688,9.803801,0.029575,-0.013262,0.082694,0.006258,0.023568,-0.011851,74.0,5.25,-20.85,-29.85,191.5585,0.6701,1.2078,5.0,33.23081,48.843956,2.353318,347.9098,NaN,0.0,51.870964,,6 / 25,22407,2022-01-10 17:04:54:936
-0.121436,-0.091525,9.871291,-0.206695,-0.114688,9.803801,0.029575,-0.013262,0.082694,0.006258,0.023568,-0.011851,74.0,5.25,-20.85,-29.85,191.5585,0.6701,1.2078,5.0,33.23081,48.843956,2.353318,347.9098,NaN,0.0,51.870964,,6 / 25,22413,2022-01-10 17:04:54:942
-0.121436,-0.091525,9.871291,-0.196118,-0.11524,9.804012,0.029575,-0.013262,0.082694,0.006258,0.023568,-0.011851,74.0,5.25,-20.85,-29.85,191.5585,0.6701,1.2078,5.0,33.23081,48.843956,2.353318,347.9098,NaN,0.0,51.870964,,6 / 25,22420,2022-01-10 17:04:54:949
-0.121436,-0.091525,9.871291,-0.196118,-0.11524,9.804012,0.029575,-0.013262,0.082694,0.006258,0.023568,-0.011851,74.0,5.25,-20.85,-29.85,191.5585,0.6701,1.2078,5.0,33.23081,48.843956,2.353318,347.9098,NaN,0.0,51.870964,,6 / 25,22423,2022-01-10 17:04:54:952
-0.121436,-0.091525,9.871291,-0.196118,-0.11524,9.804012,0.029575,-0.013262,0.082694,0.006258,0.023568,-0.011851,74.0,5.25,-20.85,-29.85,191.5585,0.6701,1.2078,5.0,33.23081,48.843956,2.353318,347.9098,NaN,0.0,51.870964,,6 / 25,22427,2022-01-10 17:04:54:956
-0.121436,-0.091525,9.871291,-0.196118,-0.11524,9.804012,0.029575,-0.013262,0.082694,0.006258,0.023568,-0.011851,74.0,5.25,-20.85,-29.85,191.5585,0.6701,1.2078,5.0,33.23081,48.843956,2.353318,347.9098,NaN,0.0,51.870964,,6 / 25,22433,2022-01-10 17:04:54:962
-0.121436,-0.091525,9.871291,-0.196118,-0.11524,9.804012,0.029575,-0.013262,0.082694,0.006258,0.023568,-0.011851,74.0,5.25,-20.85,-29.85,191.5585,0.6701,1.2078,5.0,33.23081,48.843956,2.353318,347.9098,NaN,0.0,51.870964,,6 / 25,22441,2022-01-10 17:04:54:970
-0.121436,-0.091525,9.871291,-0.196118,-0.11524,9.804012,0.029575,-0.013262,0.082694,0.006258,0.023568,-0.011851,74.0,5.25,-20.85,-29.85,191.5585,0.6701,1.2078,5.0,33.23081,48.843956,2.353318,347.9098,NaN,0.0,51.870964,,6 / 25,22442,2022-01-10 17:04:54:971
-0.121436,-0.091525,9.871291,-0.196118,-0.11524,9.804012,0.029575,-0.013262,0.082694,0.006258,0.023568,-0.011851,74.0,5.25,-20.85,-29.85,191.5585,0.6701,1.2078,5.0,33.23081,48.843956,2.353318,347.9098,NaN,0.0,51.870964,,6 / 25,22448,2022-01-10 17:04:54:977
-0.121436,-0.091525,9.871291,-0.196118,-0.11524,9.804012,0.029575,-0.013262,0.082694,0.006258,0.023568,-0.011851,74.0,5.25,-20.85,-29.85,191.5585,0.6701,1.2078,5.0,33.23081,48.843956,2.353318,347.9098,NaN,0.0,51.870964,,6 / 25,22453,2022-01-10 17:04:54:982
-0.121436,-0.091525,9.871291,-0.196118,-0.11524,9.804012,0.029575,-0.013262,0.082694,0.006258,0.023568,-0.011851,74.0,5.55,-21.15,-29.775,194.1894,0.6733,1.146,5.0,33.23081,48.843956,2.353318,347.9098,NaN,0.0,51.870964,,6 / 25,22457,2022-01-10 17:04:54:986
-0.121436,-0.091525,9.871291,-0.196118,-0.11524,9.804012,0.029575,-0.013262,0.082694,0.006258,0.023568,-0.011851,74.0,5.55,-21.15,-29.775,194.1894,0.6733,1.146,5.0,33.23081,48.843956,2.353318,347.9098,NaN,0.0,51.870964,,6 / 25,22462,2022-01-10 17:04:54:991
-0.121436,-0.091525,9.871291,-0.196118,-0.11524,9.804012,-0.059779,0.0292,0.053168,0.006258,0.023568,-0.011851,74.0,5.55,-21.15,-29.775,194.1894,0.6733,1.146,5.0,33.23081,48.843956,2.353318,347.9098,NaN,0.0,51.870964,,6 / 25,22468,2022-01-10 17:04:54:997
-0.121436,-0.091525,9.871291,-0.196118,-0.11524,9.804012,-0.059779,0.0292,0.053168,0.006258,0.023568,-0.011851,74.0,5.55,-21.15,-29.775,194.1894,0.6733,1.146,5.0,33.23081,48.843956,2.353318,347.9098,NaN,0.0,51.870964,,6 / 25,22473,2022-01-10 17:04:55:002
-0.121436,-0.091525,9.871291,-0.196118,-0.11524,9.804012,-0.059779,0.0292,0.053168,0.006258,0.023568,-0.011851,74.0,5.55,-21.15,-29.775,194.1894,0.6733,1.146,5.0,33.23081,48.843956,2.353318,347.9098,NaN,0.0,51.870964,,6 / 25,22477,2022-01-10 17:04:55:006
-0.121436,-0.091525,9.871291,-0.196118,-0.11524,9.804012,-0.059779,0.0292,0.053168,0.006258,0.023568,-0.011851,74.0,5.55,-21.15,-29.775,194.1894,0.6733,1.146,5.0,33.23081,48.843956,2.353318,347.9098,NaN,0.0,51.870964,,6 / 25,22483,2022-01-10 17:04:55:012
-0.121436,-0.091525,9.871291,-0.196118,-0.11524,9.804012,-0.059779,0.0292,0.053168,0.006258,0.023568,-0.011851,74.0,5.55,-21.15,-29.775,194.1894,0.6733,1.146,5.0,33.23081,48.843956,2.353318,347.9098,NaN,0.0,51.870964,,6 / 25,22487,2022-01-10 17:04:55:016
-0.121436,-0.091525,9.871291,-0.196118,-0.11524,9.804012,-0.059779,0.0292,0.053168,0.006258,0.023568,-0.011851,74.0,5.55,-21.15,-29.775,194.1894,0.6733,1.146,5.0,33.23081,48.843956,2.353318,347.9098,NaN,0.0,51.870964,,6 / 25,22493,2022-01-10 17:04:55:022
-0.18006,-0.135793,10.031909,-0.196118,-0.11524,9.804012,-0.059779,0.0292,0.053168,0.00506,0.06964,-0.164845,74.0,5.55,-21.15,-29.775,194.1894,0.6733,1.146,5.0,33.23081,48.843956,2.353318,347.9098,NaN,0.0,51.870964,,6 / 25,22498,2022-01-10 17:04:55:027
-0.18006,-0.135793,10.031909,-0.196118,-0.11524,9.804012,-0.059779,0.0292,0.053168,0.00506,0.06964,-0.164845,74.0,5.55,-21.15,-29.775,194.1894,0.6733,1.146,5.0,33.23081,48.843956,2.353318,347.9098,NaN,0.0,51.870964,,6 / 25,22503,2022-01-10 17:04:55:032
-0.18006,-0.135793,10.031909,-0.196118,-0.11524,9.804012,-0.059779,0.0292,0.053168,0.00506,0.06964,-0.164845,74.0,5.55,-21.15,-29.775,194.1894,0.6733,1.146,5.0,33.23081,48.843956,2.353318,347.9098,NaN,0.0,51.870964,,6 / 25,22509,2022-01-10 17:04:55:038
-0.18006,-0.135793,10.031909,-0.196118,-0.11524,9.804012,-0.059779,0.0292,0.053168,0.00506,0.06964,-0.164845,74.0,5.55,-21.15,-29.775,194.1894,0.6733,1.146,5.0,33.23081,48.843956,2.353318,347.9098,NaN,0.0,51.870964,,6 / 25,22513,2022-01-10 17:04:55:042
-0.18006,-0.135793,10.031909,-0.196118,-0.11524,9.804012,-0.059779,0.0292,0.053168,0.00506,0.06964,-0.164845,74.0,5.55,-21.15,-29.775,194.1894,0.6733,1.146,5.0,33.23081,48.843956,2.353318,347.9098,NaN,0.0,51.870964,,6 / 25,22518,2022-01-10 17:04:55:047
-0.18006,-0.135793,10.031909,-0.181346,-0.113399,9.804317,-0.059779,0.0292,0.053168,0.00506,0.06964,-0.164845,74.0,5.55,-21.15,-29.775,194.1894,0.6733,1.146,5.0,33.23081,48.843956,2.353318,347.9098,NaN,0.0,51.870964,,6 / 25,22522,2022-01-10 17:04:55:051
-0.18006,-0.135793,10.031909,-0.181346,-0.113399,9.804317,-0.059779,0.0292,0.053168,0.00506,0.06964,-0.164845,74.0,5.55,-21.15,-29.775,194.1894,0.6733,1.146,5.0,33.23081,48.843956,2.353318,347.9098,NaN,0.0,51.870964,,6 / 25,22527,2022-01-10 17:04:55:056
-0.18006,-0.135793,10.031909,-0.181346,-0.113399,9.804317,-0.059779,0.0292,0.053168,0.00506,0.06964,-0.164845,74.0,5.55,-21.15,-29.775,194.1894,0.6733,1.146,5.0,33.23081,48.843956,2.353318,347.9098,NaN,0.0,51.870964,,6 / 25,22532,2022-01-10 17:04:55:061
-0.18006,-0.135793,10.031909,-0.181346,-0.113399,9.804317,-0.059779,0.0292,0.053168,0.00506,0.06964,-0.164845,74.0,5.55,-21.15,-29.775,194.1894,0.6733,1.146,5.0,33.23081,48.843956,2.353318,347.9098,NaN,0.0,51.870964,,6 / 25,22538,2022-01-10 17:04:55:067
-0.18006,-0.135793,10.031909,-0.181346,-0.113399,9.804317,-0.059779,0.0292,0.053168,0.00506,0.06964,-0.164845,74.0,5.55,-21.15,-29.775,194.1894,0.6733,1.146,5.0,33.23081,48.843956,2.353318,347.9098,NaN,0.0,51.870964,,6 / 25,22543,2022-01-10 17:04:55:072
-0.18006,-0.135793,10.031909,-0.181346,-0.113399,9.804317,-0.059779,0.0292,0.053168,0.00506,0.06964,-0.164845,74.0,5.55,-21.15,-29.775,194.1894,0.6733,1.146,5.0,33.23081,48.843956,2.353318,347.9098,NaN,0.0,51.870964,,6 / 25,22548,2022-01-10 17:04:55:077
-0.18006,-0.135793,10.031909,-0.181346,-0.113399,9.804317,-0.059779,0.0292,0.053168,0.00506,0.06964,-0.164845,74.0,5.55,-21.15,-29.775,194.1894,0.6733,1.146,5.0,33.23081,48.843956,2.353318,347.9098,NaN,0.0,51.870964,,6 / 25,22553,2022-01-10 17:04:55:082
-0.18006,-0.135793,10.031909,-0.181346,-0.113399,9.804317,-0.059779,0.0292,0.053168,0.00506,0.06964,-0.164845,74.0,5.55,-21.15,-29.775,194.1894,0.6733,1.146,5.0,33.23081,48.843956,2.353318,347.9098,NaN,0.0,51.870964,,6 / 25,22558,2022-01-10 17:04:55:087
-0.18006,-0.135793,10.031909,-0.181346,-0.113399,9.804317,-0.059779,0.0292,0.053168,0.00506,0.06964,-0.164845,74.0,5.55,-21.15,-29.775,194.1894,0.6733,1.146,5.0,33.23081,48.843956,2.353318,347.9098,NaN,0.0,51.870964,,6 / 25,22563,2022-01-10 17:04:55:092
-0.18006,-0.135793,10.031909,-0.181346,-0.113399,9.804317,-0.059779,0.0292,0.053168,0.00506,0.06964,-0.164845,74.0,5.55,-21.15,-29.775,194.1894,0.6733,1.146,5.0,33.23081,48.843956,2.353318,347.9098,NaN,0.0,51.870964,,6 / 25,22567,2022-01-10 17:04:55:096
-0.18006,-0.135793,10.031909,-0.181346,-0.113399,9.804317,-0.059779,0.0292,0.053168,0.00506,0.06964,-0.164845,74.0,5.55,-21.15,-29.775,194.1894,0.6733,1.146,5.0,33.23081,48.843956,2.353318,347.9098,NaN,0.0,51.870964,,6 / 25,22573,2022-01-10 17:04:55:102
-0.18006,-0.135793,10.031909,-0.181346,-0.113399,9.804317,-0.059779,0.0292,0.053168,0.00506,0.06964,-0.164845,74.0,5.55,-21.15,-29.775,194.1894,0.6733,1.146,5.0,33.23081,48.843956,2.353318,347.9098,NaN,0.0,51.870964,,6 / 25,22578,2022-01-10 17:04:55:107
-0.18006,-0.135793,10.031909,-0.181346,-0.113399,9.804317,-0.059779,0.0292,0.053168,0.00506,0.06964,-0.164845,74.0,5.55,-21.15,-29.775,194.1894,0.6733,1.146,5.0,33.23081,48.843956,2.353318,347.9098,NaN,0.0,51.870964,,6 / 25,22583,2022-01-10 17:04:55:112
-0.685544,0.221037,10.379168,-0.181346,-0.113399,9.804317,0.108291,-0.20759,0.495994,0.00506,0.06964,-0.164845,74.0,5.55,-21.15,-29.775,194.1894,0.6733,1.146,5.0,33.23081,48.843956,2.353318,347.9098,NaN,0.0,51.870964,,6 / 25,22588,2022-01-10 17:04:55:117
-0.685544,0.221037,10.379168,-0.181346,-0.113399,9.804317,0.108291,-0.20759,0.495994,0.00506,0.06964,-0.164845,74.0,5.55,-21.15,-29.775,194.1894,0.6733,1.146,5.0,33.23081,48.843956,2.353318,347.9098,NaN,0.0,51.870964,,6 / 25,22593,2022-01-10 17:04:55:122
-0.685544,0.221037,10.379168,-0.181346,-0.113399,9.804317,0.108291,-0.20759,0.495994,0.00506,0.06964,-0.164845,74.0,5.7,-21.45,-29.7,194.3075,0.6626,1.0597,5.0,33.23081,48.843956,2.353318,347.9098,NaN,0.0,51.870964,,6 / 25,22598,2022-01-10 17:04:55:127
-0.685544,0.221037,10.379168,-0.181346,-0.113399,9.804317,0.108291,-0.20759,0.495994,0.00506,0.06964,-0.164845,74.0,5.7,-21.45,-29.7,194.3075,0.6626,1.0597,5.0,33.23081,48.843956,2.353318,347.9098,NaN,0.0,51.870964,,6 / 25,22602,2022-01-10 17:04:55:131
-0.685544,0.221037,10.379168,-0.181346,-0.113399,9.804317,0.108291,-0.20759,0.495994,0.00506,0.06964,-0.164845,74.0,5.7,-21.45,-29.7,194.3075,0.6626,1.0597,5.0,33.23081,48.843956,2.353318,347.9098,NaN,0.0,51.870964,,6 / 25,22608,2022-01-10 17:04:55:137
-0.685544,0.221037,10.379168,-0.181346,-0.113399,9.804317,0.108291,-0.20759,0.495994,0.00506,0.06964,-0.164845,74.0,5.7,-21.45,-29.7,194.3075,0.6626,1.0597,5.0,33.23081,48.843956,2.353318,347.9098,NaN,0.0,51.870964,,6 / 25,22613,2022-01-10 17:04:55:142
-0.685544,0.221037,10.379168,-0.181346,-0.113399,9.804317,0.108291,-0.20759,0.495994,0.00506,0.06964,-0.164845,74.0,5.7,-21.45,-29.7,194.3075,0.6626,1.0597,5.0,33.23081,48.843956,2.353318,347.9098,NaN,0.0,51.870964,,6 / 25,22617,2022-01-10 17:04:55:146
-0.685544,0.221037,10.379168,-0.181346,-0.113399,9.804317,0.108291,-0.20759,0.495994,0.00506,0.06964,-0.164845,74.0,5.7,-21.45,-29.7,194.3075,0.6626,1.0597,5.0,33.23081,48.843956,2.353318,347.9098,NaN,0.0,51.870964,,6 / 25,22622,2022-01-10 17:04:55:151
-0.685544,0.221037,10.379168,-0.181346,-0.113399,9.804317,0.108291,-0.20759,0.495994,0.834743,-0.891067,0.137548,74.0,5.7,-21.45,-29.7,194.3075,0.6626,1.0597,5.0,33.23081,48.843956,2.353318,347.9098,NaN,0.0,51.870964,,6 / 25,22628,2022-01-10 17:04:55:157
-0.685544,0.221037,10.379168,-0.181346,-0.113399,9.804317,0.108291,-0.20759,0.495994,0.834743,-0.891067,0.137548,74.0,5.7,-21.45,-29.7,194.3075,0.6626,1.0597,5.0,33.23081,48.843956,2.353318,347.9098,NaN,0.0,51.870964,,6 / 25,22634,2022-01-10 17:04:55:163
-0.685544,0.221037,10.379168,-0.181346,-0.113399,9.804317,0.108291,-0.20759,0.495994,0.834743,-0.891067,0.137548,74.0,5.7,-21.45,-29.7,194.3075,0.6626,1.0597,5.0,33.23081,48.843956,2.353318,347.9098,NaN,0.0,51.870964,,6 / 25,22637,2022-01-10 17:04:55:166
-0.685544,0.221037,10.379168,-0.181346,-0.113399,9.804317,0.108291,-0.20759,0.495994,0.834743,-0.891067,0.137548,74.0,5.7,-21.45,-29.7,194.3075,0.6626,1.0597,5.0,33.23081,48.843956,2.353318,347.9098,NaN,0.0,51.870964,,6 / 25,22643,2022-01-10 17:04:55:172
-0.685544,0.221037,10.379168,0.156657,0.4837,9.793461,0.108291,-0.20759,0.495994,0.834743,-0.891067,0.137548,74.0,5.7,-21.45,-29.7,194.3075,0.6626,1.0597,5.0,33.23081,48.843956,2.353318,347.9098,NaN,0.0,51.870964,,6 / 25,22650,2022-01-10 17:04:55:179
-0.685544,0.221037,10.379168,0.156657,0.4837,9.793461,0.108291,-0.20759,0.495994,0.834743,-0.891067,0.137548,74.0,5.7,-21.45,-29.7,194.3075,0.6626,1.0597,5.0,33.23081,48.843956,2.353318,347.9098,NaN,0.0,51.870964,,6 / 25,22652,2022-01-10 17:04:55:181
-0.685544,0.221037,10.379168,0.156657,0.4837,9.793461,0.108291,-0.20759,0.495994,0.834743,-0.891067,0.137548,74.0,5.7,-21.45,-29.7,194.3075,0.6626,1.0597,5.0,33.23081,48.843956,2.353318,347.9098,NaN,0.0,51.870964,,6 / 25,22658,2022-01-10 17:04:55:187
-0.685544,0.221037,10.379168,0.156657,0.4837,9.793461,0.108291,-0.20759,0.495994,0.834743,-0.891067,0.137548,74.0,5.7,-21.45,-29.7,194.3075,0.6626,1.0597,5.0,33.23081,48.843956,2.353318,347.9098,NaN,0.0,51.870964,,6 / 25,22663,2022-01-10 17:04:55:192
-0.685544,0.221037,10.379168,0.156657,0.4837,9.793461,0.108291,-0.20759,0.495994,0.834743,-0.891067,0.137548,31.0,5.7,-21.45,-29.7,194.3075,0.6626,1.0597,5.0,33.23081,48.843956,2.353318,347.9098,NaN,0.0,51.870964,,6 / 25,22670,2022-01-10 17:04:55:199
-0.685544,0.221037,10.379168,0.156657,0.4837,9.793461,0.108291,-0.20759,0.495994,0.834743,-0.891067,0.137548,31.0,5.7,-21.45,-29.7,194.3075,0.6626,1.0597,5.0,33.23081,48.843956,2.353318,347.9098,NaN,0.0,51.870964,,6 / 25,22672,2022-01-10 17:04:55:201
-0.685544,0.221037,10.379168,0.156657,0.4837,9.793461,0.108291,-0.20759,0.495994,0.834743,-0.891067,0.137548,31.0,5.7,-21.45,-29.7,194.3075,0.6626,1.0597,5.0,33.23081,48.843956,2.353318,347.9098,NaN,0.0,51.870964,,6 / 25,22678,2022-01-10 17:04:55:207
-0.685544,0.221037,10.379168,0.156657,0.4837,9.793461,0.108291,-0.20759,0.495994,0.834743,-0.891067,0.137548,31.0,5.7,-21.45,-29.7,194.3075,0.6626,1.0597,5.0,33.23081,48.843956,2.353318,347.9098,NaN,0.0,51.870964,,6 / 25,22682,2022-01-10 17:04:55:211
-0.685544,0.221037,10.379168,0.156657,0.4837,9.793461,0.108291,-0.20759,0.495994,0.834743,-0.891067,0.137548,31.0,5.7,-21.45,-29.7,194.3075,0.6626,1.0597,5.0,33.23081,48.843956,2.353318,347.9098,NaN,0.0,51.870964,,6 / 25,22687,2022-01-10 17:04:55:216
-0.685544,0.221037,10.379168,0.156657,0.4837,9.793461,0.108291,-0.20759,0.495994,0.834743,-0.891067,0.137548,31.0,5.7,-21.45,-29.7,194.3075,0.6626,1.0597,5.0,33.23081,48.843956,2.353318,347.9098,NaN,0.0,51.870964,,6 / 25,22692,2022-01-10 17:04:55:221
1.295713,1.144368,10.702497,0.156657,0.4837,9.793461,-1.321286,-0.29883,1.414191,0.834743,-0.891067,0.137548,31.0,5.7,-21.45,-29.7,194.3075,0.6626,1.0597,5.0,33.23081,48.843956,2.353318,347.9098,NaN,0.0,51.870964,,6 / 25,22698,2022-01-10 17:04:55:227
1.295713,1.144368,10.702497,0.156657,0.4837,9.793461,-1.321286,-0.29883,1.414191,0.834743,-0.891067,0.137548,31.0,5.7,-21.45,-29.7,194.3075,0.6626,1.0597,5.0,33.23081,48.843956,2.353318,347.9098,NaN,0.0,51.870964,,6 / 25,22704,2022-01-10 17:04:55:233
1.295713,1.144368,10.702497,0.156657,0.4837,9.793461,-1.321286,-0.29883,1.414191,0.834743,-0.891067,0.137548,31.0,5.7,-21.45,-29.7,194.3075,0.6626,1.0597,5.0,33.23081,48.843956,2.353318,347.9098,NaN,0.0,51.870964,,6 / 25,22708,2022-01-10 17:04:55:237
1.295713,1.144368,10.702497,0.156657,0.4837,9.793461,-1.321286,-0.29883,1.414191,0.834743,-0.891067,0.137548,31.0,5.7,-21.45,-29.7,194.3075,0.6626,1.0597,5.0,33.23081,48.843956,2.353318,347.9098,NaN,0.0,51.870964,,6 / 25,22712,2022-01-10 17:04:55:241
1.295713,1.144368,10.702497,0.156657,0.4837,9.793461,-1.321286,-0.29883,1.414191,0.834743,-0.891067,0.137548,31.0,5.7,-21.45,-29.7,194.3075,0.6626,1.0597,5.0,31.37666,48.843956,2.353318,347.9098,NaN,0.0,51.870964,,6 / 25,22718,2022-01-10 17:04:55:247
1.295713,1.144368,10.702497,0.156657,0.4837,9.793461,-1.321286,-0.29883,1.414191,0.834743,-0.891067,0.137548,31.0,5.7,-21.45,-29.7,194.3075,0.6626,1.0597,5.0,31.37666,48.843956,2.353318,347.9098,NaN,0.0,51.870964,,6 / 25,22723,2022-01-10 17:04:55:252
1.295713,1.144368,10.702497,0.156657,0.4837,9.793461,-1.321286,-0.29883,1.414191,0.834743,-0.891067,0.137548,31.0,5.7,-21.45,-29.7,194.3075,0.6626,1.0597,5.0,31.37666,48.843956,2.353318,347.9098,NaN,0.0,51.870964,,6 / 25,22727,2022-01-10 17:04:55:256
1.295713,1.144368,10.702497,0.156657,0.4837,9.793461,-1.321286,-0.29883,1.414191,0.834743,-0.891067,0.137548,31.0,5.7,-21.45,-29.7,194.3075,0.6626,1.0597,5.0,31.37666,48.843956,2.353318,347.9098,NaN,0.0,51.870964,,6 / 25,22733,2022-01-10 17:04:55:262
1.295713,1.144368,10.702497,0.156657,0.4837,9.793461,-1.321286,-0.29883,1.414191,0.834743,-0.891067,0.137548,31.0,5.1,-22.275,-28.95,194.8897,-2.8272,-0.9164,5.0,31.37666,48.843956,2.353318,347.9098,NaN,0.0,51.870964,,6 / 25,22738,2022-01-10 17:04:55:267
1.295713,1.144368,10.702497,0.156657,0.4837,9.793461,-1.321286,-0.29883,1.414191,0.834743,-0.891067,0.137548,31.0,5.1,-22.275,-28.95,194.8897,-2.8272,-0.9164,5.0,31.37666,48.843956,2.353318,347.9098,NaN,0.0,51.870964,,6 / 25,22743,2022-01-10 17:04:55:272
1.295713,1.144368,10.702497,0.156657,0.4837,9.793461,-1.321286,-0.29883,1.414191,0.834743,-0.891067,0.137548,31.0,5.1,-22.275,-28.95,194.8897,-2.8272,-0.9164,5.0,31.37666,48.843956,2.353318,347.9098,NaN,0.0,51.870964,,6 / 25,22748,2022-01-10 17:04:55:277
1.295713,1.144368,10.702497,0.156657,0.4837,9.793461,-1.321286,-0.29883,1.414191,0.834743,-0.891067,0.137548,31.0,5.1,-22.275,-28.95,194.8897,-2.8272,-0.9164,5.0,31.37666,48.843956,2.353318,347.9098,NaN,0.0,51.870964,,6 / 25,22753,2022-01-10 17:04:55:282
1.295713,1.144368,10.702497,1.989758,1.858803,9.421046,-1.321286,-0.29883,1.414191,0.834743,-0.891067,0.137548,31.0,5.1,-22.275,-28.95,194.8897,-2.8272,-0.9164,5.0,31.37666,48.843956,2.353318,347.9098,NaN,0.0,51.870964,,6 / 25,22758,2022-01-10 17:04:55:287
1.295713,1.144368,10.702497,1.989758,1.858803,9.421046,-1.321286,-0.29883,1.414191,0.886407,-1.721417,0.315043,31.0,5.1,-22.275,-28.95,194.8897,-2.8272,-0.9164,5.0,31.37666,48.843956,2.353318,347.9098,NaN,0.0,51.870964,,6 / 25,22763,2022-01-10 17:04:55:292
1.295713,1.144368,10.702497,1.989758,1.858803,9.421046,-1.321286,-0.29883,1.414191,0.886407,-1.721417,0.315043,31.0,5.1,-22.275,-28.95,194.8897,-2.8272,-0.9164,5.0,31.37666,48.843956,2.353318,347.9098,NaN,0.0,51.870964,,6 / 25,22768,2022-01-10 17:04:55:297
1.295713,1.144368,10.702497,1.989758,1.858803,9.421046,-1.321286,-0.29883,1.414191,0.886407,-1.721417,0.315043,31.0,5.1,-22.275,-28.95,194.8897,-2.8272,-0.9164,5.0,31.37666,48.843956,2.353318,347.9098,NaN,0.0,51.870964,,6 / 25,22773,2022-01-10 17:04:55:302
1.295713,1.144368,10.702497,1.989758,1.858803,9.421046,-1.321286,-0.29883,1.414191,0.886407,-1.721417,0.315043,31.0,5.1,-22.275,-28.95,194.8897,-2.8272,-0.9164,5.0,31.37666,48.843956,2.353318,347.9098,NaN,0.0,51.870964,,6 / 25,22778,2022-01-10 17:04:55:307
1.295713,1.144368,10.702497,1.989758,1.858803,9.421046,-1.321286,-0.29883,1.414191,0.886407,-1.721417,0.315043,31.0,5.1,-22.275,-28.95,194.8897,-2.8272,-0.9164,5.0,31.37666,48.843956,2.353318,347.9098,NaN,0.0,51.870964,,6 / 25,22783,2022-01-10 17:04:55:312
2.355435,1.479961,7.090233,1.989758,1.858803,9.421046,-1.321286,-0.29883,1.414191,0.886407,-1.721417,0.315043,31.0,5.1,-22.275,-28.95,194.8897,-2.8272,-0.9164,5.0,31.37666,48.843956,2.353318,347.9098,NaN,0.0,51.870964,,6 / 25,22787,2022-01-10 17:04:55:316
2.355435,1.479961,7.090233,1.989758,1.858803,9.421046,-1.321286,-0.29883,1.414191,0.886407,-1.721417,0.315043,31.0,5.1,-22.275,-28.95,194.8897,-2.8272,-0.9164,5.0,31.37666,48.843956,2.353318,347.9098,NaN,0.0,51.870964,,6 / 25,22794,2022-01-10 17:04:55:323
2.355435,1.479961,7.090233,1.989758,1.858803,9.421046,-1.321286,-0.29883,1.414191,0.886407,-1.721417,0.315043,31.0,5.1,-22.275,-28.95,194.8897,-2.8272,-0.9164,5.0,31.37666,48.843956,2.353318,347.9098,NaN,0.0,51.870964,,6 / 25,22798,2022-01-10 17:04:55:327
2.355435,1.479961,7.090233,1.989758,1.858803,9.421046,-1.321286,-0.29883,1.414191,0.886407,-1.721417,0.315043,31.0,5.1,-22.275,-28.95,194.8897,-2.8272,-0.9164,5.0,31.37666,48.843956,2.353318,347.9098,NaN,0.0,51.870964,,6 / 25,22803,2022-01-10 17:04:55:332
2.355435,1.479961,7.090233,1.989758,1.858803,9.421046,-1.321286,-0.29883,1.414191,0.886407,-1.721417,0.315043,31.0,5.1,-22.275,-28.95,194.8897,-2.8272,-0.9164,5.0,31.37666,48.843956,2.353318,347.9098,NaN,0.0,51.870964,,6 / 25,22808,2022-01-10 17:04:55:337
2.355435,1.479961,7.090233,1.989758,1.858803,9.421046,-1.321286,-0.29883,1.414191,0.886407,-1.721417,0.315043,31.0,5.1,-22.275,-28.95,194.8897,-2.8272,-0.9164,5.0,31.37666,48.843956,2.353318,347.9098,NaN,0.0,51.870964,,6 / 25,22812,2022-01-10 17:04:55:341
2.355435,1.479961,7.090233,1.989758,1.858803,9.421046,-1.321286,-0.29883,1.414191,0.886407,-1.721417,0.315043,31.0,5.1,-22.275,-28.95,194.8897,-2.8272,-0.9164,5.0,31.37666,48.843956,2.353318,347.9098,NaN,0.0,51.870964,,6 / 25,22817,2022-01-10 17:04:55:346
2.355435,1.479961,7.090233,1.989758,1.858803,9.421046,-1.321286,-0.29883,1.414191,0.886407,-1.721417,0.315043,31.0,5.1,-22.275,-28.95,194.8897,-2.8272,-0.9164,5.0,31.37666,48.843956,2.353318,347.9098,NaN,0.0,51.870964,,6 / 25,22822,2022-01-10 17:04:55:351
2.355435,1.479961,7.090233,1.989758,1.858803,9.421046,-1.321286,-0.29883,1.414191,0.886407,-1.721417,0.315043,31.0,5.1,-22.275,-28.95,194.8897,-2.8272,-0.9164,5.0,31.37666,48.843956,2.353318,347.9098,NaN,0.0,51.870964,,6 / 25,22828,2022-01-10 17:04:55:357
2.355435,1.479961,7.090233,1.989758,1.858803,9.421046,-0.953394,-0.155824,-0.007042,0.886407,-1.721417,0.315043,31.0,5.1,-22.275,-28.95,194.8897,-2.8272,-0.9164,5.0,31.37666,48.843956,2.353318,347.9098,NaN,0.0,51.870964,,6 / 25,22832,2022-01-10 17:04:55:361
2.355435,1.479961,7.090233,1.989758,1.858803,9.421046,-0.953394,-0.155824,-0.007042,0.886407,-1.721417,0.315043,31.0,5.1,-22.275,-28.95,194.8897,-2.8272,-0.9164,5.0,31.37666,48.843956,2.353318,347.9098,NaN,0.0,51.870964,,6 / 25,22837,2022-01-10 17:04:55:366
2.355435,1.479961,7.090233,1.989758,1.858803,9.421046,-0.953394,-0.155824,-0.007042,0.886407,-1.721417,0.315043,31.0,5.1,-22.275,-28.95,194.8897,-2.8272,-0.9164,5.0,31.37666,48.843956,2.353318,347.9098,NaN,0.0,51.870964,,6 / 25,22843,2022-01-10 17:04:55:372
2.355435,1.479961,7.090233,1.989758,1.858803,9.421046,-0.953394,-0.155824,-0.007042,0.886407,-1.721417,0.315043,31.0,5.1,-22.275,-28.95,194.8897,-2.8272,-0.9164,5.0,31.37666,48.843956,2.353318,347.9098,NaN,0.0,51.870964,,6 / 25,22847,2022-01-10 17:04:55:376
2.355435,1.479961,7.090233,1.989758,1.858803,9.421046,-0.953394,-0.155824,-0.007042,0.886407,-1.721417,0.315043,31.0,2.175,-23.85,-27.9,202.7657,-10.9262,-11.9258,5.0,31.37666,48.843956,2.353318,347.9098,NaN,0.0,51.870964,,7 / 25,22856,2022-01-10 17:04:55:385
2.355435,1.479961,7.090233,1.989758,1.858803,9.421046,-0.953394,-0.155824,-0.007042,0.886407,-1.721417,0.315043,31.0,2.175,-23.85,-27.9,202.7657,-10.9262,-11.9258,5.0,31.37666,48.84395,2.3533094,343.0101,NaN,0.0,48.412903,,7 / 25,22859,2022-01-10 17:04:55:388
2.355435,1.479961,7.090233,1.989758,1.858803,9.421046,-0.953394,-0.155824,-0.007042,0.886407,-1.721417,0.315043,31.0,2.175,-23.85,-27.9,202.7657,-10.9262,-11.9258,5.0,31.37666,48.84395,2.3533094,343.0101,NaN,0.0,48.412903,,7 / 25,22862,2022-01-10 17:04:55:391
2.355435,1.479961,7.090233,1.989758,1.858803,9.421046,-0.953394,-0.155824,-0.007042,0.886407,-1.721417,0.315043,31.0,2.175,-23.85,-27.9,202.7657,-10.9262,-11.9258,5.0,31.37666,48.84395,2.3533094,343.0101,NaN,0.0,48.412903,,7 / 25,22867,2022-01-10 17:04:55:396
2.355435,1.479961,7.090233,1.989758,1.858803,9.421046,-0.953394,-0.155824,-0.007042,0.886407,-1.721417,0.315043,31.0,2.175,-23.85,-27.9,202.7657,-10.9262,-11.9258,5.0,31.37666,48.84395,2.3533094,343.0101,NaN,0.0,48.412903,,7 / 25,22873,2022-01-10 17:04:55:402
2.355435,1.479961,7.090233,1.989758,1.858803,9.421046,-0.953394,-0.155824,-0.007042,0.886407,-1.721417,0.315043,31.0,2.175,-23.85,-27.9,202.7657,-10.9262,-11.9258,5.0,31.37666,48.84395,2.3533094,343.0101,NaN,0.0,48.412903,,7 / 25,22877,2022-01-10 17:04:55:406
2.355435,1.479961,7.090233,1.989758,1.858803,9.421046,-0.953394,-0.155824,-0.007042,0.886407,-1.721417,0.315043,31.0,2.175,-23.85,-27.9,202.7657,-10.9262,-11.9258,5.0,31.37666,48.84395,2.3533094,343.0101,NaN,0.0,48.412903,,7 / 25,22883,2022-01-10 17:04:55:412
2.355435,1.479961,7.090233,1.989758,1.858803,9.421046,-0.953394,-0.155824,-0.007042,0.886407,-1.721417,0.315043,31.0,2.175,-23.85,-27.9,202.7657,-10.9262,-11.9258,5.0,31.37666,48.84395,2.3533094,343.0101,NaN,0.0,48.412903,,7 / 25,22887,2022-01-10 17:04:55:416
3.711567,0.938585,9.071191,3.311231,0.73618,9.201313,-0.953394,-0.155824,-0.007042,0.886407,-1.721417,0.315043,31.0,2.175,-23.85,-27.9,202.7657,-10.9262,-11.9258,5.0,31.37666,48.84395,2.3533094,343.0101,NaN,0.0,48.412903,,7 / 25,22893,2022-01-10 17:04:55:422
3.711567,0.938585,9.071191,3.311231,0.73618,9.201313,-0.953394,-0.155824,-0.007042,0.886407,-1.721417,0.315043,31.0,2.175,-23.85,-27.9,202.7657,-10.9262,-11.9258,5.0,31.37666,48.84395,2.3533094,343.0101,NaN,0.0,48.412903,,7 / 25,22898,2022-01-10 17:04:55:427
3.711567,0.938585,9.071191,3.311231,0.73618,9.201313,-0.953394,-0.155824,-0.007042,0.886407,-1.721417,0.315043,31.0,2.175,-23.85,-27.9,202.7657,-10.9262,-11.9258,5.0,31.37666,48.84395,2.3533094,343.0101,NaN,0.0,48.412903,,7 / 25,22903,2022-01-10 17:04:55:432
3.711567,0.938585,9.071191,3.311231,0.73618,9.201313,-0.953394,-0.155824,-0.007042,0.886407,-1.721417,0.315043,31.0,2.175,-23.85,-27.9,202.7657,-10.9262,-11.9258,5.0,31.37666,48.84395,2.3533094,343.0101,NaN,0.0,48.412903,,7 / 25,22907,2022-01-10 17:04:55:436
3.711567,0.938585,9.071191,3.311231,0.73618,9.201313,-0.953394,-0.155824,-0.007042,-1.309438,-0.829683,0.379622,31.0,2.175,-23.85,-27.9,202.7657,-10.9262,-11.9258,5.0,31.37666,48.84395,2.3533094,343.0101,NaN,0.0,48.412903,,7 / 25,22913,2022-01-10 17:04:55:442
3.711567,0.938585,9.071191,3.311231,0.73618,9.201313,-0.953394,-0.155824,-0.007042,-1.309438,-0.829683,0.379622,31.0,2.175,-23.85,-27.9,202.7657,-10.9262,-11.9258,5.0,31.37666,48.84395,2.3533094,343.0101,NaN,0.0,48.412903,,7 / 25,22917,2022-01-10 17:04:55:446
3.711567,0.938585,9.071191,3.311231,0.73618,9.201313,-0.953394,-0.155824,-0.007042,-1.309438,-0.829683,0.379622,31.0,2.175,-23.85,-27.9,202.7657,-10.9262,-11.9258,5.0,31.37666,48.84395,2.3533094,343.0101,NaN,0.0,48.412903,,7 / 25,22923,2022-01-10 17:04:55:452
3.711567,0.938585,9.071191,3.311231,0.73618,9.201313,-0.953394,-0.155824,-0.007042,-1.309438,-0.829683,0.379622,31.0,2.175,-23.85,-27.9,202.7657,-10.9262,-11.9258,5.0,31.37666,48.84395,2.3533094,343.0101,NaN,0.0,48.412903,,7 / 25,22927,2022-01-10 17:04:55:456
3.711567,0.938585,9.071191,3.311231,0.73618,9.201313,-0.953394,-0.155824,-0.007042,-1.309438,-0.829683,0.379622,31.0,2.175,-23.85,-27.9,202.7657,-10.9262,-11.9258,5.0,31.37666,48.84395,2.3533094,343.0101,NaN,0.0,48.412903,,7 / 25,22932,2022-01-10 17:04:55:461
3.711567,0.938585,9.071191,3.311231,0.73618,9.201313,-0.953394,-0.155824,-0.007042,-1.309438,-0.829683,0.379622,31.0,2.175,-23.85,-27.9,202.7657,-10.9262,-11.9258,5.0,31.37666,48.84395,2.3533094,343.0101,NaN,0.0,48.412903,,7 / 25,22937,2022-01-10 17:04:55:466
3.711567,0.938585,9.071191,3.311231,0.73618,9.201313,-0.953394,-0.155824,-0.007042,-1.309438,-0.829683,0.379622,31.0,2.175,-23.85,-27.9,202.7657,-10.9262,-11.9258,5.0,31.37666,48.84395,2.3533094,343.0101,NaN,0.0,48.412903,,7 / 25,22943,2022-01-10 17:04:55:472
3.711567,0.938585,9.071191,3.311231,0.73618,9.201313,-0.953394,-0.155824,-0.007042,-1.309438,-0.829683,0.379622,31.0,2.175,-23.85,-27.9,202.7657,-10.9262,-11.9258,5.0,31.37666,48.84395,2.3533094,343.0101,NaN,0.0,48.412903,,7 / 25,22947,2022-01-10 17:04:55:476
3.711567,0.938585,9.071191,3.311231,0.73618,9.201313,-0.195801,0.631733,-0.209616,-1.309438,-0.829683,0.379622,31.0,2.175,-23.85,-27.9,202.7657,-10.9262,-11.9258,5.0,31.37666,48.84395,2.3533094,343.0101,NaN,0.0,48.412903,,7 / 25,22952,2022-01-10 17:04:55:481
3.711567,0.938585,9.071191,3.311231,0.73618,9.201313,-0.195801,0.631733,-0.209616,-1.309438,-0.829683,0.379622,31.0,2.175,-23.85,-27.9,202.7657,-10.9262,-11.9258,5.0,31.37666,48.84395,2.3533094,343.0101,NaN,0.0,48.412903,,7 / 25,22957,2022-01-10 17:04:55:486
3.711567,0.938585,9.071191,3.311231,0.73618,9.201313,-0.195801,0.631733,-0.209616,-1.309438,-0.829683,0.379622,17.0,2.175,-23.85,-27.9,202.7657,-10.9262,-11.9258,5.0,31.37666,48.84395,2.3533094,343.0101,NaN,0.0,48.412903,,7 / 25,22963,2022-01-10 17:04:55:492
3.711567,0.938585,9.071191,3.311231,0.73618,9.201313,-0.195801,0.631733,-0.209616,-1.309438,-0.829683,0.379622,17.0,2.175,-23.85,-27.9,202.7657,-10.9262,-11.9258,5.0,31.37666,48.84395,2.3533094,343.0101,NaN,0.0,48.412903,,7 / 25,22968,2022-01-10 17:04:55:497
3.711567,0.938585,9.071191,3.311231,0.73618,9.201313,-0.195801,0.631733,-0.209616,-1.309438,-0.829683,0.379622,17.0,2.175,-23.85,-27.9,202.7657,-10.9262,-11.9258,5.0,31.37666,48.84395,2.3533094,343.0101,NaN,0.0,48.412903,,7 / 25,22973,2022-01-10 17:04:55:502
3.711567,0.938585,9.071191,3.311231,0.73618,9.201313,-0.195801,0.631733,-0.209616,-1.309438,-0.829683,0.379622,17.0,2.175,-23.85,-27.9,202.7657,-10.9262,-11.9258,5.0,31.37666,48.84395,2.3533094,343.0101,NaN,0.0,48.412903,,7 / 25,22978,2022-01-10 17:04:55:507
3.711567,0.938585,9.071191,3.311231,0.73618,9.201313,-0.195801,0.631733,-0.209616,-1.309438,-0.829683,0.379622,17.0,2.175,-23.85,-27.9,202.7657,-10.9262,-11.9258,5.0,31.37666,48.84395,2.3533094,343.0101,NaN,0.0,48.412903,,7 / 25,22982,2022-01-10 17:04:55:511
3.711567,0.938585,9.071191,3.311231,0.73618,9.201313,-0.195801,0.631733,-0.209616,-1.309438,-0.829683,0.379622,17.0,2.175,-23.85,-27.9,202.7657,-10.9262,-11.9258,5.0,31.37666,48.84395,2.3533094,343.0101,NaN,0.0,48.412903,,7 / 25,22988,2022-01-10 17:04:55:517
3.711567,0.938585,9.071191,3.311231,0.73618,9.201313,-0.195801,0.631733,-0.209616,-1.309438,-0.829683,0.379622,17.0,2.175,-23.85,-27.9,202.7657,-10.9262,-11.9258,5.0,31.37666,48.84395,2.3533094,343.0101,NaN,0.0,48.412903,,7 / 25,22993,2022-01-10 17:04:55:522
4.719843,0.451047,9.047262,3.311231,0.73618,9.201313,-0.195801,0.631733,-0.209616,-1.309438,-0.829683,0.379622,17.0,-2.025,-24.45,-27.6,199.1334,-4.3052,-19.792,5.0,31.37666,48.84395,2.3533094,343.0101,NaN,0.0,48.412903,,7 / 25,22997,2022-01-10 17:04:55:526
4.719843,0.451047,9.047262,3.311231,0.73618,9.201313,-0.195801,0.631733,-0.209616,-1.309438,-0.829683,0.379622,17.0,-2.025,-24.45,-27.6,199.1334,-4.3052,-19.792,5.0,31.37666,48.84395,2.3533094,343.0101,NaN,0.0,48.412903,,7 / 25,23002,2022-01-10 17:04:55:531
4.719843,0.451047,9.047262,4.698054,0.191829,8.605922,-0.195801,0.631733,-0.209616,-1.309438,-0.829683,0.379622,17.0,-2.025,-24.45,-27.6,199.1334,-4.3052,-19.792,5.0,31.37666,48.84395,2.3533094,343.0101,NaN,0.0,48.412903,,7 / 25,23009,2022-01-10 17:04:55:538
4.719843,0.451047,9.047262,4.698054,0.191829,8.605922,-0.195801,0.631733,-0.209616,-1.309438,-0.829683,0.379622,17.0,-2.025,-24.45,-27.6,199.1334,-4.3052,-19.792,5.0,31.37666,48.84395,2.3533094,343.0101,NaN,0.0,48.412903,,7 / 25,23012,2022-01-10 17:04:55:541
4.719843,0.451047,9.047262,4.698054,0.191829,8.605922,-0.195801,0.631733,-0.209616,-1.309438,-0.829683,0.379622,17.0,-2.025,-24.45,-27.6,199.1334,-4.3052,-19.792,5.0,31.37666,48.84395,2.3533094,343.0101,NaN,0.0,48.412903,,7 / 25,23017,2022-01-10 17:04:55:546
4.719843,0.451047,9.047262,4.698054,0.191829,8.605922,-0.195801,0.631733,-0.209616,-1.309438,-0.829683,0.379622,17.0,-2.025,-24.45,-27.6,199.1334,-4.3052,-19.792,5.0,31.37666,48.84395,2.3533094,343.0101,NaN,0.0,48.412903,,7 / 25,23022,2022-01-10 17:04:55:551
4.719843,0.451047,9.047262,4.698054,0.191829,8.605922,-0.195801,0.631733,-0.209616,-1.309438,-0.829683,0.379622,17.0,-2.025,-24.45,-27.6,199.1334,-4.3052,-19.792,5.0,31.37666,48.84395,2.3533094,343.0101,NaN,0.0,48.412903,,7 / 25,23028,2022-01-10 17:04:55:557
4.719843,0.451047,9.047262,4.698054,0.191829,8.605922,-0.195801,0.631733,-0.209616,-1.309438,-0.829683,0.379622,17.0,-2.025,-24.45,-27.6,199.1334,-4.3052,-19.792,5.0,31.37666,48.84395,2.3533094,343.0101,NaN,0.0,48.412903,,7 / 25,23033,2022-01-10 17:04:55:562
4.719843,0.451047,9.047262,4.698054,0.191829,8.605922,-0.195801,0.631733,-0.209616,-1.309438,-0.829683,0.379622,17.0,-2.025,-24.45,-27.6,199.1334,-4.3052,-19.792,5.0,20.81735,48.84395,2.3533094,343.0101,NaN,0.0,48.412903,,7 / 25,23037,2022-01-10 17:04:55:566
4.719843,0.451047,9.047262,4.698054,0.191829,8.605922,-0.195801,0.631733,-0.209616,0.203726,-2.274139,0.245403,17.0,-2.025,-24.45,-27.6,199.1334,-4.3052,-19.792,5.0,20.81735,48.84395,2.3533094,343.0101,NaN,0.0,48.412903,,7 / 25,23042,2022-01-10 17:04:55:571
4.719843,0.451047,9.047262,4.698054,0.191829,8.605922,-0.195801,0.631733,-0.209616,0.203726,-2.274139,0.245403,17.0,-2.025,-24.45,-27.6,199.1334,-4.3052,-19.792,5.0,20.81735,48.84395,2.3533094,343.0101,NaN,0.0,48.412903,,7 / 25,23047,2022-01-10 17:04:55:576
4.719843,0.451047,9.047262,4.698054,0.191829,8.605922,-0.195801,0.631733,-0.209616,0.203726,-2.274139,0.245403,17.0,-2.025,-24.45,-27.6,199.1334,-4.3052,-19.792,5.0,20.81735,48.84395,2.3533094,343.0101,NaN,0.0,48.412903,,7 / 25,23053,2022-01-10 17:04:55:582
4.719843,0.451047,9.047262,4.698054,0.191829,8.605922,-0.195801,0.631733,-0.209616,0.203726,-2.274139,0.245403,17.0,-2.025,-24.45,-27.6,199.1334,-4.3052,-19.792,5.0,20.81735,48.84395,2.3533094,343.0101,NaN,0.0,48.412903,,7 / 25,23058,2022-01-10 17:04:55:587
4.719843,0.451047,9.047262,4.698054,0.191829,8.605922,-0.195801,0.631733,-0.209616,0.203726,-2.274139,0.245403,17.0,-2.025,-24.45,-27.6,199.1334,-4.3052,-19.792,5.0,20.81735,48.84395,2.3533094,343.0101,NaN,0.0,48.412903,,7 / 25,23062,2022-01-10 17:04:55:591
4.719843,0.451047,9.047262,4.698054,0.191829,8.605922,-1.328361,0.178036,0.95171,0.203726,-2.274139,0.245403,17.0,-2.025,-24.45,-27.6,199.1334,-4.3052,-19.792,5.0,20.81735,48.84395,2.3533094,343.0101,NaN,0.0,48.412903,,7 / 25,23068,2022-01-10 17:04:55:597
4.719843,0.451047,9.047262,4.698054,0.191829,8.605922,-1.328361,0.178036,0.95171,0.203726,-2.274139,0.245403,17.0,-2.025,-24.45,-27.6,199.1334,-4.3052,-19.792,5.0,20.81735,48.84395,2.3533094,343.0101,NaN,0.0,48.412903,,7 / 25,23073,2022-01-10 17:04:55:602
4.719843,0.451047,9.047262,4.698054,0.191829,8.605922,-1.328361,0.178036,0.95171,0.203726,-2.274139,0.245403,17.0,-2.025,-24.45,-27.6,199.1334,-4.3052,-19.792,5.0,20.81735,48.84395,2.3533094,343.0101,NaN,0.0,48.412903,,7 / 25,23077,2022-01-10 17:04:55:606
4.719843,0.451047,9.047262,4.698054,0.191829,8.605922,-1.328361,0.178036,0.95171,0.203726,-2.274139,0.245403,17.0,-2.025,-24.45,-27.6,199.1334,-4.3052,-19.792,5.0,20.81735,48.84395,2.3533094,343.0101,NaN,0.0,48.412903,,7 / 25,23083,2022-01-10 17:04:55:612
4.719843,0.451047,9.047262,4.698054,0.191829,8.605922,-1.328361,0.178036,0.95171,0.203726,-2.274139,0.245403,17.0,-2.025,-24.45,-27.6,199.1334,-4.3052,-19.792,5.0,20.81735,48.84395,2.3533094,343.0101,NaN,0.0,48.412903,,7 / 25,23088,2022-01-10 17:04:55:617
6.296115,0.042473,6.235098,4.698054,0.191829,8.605922,-1.328361,0.178036,0.95171,0.203726,-2.274139,0.245403,17.0,-2.025,-24.45,-27.6,199.1334,-4.3052,-19.792,5.0,20.81735,48.84395,2.3533094,343.0101,NaN,0.0,48.412903,,7 / 25,23092,2022-01-10 17:04:55:621
6.296115,0.042473,6.235098,4.698054,0.191829,8.605922,-1.328361,0.178036,0.95171,0.203726,-2.274139,0.245403,17.0,-2.025,-24.45,-27.6,199.1334,-4.3052,-19.792,5.0,20.81735,48.84395,2.3533094,343.0101,NaN,0.0,48.412903,,7 / 25,23097,2022-01-10 17:04:55:626
6.296115,0.042473,6.235098,4.698054,0.191829,8.605922,-1.328361,0.178036,0.95171,0.203726,-2.274139,0.245403,17.0,-2.025,-24.45,-27.6,199.1334,-4.3052,-19.792,5.0,20.81735,48.84395,2.3533094,343.0101,NaN,0.0,48.412903,,7 / 25,23103,2022-01-10 17:04:55:632
6.296115,0.042473,6.235098,4.698054,0.191829,8.605922,-1.328361,0.178036,0.95171,0.203726,-2.274139,0.245403,17.0,-2.025,-24.45,-27.6,199.1334,-4.3052,-19.792,5.0,20.81735,48.84395,2.3533094,343.0101,NaN,0.0,48.412903,,7 / 25,23108,2022-01-10 17:04:55:637
6.296115,0.042473,6.235098,4.698054,0.191829,8.605922,-1.328361,0.178036,0.95171,0.203726,-2.274139,0.245403,17.0,-2.025,-24.45,-27.6,199.1334,-4.3052,-19.792,5.0,20.81735,48.84395,2.3533094,343.0101,NaN,0.0,48.412903,,7 / 25,23113,2022-01-10 17:04:55:642
6.296115,0.042473,6.235098,4.698054,0.191829,8.605922,-1.328361,0.178036,0.95171,0.203726,-2.274139,0.245403,17.0,-2.025,-24.45,-27.6,199.1334,-4.3052,-19.792,5.0,20.81735,48.84395,2.3533094,343.0101,NaN,0.0,48.412903,,7 / 25,23118,2022-01-10 17:04:55:647
6.296115,0.042473,6.235098,4.698054,0.191829,8.605922,-1.328361,0.178036,0.95171,0.203726,-2.274139,0.245403,17.0,-2.025,-24.45,-27.6,199.1334,-4.3052,-19.792,5.0,20.81735,48.84395,2.3533094,343.0101,NaN,0.0,48.412903,,7 / 25,23124,2022-01-10 17:04:55:653
6.296115,0.042473,6.235098,4.698054,0.191829,8.605922,-1.328361,0.178036,0.95171,0.203726,-2.274139,0.245403,17.0,-2.025,-24.45,-27.6,199.1334,-4.3052,-19.792,5.0,20.81735,48.84395,2.3533094,343.0101,NaN,0.0,48.412903,,7 / 25,23127,2022-01-10 17:04:55:656
6.296115,0.042473,6.235098,7.074275,0.046065,6.791384,-1.328361,0.178036,0.95171,0.203726,-2.274139,0.245403,17.0,-8.475,-24.825,-26.25,192.5237,-1.1208,-28.6305,5.0,20.81735,48.84395,2.3533094,343.0101,NaN,0.0,48.412903,,7 / 25,23134,2022-01-10 17:04:55:663
6.296115,0.042473,6.235098,7.074275,0.046065,6.791384,-1.328361,0.178036,0.95171,0.203726,-2.274139,0.245403,17.0,-8.475,-24.825,-26.25,192.5237,-1.1208,-28.6305,5.0,20.81735,48.84395,2.3533094,343.0101,NaN,0.0,48.412903,,7 / 25,23138,2022-01-10 17:04:55:667
6.296115,0.042473,6.235098,7.074275,0.046065,6.791384,-1.328361,0.178036,0.95171,0.203726,-2.274139,0.245403,17.0,-8.475,-24.825,-26.25,192.5237,-1.1208,-28.6305,5.0,20.81735,48.84395,2.3533094,343.0101,NaN,0.0,48.412903,,7 / 25,23142,2022-01-10 17:04:55:671
6.296115,0.042473,6.235098,7.074275,0.046065,6.791384,-1.328361,0.178036,0.95171,0.203726,-2.274139,0.245403,17.0,-8.475,-24.825,-26.25,192.5237,-1.1208,-28.6305,5.0,20.81735,48.84395,2.3533094,343.0101,NaN,0.0,48.412903,,7 / 25,23148,2022-01-10 17:04:55:677
6.296115,0.042473,6.235098,7.074275,0.046065,6.791384,-1.328361,0.178036,0.95171,0.203726,-2.274139,0.245403,17.0,-8.475,-24.825,-26.25,192.5237,-1.1208,-28.6305,5.0,20.81735,48.84395,2.3533094,343.0101,NaN,0.0,48.412903,,7 / 25,23153,2022-01-10 17:04:55:682
6.296115,0.042473,6.235098,7.074275,0.046065,6.791384,-1.328361,0.178036,0.95171,0.203726,-2.274139,0.245403,17.0,-8.475,-24.825,-26.25,192.5237,-1.1208,-28.6305,5.0,20.81735,48.84395,2.3533094,343.0101,NaN,0.0,48.412903,,7 / 25,23157,2022-01-10 17:04:55:686
6.296115,0.042473,6.235098,7.074275,0.046065,6.791384,-1.328361,0.178036,0.95171,0.203726,-2.274139,0.245403,17.0,-8.475,-24.825,-26.25,192.5237,-1.1208,-28.6305,5.0,20.81735,48.84395,2.3533094,343.0101,NaN,0.0,48.412903,,7 / 25,23163,2022-01-10 17:04:55:692
6.296115,0.042473,6.235098,7.074275,0.046065,6.791384,-1.328361,0.178036,0.95171,-0.407452,-2.100906,0.109852,17.0,-8.475,-24.825,-26.25,192.5237,-1.1208,-28.6305,5.0,20.81735,48.84395,2.3533094,343.0101,NaN,0.0,48.412903,,7 / 25,23168,2022-01-10 17:04:55:697
6.296115,0.042473,6.235098,7.074275,0.046065,6.791384,-1.328361,0.178036,0.95171,-0.407452,-2.100906,0.109852,17.0,-8.475,-24.825,-26.25,192.5237,-1.1208,-28.6305,5.0,20.81735,48.84395,2.3533094,343.0101,NaN,0.0,48.412903,,7 / 25,23172,2022-01-10 17:04:55:701
6.296115,0.042473,6.235098,7.074275,0.046065,6.791384,-1.328361,0.178036,0.95171,-0.407452,-2.100906,0.109852,17.0,-8.475,-24.825,-26.25,192.5237,-1.1208,-28.6305,5.0,20.81735,48.84395,2.3533094,343.0101,NaN,0.0,48.412903,,7 / 25,23178,2022-01-10 17:04:55:707
6.296115,0.042473,6.235098,7.074275,0.046065,6.791384,-1.328361,0.178036,0.95171,-0.407452,-2.100906,0.109852,17.0,-8.475,-24.825,-26.25,192.5237,-1.1208,-28.6305,5.0,20.81735,48.84395,2.3533094,343.0101,NaN,0.0,48.412903,,7 / 25,23183,2022-01-10 17:04:55:712
7.362118,-0.217448,4.954639,7.074275,0.046065,6.791384,-1.189488,0.320944,0.150599,-0.407452,-2.100906,0.109852,17.0,-8.475,-24.825,-26.25,192.5237,-1.1208,-28.6305,5.0,20.81735,48.84395,2.3533094,343.0101,NaN,0.0,48.412903,,7 / 25,23188,2022-01-10 17:04:55:717
7.362118,-0.217448,4.954639,7.074275,0.046065,6.791384,-1.189488,0.320944,0.150599,-0.407452,-2.100906,0.109852,17.0,-8.475,-24.825,-26.25,192.5237,-1.1208,-28.6305,5.0,20.81735,48.84395,2.3533094,343.0101,NaN,0.0,48.412903,,7 / 25,23192,2022-01-10 17:04:55:721
7.362118,-0.217448,4.954639,7.074275,0.046065,6.791384,-1.189488,0.320944,0.150599,-0.407452,-2.100906,0.109852,17.0,-8.475,-24.825,-26.25,192.5237,-1.1208,-28.6305,5.0,20.81735,48.84395,2.3533094,343.0101,NaN,0.0,48.412903,,7 / 25,23197,2022-01-10 17:04:55:726
7.362118,-0.217448,4.954639,7.074275,0.046065,6.791384,-1.189488,0.320944,0.150599,-0.407452,-2.100906,0.109852,17.0,-8.475,-24.825,-26.25,192.5237,-1.1208,-28.6305,5.0,20.81735,48.84395,2.3533094,343.0101,NaN,0.0,48.412903,,7 / 25,23203,2022-01-10 17:04:55:732
7.362118,-0.217448,4.954639,7.074275,0.046065,6.791384,-1.189488,0.320944,0.150599,-0.407452,-2.100906,0.109852,17.0,-8.475,-24.825,-26.25,192.5237,-1.1208,-28.6305,5.0,20.81735,48.84395,2.3533094,343.0101,NaN,0.0,48.412903,,7 / 25,23208,2022-01-10 17:04:55:737
7.362118,-0.217448,4.954639,7.074275,0.046065,6.791384,-1.189488,0.320944,0.150599,-0.407452,-2.100906,0.109852,17.0,-8.475,-24.825,-26.25,192.5237,-1.1208,-28.6305,5.0,20.81735,48.84395,2.3533094,343.0101,NaN,0.0,48.412903,,7 / 25,23213,2022-01-10 17:04:55:742
7.362118,-0.217448,4.954639,7.074275,0.046065,6.791384,-1.189488,0.320944,0.150599,-0.407452,-2.100906,0.109852,17.0,-8.475,-24.825,-26.25,192.5237,-1.1208,-28.6305,5.0,20.81735,48.84395,2.3533094,343.0101,NaN,0.0,48.412903,,7 / 25,23218,2022-01-10 17:04:55:747
7.362118,-0.217448,4.954639,7.074275,0.046065,6.791384,-1.189488,0.320944,0.150599,-0.407452,-2.100906,0.109852,17.0,-8.475,-24.825,-26.25,192.5237,-1.1208,-28.6305,5.0,20.81735,48.84395,2.3533094,343.0101,NaN,0.0,48.412903,,7 / 25,23223,2022-01-10 17:04:55:752
7.362118,-0.217448,4.954639,7.074275,0.046065,6.791384,-1.189488,0.320944,0.150599,-0.407452,-2.100906,0.109852,17.0,-8.475,-24.825,-26.25,192.5237,-1.1208,-28.6305,5.0,20.81735,48.84395,2.3533094,343.0101,NaN,0.0,48.412903,,7 / 25,23227,2022-01-10 17:04:55:756
7.362118,-0.217448,4.954639,7.074275,0.046065,6.791384,-1.189488,0.320944,0.150599,-0.407452,-2.100906,0.109852,17.0,-8.475,-24.825,-26.25,192.5237,-1.1208,-28.6305,5.0,20.81735,48.84395,2.3533094,343.0101,NaN,0.0,48.412903,,7 / 25,23232,2022-01-10 17:04:55:761
7.362118,-0.217448,4.954639,7.074275,0.046065,6.791384,-1.189488,0.320944,0.150599,-0.407452,-2.100906,0.109852,17.0,-8.475,-24.825,-26.25,192.5237,-1.1208,-28.6305,5.0,20.81735,48.84395,2.3533094,343.0101,NaN,0.0,48.412903,,7 / 25,23240,2022-01-10 17:04:55:769
7.362118,-0.217448,4.954639,7.074275,0.046065,6.791384,-1.189488,0.320944,0.150599,-0.407452,-2.100906,0.109852,17.0,-8.475,-24.825,-26.25,192.5237,-1.1208,-28.6305,5.0,20.81735,48.84395,2.3533094,343.0101,NaN,0.0,48.412903,,7 / 25,23242,2022-01-10 17:04:55:771
7.362118,-0.217448,4.954639,8.462932,-0.393429,4.939069,-1.189488,0.320944,0.150599,-0.407452,-2.100906,0.109852,17.0,-8.475,-24.825,-26.25,192.5237,-1.1208,-28.6305,5.0,20.81735,48.84395,2.3533094,343.0101,NaN,0.0,48.412903,,7 / 25,23247,2022-01-10 17:04:55:776
7.362118,-0.217448,4.954639,8.462932,-0.393429,4.939069,-1.189488,0.320944,0.150599,-0.407452,-2.100906,0.109852,17.0,-8.475,-24.825,-26.25,192.5237,-1.1208,-28.6305,5.0,20.81735,48.84395,2.3533094,343.0101,NaN,0.0,48.412903,,7 / 25,23253,2022-01-10 17:04:55:782
7.362118,-0.217448,4.954639,8.462932,-0.393429,4.939069,-1.189488,0.320944,0.150599,-0.407452,-2.100906,0.109852,13.0,-15.975,-24.525,-24.15,205.9516,2.2992,-59.7316,5.0,20.81735,48.84395,2.3533094,343.0101,NaN,0.0,48.412903,,7 / 25,23258,2022-01-10 17:04:55:787
7.362118,-0.217448,4.954639,8.462932,-0.393429,4.939069,-1.189488,0.320944,0.150599,-0.407452,-2.100906,0.109852,13.0,-15.975,-24.525,-24.15,205.9516,2.2992,-59.7316,5.0,20.81735,48.84395,2.3533094,343.0101,NaN,0.0,48.412903,,7 / 25,23262,2022-01-10 17:04:55:791
7.362118,-0.217448,4.954639,8.462932,-0.393429,4.939069,-1.189488,0.320944,0.150599,-0.407452,-2.100906,0.109852,13.0,-15.975,-24.525,-24.15,205.9516,2.2992,-59.7316,5.0,20.81735,48.84395,2.3533094,343.0101,NaN,0.0,48.412903,,7 / 25,23268,2022-01-10 17:04:55:797
7.362118,-0.217448,4.954639,8.462932,-0.393429,4.939069,-1.189488,0.320944,0.150599,-0.407452,-2.100906,0.109852,13.0,-15.975,-24.525,-24.15,205.9516,2.2992,-59.7316,5.0,20.81735,48.84395,2.3533094,343.0101,NaN,0.0,48.412903,,7 / 25,23274,2022-01-10 17:04:55:803
7.362118,-0.217448,4.954639,8.462932,-0.393429,4.939069,-1.189488,0.320944,0.150599,-0.407452,-2.100906,0.109852,13.0,-15.975,-24.525,-24.15,205.9516,2.2992,-59.7316,5.0,20.81735,48.84395,2.3533094,343.0101,NaN,0.0,48.412903,,7 / 25,23277,2022-01-10 17:04:55:806
7.362118,-0.217448,4.954639,8.462932,-0.393429,4.939069,-1.189488,0.320944,0.150599,-0.407452,-2.100906,0.109852,13.0,-15.975,-24.525,-24.15,205.9516,2.2992,-59.7316,5.0,20.81735,48.84395,2.3533094,343.0101,NaN,0.0,48.412903,,7 / 25,23283,2022-01-10 17:04:55:812
7.362118,-0.217448,4.954639,8.462932,-0.393429,4.939069,-1.189488,0.320944,0.150599,-0.407452,-2.100906,0.109852,13.0,-15.975,-24.525,-24.15,205.9516,2.2992,-59.7316,5.0,20.81735,48.84395,2.3533094,343.0101,NaN,0.0,48.412903,,7 / 25,23288,2022-01-10 17:04:55:817
8.817252,-0.160917,4.125825,8.462932,-0.393429,4.939069,-1.189488,0.320944,0.150599,-0.407452,-2.100906,0.109852,13.0,-15.975,-24.525,-24.15,205.9516,2.2992,-59.7316,5.0,20.81735,48.84395,2.3533094,343.0101,NaN,0.0,48.412903,,7 / 25,23292,2022-01-10 17:04:55:821
8.817252,-0.160917,4.125825,8.462932,-0.393429,4.939069,-1.189488,0.320944,0.150599,-0.120105,-1.679207,0.020239,13.0,-15.975,-24.525,-24.15,205.9516,2.2992,-59.7316,5.0,20.81735,48.84395,2.3533094,343.0101,NaN,0.0,48.412903,,7 / 25,23298,2022-01-10 17:04:55:827
8.817252,-0.160917,4.125825,8.462932,-0.393429,4.939069,-1.189488,0.320944,0.150599,-0.120105,-1.679207,0.020239,13.0,-15.975,-24.525,-24.15,205.9516,2.2992,-59.7316,5.0,20.81735,48.84395,2.3533094,343.0101,NaN,0.0,48.412903,,7 / 25,23302,2022-01-10 17:04:55:831
8.817252,-0.160917,4.125825,8.462932,-0.393429,4.939069,-1.189488,0.320944,0.150599,-0.120105,-1.679207,0.020239,13.0,-15.975,-24.525,-24.15,205.9516,2.2992,-59.7316,5.0,20.81735,48.84395,2.3533094,343.0101,NaN,0.0,48.412903,,7 / 25,23307,2022-01-10 17:04:55:836
8.817252,-0.160917,4.125825,8.462932,-0.393429,4.939069,-1.189488,0.320944,0.150599,-0.120105,-1.679207,0.020239,13.0,-15.975,-24.525,-24.15,205.9516,2.2992,-59.7316,5.0,20.81735,48.84395,2.3533094,343.0101,NaN,0.0,48.412903,,7 / 25,23313,2022-01-10 17:04:55:842
8.817252,-0.160917,4.125825,8.462932,-0.393429,4.939069,-0.59286,0.302452,0.886539,-0.120105,-1.679207,0.020239,13.0,-15.975,-24.525,-24.15,205.9516,2.2992,-59.7316,5.0,20.81735,48.84395,2.3533094,343.0101,NaN,0.0,48.412903,,7 / 25,23319,2022-01-10 17:04:55:848
8.817252,-0.160917,4.125825,8.462932,-0.393429,4.939069,-0.59286,0.302452,0.886539,-0.120105,-1.679207,0.020239,13.0,-15.975,-24.525,-24.15,205.9516,2.2992,-59.7316,5.0,20.81735,48.84395,2.3533094,343.0101,NaN,0.0,48.412903,,7 / 25,23323,2022-01-10 17:04:55:852
8.817252,-0.160917,4.125825,8.462932,-0.393429,4.939069,-0.59286,0.302452,0.886539,-0.120105,-1.679207,0.020239,13.0,-15.975,-24.525,-24.15,205.9516,2.2992,-59.7316,5.0,20.81735,48.84395,2.3533094,343.0101,NaN,0.0,48.412903,,7 / 25,23329,2022-01-10 17:04:55:858
8.817252,-0.160917,4.125825,8.462932,-0.393429,4.939069,-0.59286,0.302452,0.886539,-0.120105,-1.679207,0.020239,13.0,-15.975,-24.525,-24.15,205.9516,2.2992,-59.7316,5.0,20.81735,48.84395,2.3533094,343.0101,NaN,0.0,48.412903,,7 / 25,23332,2022-01-10 17:04:55:861
8.817252,-0.160917,4.125825,8.462932,-0.393429,4.939069,-0.59286,0.302452,0.886539,-0.120105,-1.679207,0.020239,13.0,-15.975,-24.525,-24.15,205.9516,2.2992,-59.7316,5.0,20.81735,48.84395,2.3533094,343.0101,NaN,0.0,48.412903,,7 / 25,23338,2022-01-10 17:04:55:867
8.817252,-0.160917,4.125825,8.462932,-0.393429,4.939069,-0.59286,0.302452,0.886539,-0.120105,-1.679207,0.020239,13.0,-15.975,-24.525,-24.15,205.9516,2.2992,-59.7316,5.0,20.81735,48.84395,2.3533094,343.0101,NaN,0.0,48.412903,,7 / 25,23343,2022-01-10 17:04:55:872
8.817252,-0.160917,4.125825,8.462932,-0.393429,4.939069,-0.59286,0.302452,0.886539,-0.120105,-1.679207,0.020239,13.0,-15.975,-24.525,-24.15,205.9516,2.2992,-59.7316,5.0,20.81735,48.84395,2.3533094,343.0101,NaN,0.0,48.412903,,7 / 25,23347,2022-01-10 17:04:55:876
8.817252,-0.160917,4.125825,8.462932,-0.393429,4.939069,-0.59286,0.302452,0.886539,-0.120105,-1.679207,0.020239,13.0,-15.975,-24.525,-24.15,205.9516,2.2992,-59.7316,5.0,20.81735,48.84395,2.3533094,343.0101,NaN,0.0,48.412903,,7 / 25,23354,2022-01-10 17:04:55:883
8.817252,-0.160917,4.125825,8.462932,-0.393429,4.939069,-0.59286,0.302452,0.886539,-0.120105,-1.679207,0.020239,13.0,-15.975,-24.525,-24.15,205.9516,2.2992,-59.7316,5.0,20.81735,48.84395,2.3533094,343.0101,NaN,0.0,48.412903,,7 / 25,23358,2022-01-10 17:04:55:887
8.817252,-0.160917,4.125825,8.462932,-0.393429,4.939069,-0.59286,0.302452,0.886539,-0.120105,-1.679207,0.020239,13.0,-15.975,-24.525,-24.15,205.9516,2.2992,-59.7316,5.0,20.81735,48.84395,2.3533094,343.0101,NaN,0.0,48.412903,,7 / 25,23364,2022-01-10 17:04:55:893
8.817252,-0.160917,4.125825,8.462932,-0.393429,4.939069,-0.59286,0.302452,0.886539,-0.120105,-1.679207,0.020239,13.0,-15.975,-24.525,-24.15,205.9516,2.2992,-59.7316,5.0,21.14823,48.84395,2.3533094,343.0101,NaN,0.0,48.412903,,7 / 25,23368,2022-01-10 17:04:55:897
8.817252,-0.160917,4.125825,8.462932,-0.393429,4.939069,-0.59286,0.302452,0.886539,-0.120105,-1.679207,0.020239,13.0,-15.975,-24.525,-24.15,205.9516,2.2992,-59.7316,5.0,21.14823,48.84395,2.3533094,343.0101,NaN,0.0,48.412903,,7 / 25,23373,2022-01-10 17:04:55:902
9.092726,-0.463908,3.093322,8.462932,-0.393429,4.939069,-0.59286,0.302452,0.886539,-0.120105,-1.679207,0.020239,13.0,-15.975,-24.525,-24.15,205.9516,2.2992,-59.7316,5.0,21.14823,48.84395,2.3533094,343.0101,NaN,0.0,48.412903,,7 / 25,23379,2022-01-10 17:04:55:908
9.092726,-0.463908,3.093322,9.180085,-0.401513,3.425669,-0.59286,0.302452,0.886539,-0.120105,-1.679207,0.020239,13.0,-15.975,-24.525,-24.15,205.9516,2.2992,-59.7316,5.0,21.14823,48.84395,2.3533094,343.0101,NaN,0.0,48.412903,,7 / 25,23382,2022-01-10 17:04:55:911
9.092726,-0.463908,3.093322,9.180085,-0.401513,3.425669,-0.59286,0.302452,0.886539,-0.120105,-1.679207,0.020239,13.0,-15.975,-24.525,-24.15,205.9516,2.2992,-59.7316,5.0,21.14823,48.84395,2.3533094,343.0101,NaN,0.0,48.412903,,7 / 25,23388,2022-01-10 17:04:55:917
9.092726,-0.463908,3.093322,9.180085,-0.401513,3.425669,-0.59286,0.302452,0.886539,-0.120105,-1.679207,0.020239,13.0,-15.975,-24.525,-24.15,205.9516,2.2992,-59.7316,5.0,21.14823,48.84395,2.3533094,343.0101,NaN,0.0,48.412903,,7 / 25,23394,2022-01-10 17:04:55:923
9.092726,-0.463908,3.093322,9.180085,-0.401513,3.425669,-0.59286,0.302452,0.886539,-0.120105,-1.679207,0.020239,13.0,-22.8,-23.1,-20.925,205.7087,2.3465,-69.5363,5.0,21.14823,48.84395,2.3533094,343.0101,NaN,0.0,48.412903,,7 / 25,23398,2022-01-10 17:04:55:927
9.092726,-0.463908,3.093322,9.180085,-0.401513,3.425669,-0.59286,0.302452,0.886539,-0.120105,-1.679207,0.020239,13.0,-22.8,-23.1,-20.925,205.7087,2.3465,-69.5363,5.0,21.14823,48.84395,2.3533094,343.0101,NaN,0.0,48.412903,,7 / 25,23403,2022-01-10 17:04:55:932
9.092726,-0.463908,3.093322,9.180085,-0.401513,3.425669,-0.59286,0.302452,0.886539,-0.120105,-1.679207,0.020239,13.0,-22.8,-23.1,-20.925,205.7087,2.3465,-69.5363,5.0,21.14823,48.84395,2.3533094,343.0101,NaN,0.0,48.412903,,7 / 25,23408,2022-01-10 17:04:55:937
9.092726,-0.463908,3.093322,9.180085,-0.401513,3.425669,-0.59286,0.302452,0.886539,-0.120105,-1.679207,0.020239,13.0,-22.8,-23.1,-20.925,205.7087,2.3465,-69.5363,5.0,21.14823,48.84395,2.3533094,343.0101,NaN,0.0,48.412903,,7 / 25,23414,2022-01-10 17:04:55:943
9.092726,-0.463908,3.093322,9.180085,-0.401513,3.425669,-0.59286,0.302452,0.886539,-0.120105,-1.679207,0.020239,13.0,-22.8,-23.1,-20.925,205.7087,2.3465,-69.5363,5.0,21.14823,48.84395,2.3533094,343.0101,NaN,0.0,48.412903,,7 / 25,23418,2022-01-10 17:04:55:947
9.092726,-0.463908,3.093322,9.180085,-0.401513,3.425669,-0.59286,0.302452,0.886539,-0.120105,-1.679207,0.020239,13.0,-22.8,-23.1,-20.925,205.7087,2.3465,-69.5363,5.0,21.14823,48.84395,2.3533094,343.0101,NaN,0.0,48.412903,,7 / 25,23422,2022-01-10 17:04:55:951
9.092726,-0.463908,3.093322,9.180085,-0.401513,3.425669,-0.59286,0.302452,0.886539,-0.120105,-1.679207,0.020239,13.0,-22.8,-23.1,-20.925,205.7087,2.3465,-69.5363,5.0,21.14823,48.84395,2.3533094,343.0101,NaN,0.0,48.412903,,7 / 25,23427,2022-01-10 17:04:55:956
9.092726,-0.463908,3.093322,9.180085,-0.401513,3.425669,-0.668419,0.106763,0.157487,0.117042,-0.790403,-0.112249,13.0,-22.8,-23.1,-20.925,205.7087,2.3465,-69.5363,5.0,21.14823,48.84395,2.3533094,343.0101,NaN,0.0,48.412903,,7 / 25,23433,2022-01-10 17:04:55:962
9.092726,-0.463908,3.093322,9.180085,-0.401513,3.425669,-0.668419,0.106763,0.157487,0.117042,-0.790403,-0.112249,13.0,-22.8,-23.1,-20.925,205.7087,2.3465,-69.5363,5.0,21.14823,48.84395,2.3533094,343.0101,NaN,0.0,48.412903,,7 / 25,23438,2022-01-10 17:04:55:967
9.092726,-0.463908,3.093322,9.180085,-0.401513,3.425669,-0.668419,0.106763,0.157487,0.117042,-0.790403,-0.112249,13.0,-22.8,-23.1,-20.925,205.7087,2.3465,-69.5363,5.0,21.14823,48.84395,2.3533094,343.0101,NaN,0.0,48.412903,,7 / 25,23442,2022-01-10 17:04:55:971
9.092726,-0.463908,3.093322,9.180085,-0.401513,3.425669,-0.668419,0.106763,0.157487,0.117042,-0.790403,-0.112249,13.0,-22.8,-23.1,-20.925,205.7087,2.3465,-69.5363,5.0,21.14823,48.84395,2.3533094,343.0101,NaN,0.0,48.412903,,7 / 25,23447,2022-01-10 17:04:55:976
9.092726,-0.463908,3.093322,9.180085,-0.401513,3.425669,-0.668419,0.106763,0.157487,0.117042,-0.790403,-0.112249,13.0,-22.8,-23.1,-20.925,205.7087,2.3465,-69.5363,5.0,21.14823,48.84395,2.3533094,343.0101,NaN,0.0,48.412903,,7 / 25,23453,2022-01-10 17:04:55:982
9.092726,-0.463908,3.093322,9.180085,-0.401513,3.425669,-0.668419,0.106763,0.157487,0.117042,-0.790403,-0.112249,13.0,-22.8,-23.1,-20.925,205.7087,2.3465,-69.5363,5.0,21.14823,48.84395,2.3533094,343.0101,NaN,0.0,48.412903,,7 / 25,23458,2022-01-10 17:04:55:987
9.092726,-0.463908,3.093322,9.180085,-0.401513,3.425669,-0.668419,0.106763,0.157487,0.117042,-0.790403,-0.112249,13.0,-22.8,-23.1,-20.925,205.7087,2.3465,-69.5363,5.0,21.14823,48.84395,2.3533094,343.0101,NaN,0.0,48.412903,,7 / 25,23463,2022-01-10 17:04:55:992
9.092726,-0.463908,3.093322,9.180085,-0.401513,3.425669,-0.668419,0.106763,0.157487,0.117042,-0.790403,-0.112249,13.0,-22.8,-23.1,-20.925,205.7087,2.3465,-69.5363,5.0,21.14823,48.84395,2.3533094,343.0101,NaN,0.0,48.412903,,7 / 25,23467,2022-01-10 17:04:55:996
9.092726,-0.463908,3.093322,9.180085,-0.401513,3.425669,-0.668419,0.106763,0.157487,0.117042,-0.790403,-0.112249,13.0,-22.8,-23.1,-20.925,205.7087,2.3465,-69.5363,5.0,21.14823,48.84395,2.3533094,343.0101,NaN,0.0,48.412903,,7 / 25,23472,2022-01-10 17:04:56:001
9.092726,-0.463908,3.093322,9.180085,-0.401513,3.425669,-0.668419,0.106763,0.157487,0.117042,-0.790403,-0.112249,13.0,-22.8,-23.1,-20.925,205.7087,2.3465,-69.5363,5.0,21.14823,48.84395,2.3533094,343.0101,NaN,0.0,48.412903,,7 / 25,23477,2022-01-10 17:04:56:006
9.092726,-0.463908,3.093322,9.180085,-0.401513,3.425669,-0.668419,0.106763,0.157487,0.117042,-0.790403,-0.112249,13.0,-22.8,-23.1,-20.925,205.7087,2.3465,-69.5363,5.0,21.14823,48.84395,2.3533094,343.0101,NaN,0.0,48.412903,,7 / 25,23483,2022-01-10 17:04:56:012
9.092726,-0.463908,3.093322,9.180085,-0.401513,3.425669,-0.668419,0.106763,0.157487,0.117042,-0.790403,-0.112249,13.0,-22.8,-23.1,-20.925,205.7087,2.3465,-69.5363,5.0,21.14823,48.84395,2.3533094,343.0101,NaN,0.0,48.412903,,7 / 25,23487,2022-01-10 17:04:56:016
8.519047,-0.22343,2.084747,9.429566,-0.138493,2.689698,-0.668419,0.106763,0.157487,0.117042,-0.790403,-0.112249,13.0,-22.8,-23.1,-20.925,205.7087,2.3465,-69.5363,5.0,21.14823,48.84395,2.3533094,343.0101,NaN,0.0,48.412903,,7 / 25,23493,2022-01-10 17:04:56:022
8.519047,-0.22343,2.084747,9.429566,-0.138493,2.689698,-0.668419,0.106763,0.157487,0.117042,-0.790403,-0.112249,13.0,-22.8,-23.1,-20.925,205.7087,2.3465,-69.5363,5.0,21.14823,48.84395,2.3533094,343.0101,NaN,0.0,48.412903,,7 / 25,23498,2022-01-10 17:04:56:027
8.519047,-0.22343,2.084747,9.429566,-0.138493,2.689698,-0.668419,0.106763,0.157487,0.117042,-0.790403,-0.112249,13.0,-22.8,-23.1,-20.925,205.7087,2.3465,-69.5363,5.0,21.14823,48.84395,2.3533094,343.0101,NaN,0.0,48.412903,,7 / 25,23504,2022-01-10 17:04:56:033
8.519047,-0.22343,2.084747,9.429566,-0.138493,2.689698,-0.668419,0.106763,0.157487,0.117042,-0.790403,-0.112249,13.0,-22.8,-23.1,-20.925,205.7087,2.3465,-69.5363,5.0,21.14823,48.84395,2.3533094,343.0101,NaN,0.0,48.412903,,7 / 25,23509,2022-01-10 17:04:56:038
8.519047,-0.22343,2.084747,9.429566,-0.138493,2.689698,-0.668419,0.106763,0.157487,0.117042,-0.790403,-0.112249,13.0,-22.8,-23.1,-20.925,205.7087,2.3465,-69.5363,5.0,21.14823,48.84395,2.3533094,343.0101,NaN,0.0,48.412903,,7 / 25,23512,2022-01-10 17:04:56:041
8.519047,-0.22343,2.084747,9.429566,-0.138493,2.689698,-0.668419,0.106763,0.157487,0.117042,-0.790403,-0.112249,13.0,-22.8,-23.1,-20.925,205.7087,2.3465,-69.5363,5.0,21.14823,48.84395,2.3533094,343.0101,NaN,0.0,48.412903,,7 / 25,23517,2022-01-10 17:04:56:046
8.519047,-0.22343,2.084747,9.429566,-0.138493,2.689698,-0.668419,0.106763,0.157487,0.117042,-0.790403,-0.112249,13.0,-22.8,-23.1,-20.925,205.7087,2.3465,-69.5363,5.0,21.14823,48.84395,2.3533094,343.0101,NaN,0.0,48.412903,,7 / 25,23522,2022-01-10 17:04:56:051
8.519047,-0.22343,2.084747,9.429566,-0.138493,2.689698,-0.668419,0.106763,0.157487,0.117042,-0.790403,-0.112249,13.0,-22.8,-23.1,-20.925,205.7087,2.3465,-69.5363,5.0,21.14823,48.84395,2.3533094,343.0101,NaN,0.0,48.412903,,7 / 25,23527,2022-01-10 17:04:56:056
8.519047,-0.22343,2.084747,9.429566,-0.138493,2.689698,-0.668419,0.106763,0.157487,0.117042,-0.790403,-0.112249,13.0,-28.65,-22.65,-15.975,197.5816,0.8092,-74.0797,5.0,21.14823,48.84395,2.3533094,343.0101,NaN,0.0,48.412903,,7 / 25,23534,2022-01-10 17:04:56:063
8.519047,-0.22343,2.084747,9.429566,-0.138493,2.689698,-0.668419,0.106763,0.157487,0.117042,-0.790403,-0.112249,13.0,-28.65,-22.65,-15.975,197.5816,0.8092,-74.0797,5.0,21.14823,48.84395,2.3533094,343.0101,NaN,0.0,48.412903,,7 / 25,23538,2022-01-10 17:04:56:067
8.519047,-0.22343,2.084747,9.429566,-0.138493,2.689698,-0.668419,0.106763,0.157487,0.117042,-0.790403,-0.112249,13.0,-28.65,-22.65,-15.975,197.5816,0.8092,-74.0797,5.0,21.14823,48.84395,2.3533094,343.0101,NaN,0.0,48.412903,,7 / 25,23544,2022-01-10 17:04:56:073
8.519047,-0.22343,2.084747,9.429566,-0.138493,2.689698,-0.668419,0.106763,0.157487,0.117042,-0.790403,-0.112249,13.0,-28.65,-22.65,-15.975,197.5816,0.8092,-74.0797,5.0,21.14823,48.84395,2.3533094,343.0101,NaN,0.0,48.412903,,7 / 25,23548,2022-01-10 17:04:56:077
8.519047,-0.22343,2.084747,9.429566,-0.138493,2.689698,-0.668419,0.106763,0.157487,0.117042,-0.790403,-0.112249,13.0,-28.65,-22.65,-15.975,197.5816,0.8092,-74.0797,5.0,21.14823,48.84395,2.3533094,343.0101,NaN,0.0,48.412903,,7 / 25,23552,2022-01-10 17:04:56:081
8.519047,-0.22343,2.084747,9.429566,-0.138493,2.689698,-0.668419,0.106763,0.157487,0.117042,-0.790403,-0.112249,13.0,-28.65,-22.65,-15.975,197.5816,0.8092,-74.0797,5.0,21.14823,48.84395,2.3533094,343.0101,NaN,0.0,48.412903,,7 / 25,23559,2022-01-10 17:04:56:088
8.519047,-0.22343,2.084747,9.429566,-0.138493,2.689698,-0.621286,-0.142942,-1.094294,0.155258,1.670419,0.115977,13.0,-28.65,-22.65,-15.975,197.5816,0.8092,-74.0797,5.0,21.14823,48.84395,2.3533094,343.0101,NaN,0.0,48.412903,,7 / 25,23562,2022-01-10 17:04:56:091
8.519047,-0.22343,2.084747,9.429566,-0.138493,2.689698,-0.621286,-0.142942,-1.094294,0.155258,1.670419,0.115977,13.0,-28.65,-22.65,-15.975,197.5816,0.8092,-74.0797,5.0,21.14823,48.84395,2.3533094,343.0101,NaN,0.0,48.412903,,7 / 25,23568,2022-01-10 17:04:56:097
8.519047,-0.22343,2.084747,9.429566,-0.138493,2.689698,-0.621286,-0.142942,-1.094294,0.155258,1.670419,0.115977,13.0,-28.65,-22.65,-15.975,197.5816,0.8092,-74.0797,5.0,21.14823,48.84395,2.3533094,343.0101,NaN,0.0,48.412903,,7 / 25,23573,2022-01-10 17:04:56:102
8.519047,-0.22343,2.084747,9.429566,-0.138493,2.689698,-0.621286,-0.142942,-1.094294,0.155258,1.670419,0.115977,13.0,-28.65,-22.65,-15.975,197.5816,0.8092,-74.0797,5.0,21.14823,48.84395,2.3533094,343.0101,NaN,0.0,48.412903,,7 / 25,23579,2022-01-10 17:04:56:108
8.519047,-0.22343,2.084747,9.429566,-0.138493,2.689698,-0.621286,-0.142942,-1.094294,0.155258,1.670419,0.115977,13.0,-28.65,-22.65,-15.975,197.5816,0.8092,-74.0797,5.0,21.14823,48.84395,2.3533094,343.0101,NaN,0.0,48.412903,,7 / 25,23582,2022-01-10 17:04:56:111
8.519047,-0.22343,2.084747,9.429566,-0.138493,2.689698,-0.621286,-0.142942,-1.094294,0.155258,1.670419,0.115977,13.0,-28.65,-22.65,-15.975,197.5816,0.8092,-74.0797,5.0,21.14823,48.84395,2.3533094,343.0101,NaN,0.0,48.412903,,7 / 25,23589,2022-01-10 17:04:56:118
8.519047,-0.22343,2.084747,9.429566,-0.138493,2.689698,-0.621286,-0.142942,-1.094294,0.155258,1.670419,0.115977,13.0,-28.65,-22.65,-15.975,197.5816,0.8092,-74.0797,5.0,21.14823,48.84395,2.3533094,343.0101,NaN,0.0,48.412903,,7 / 25,23593,2022-01-10 17:04:56:122
9.247362,-0.019741,3.538985,9.429566,-0.138493,2.689698,-0.621286,-0.142942,-1.094294,0.155258,1.670419,0.115977,13.0,-28.65,-22.65,-15.975,197.5816,0.8092,-74.0797,5.0,21.14823,48.84395,2.3533094,343.0101,NaN,0.0,48.412903,,7 / 25,23598,2022-01-10 17:04:56:127
9.247362,-0.019741,3.538985,9.429566,-0.138493,2.689698,-0.621286,-0.142942,-1.094294,0.155258,1.670419,0.115977,13.0,-28.65,-22.65,-15.975,197.5816,0.8092,-74.0797,5.0,21.14823,48.84395,2.3533094,343.0101,NaN,0.0,48.412903,,7 / 25,23603,2022-01-10 17:04:56:132
9.247362,-0.019741,3.538985,9.429566,-0.138493,2.689698,-0.621286,-0.142942,-1.094294,0.155258,1.670419,0.115977,13.0,-28.65,-22.65,-15.975,197.5816,0.8092,-74.0797,5.0,21.14823,48.84395,2.3533094,343.0101,NaN,0.0,48.412903,,7 / 25,23608,2022-01-10 17:04:56:137
9.247362,-0.019741,3.538985,9.429566,-0.138493,2.689698,-0.621286,-0.142942,-1.094294,0.155258,1.670419,0.115977,13.0,-28.65,-22.65,-15.975,197.5816,0.8092,-74.0797,5.0,21.14823,48.84395,2.3533094,343.0101,NaN,0.0,48.412903,,7 / 25,23613,2022-01-10 17:04:56:142
9.247362,-0.019741,3.538985,9.429566,-0.138493,2.689698,-0.621286,-0.142942,-1.094294,0.155258,1.670419,0.115977,13.0,-28.65,-22.65,-15.975,197.5816,0.8092,-74.0797,5.0,21.14823,48.84395,2.3533094,343.0101,NaN,0.0,48.412903,,7 / 25,23618,2022-01-10 17:04:56:147
9.247362,-0.019741,3.538985,9.429566,-0.138493,2.689698,-0.621286,-0.142942,-1.094294,0.155258,1.670419,0.115977,13.0,-28.65,-22.65,-15.975,197.5816,0.8092,-74.0797,5.0,21.14823,48.84395,2.3533094,343.0101,NaN,0.0,48.412903,,7 / 25,23623,2022-01-10 17:04:56:152
9.247362,-0.019741,3.538985,8.671276,-0.204327,4.575763,-0.621286,-0.142942,-1.094294,0.155258,1.670419,0.115977,13.0,-28.65,-22.65,-15.975,197.5816,0.8092,-74.0797,5.0,21.14823,48.84395,2.3533094,343.0101,NaN,0.0,48.412903,,7 / 25,23629,2022-01-10 17:04:56:158
9.247362,-0.019741,3.538985,8.671276,-0.204327,4.575763,-0.621286,-0.142942,-1.094294,0.155258,1.670419,0.115977,13.0,-28.65,-22.65,-15.975,197.5816,0.8092,-74.0797,5.0,21.14823,48.84395,2.3533094,343.0101,NaN,0.0,48.412903,,7 / 25,23632,2022-01-10 17:04:56:161
9.247362,-0.019741,3.538985,8.671276,-0.204327,4.575763,-0.621286,-0.142942,-1.094294,0.155258,1.670419,0.115977,13.0,-28.65,-22.65,-15.975,197.5816,0.8092,-74.0797,5.0,21.14823,48.84395,2.3533094,343.0101,NaN,0.0,48.412903,,7 / 25,23638,2022-01-10 17:04:56:167
9.247362,-0.019741,3.538985,8.671276,-0.204327,4.575763,-0.621286,-0.142942,-1.094294,0.155258,1.670419,0.115977,13.0,-28.65,-22.65,-15.975,197.5816,0.8092,-74.0797,5.0,21.14823,48.84395,2.3533094,343.0101,NaN,0.0,48.412903,,7 / 25,23643,2022-01-10 17:04:56:172
9.247362,-0.019741,3.538985,8.671276,-0.204327,4.575763,-0.621286,-0.142942,-1.094294,0.155258,1.670419,0.115977,13.0,-28.65,-22.65,-15.975,197.5816,0.8092,-74.0797,5.0,21.14823,48.84395,2.3533094,343.0101,NaN,0.0,48.412903,,7 / 25,23648,2022-01-10 17:04:56:177
9.247362,-0.019741,3.538985,8.671276,-0.204327,4.575763,-0.621286,-0.142942,-1.094294,0.155258,1.670419,0.115977,13.0,-28.65,-22.65,-15.975,197.5816,0.8092,-74.0797,5.0,21.14823,48.84395,2.3533094,343.0101,NaN,0.0,48.412903,,7 / 25,23653,2022-01-10 17:04:56:182
9.247362,-0.019741,3.538985,8.671276,-0.204327,4.575763,-0.621286,-0.142942,-1.094294,0.155258,1.670419,0.115977,13.0,-31.425,-22.125,-13.425,172.543,1.1939,-62.1798,5.0,21.14823,48.84395,2.3533094,343.0101,NaN,0.0,48.412903,,7 / 25,23657,2022-01-10 17:04:56:186
9.247362,-0.019741,3.538985,8.671276,-0.204327,4.575763,-0.621286,-0.142942,-1.094294,0.155258,1.670419,0.115977,13.0,-31.425,-22.125,-13.425,172.543,1.1939,-62.1798,5.0,21.14823,48.84395,2.3533094,343.0101,NaN,0.0,48.412903,,7 / 25,23663,2022-01-10 17:04:56:192
9.247362,-0.019741,3.538985,8.671276,-0.204327,4.575763,-0.621286,-0.142942,-1.094294,0.155258,1.670419,0.115977,13.0,-31.425,-22.125,-13.425,172.543,1.1939,-62.1798,5.0,21.14823,48.84395,2.3533094,343.0101,NaN,0.0,48.412903,,7 / 25,23667,2022-01-10 17:04:56:196
9.247362,-0.019741,3.538985,8.671276,-0.204327,4.575763,-0.621286,-0.142942,-1.094294,0.155258,1.670419,0.115977,13.0,-31.425,-22.125,-13.425,172.543,1.1939,-62.1798,5.0,21.14823,48.84395,2.3533094,343.0101,NaN,0.0,48.412903,,7 / 25,23673,2022-01-10 17:04:56:202
9.247362,-0.019741,3.538985,8.671276,-0.204327,4.575763,-0.621286,-0.142942,-1.094294,0.155258,1.670419,0.115977,13.0,-31.425,-22.125,-13.425,172.543,1.1939,-62.1798,5.0,21.14823,48.84395,2.3533094,343.0101,NaN,0.0,48.412903,,7 / 25,23679,2022-01-10 17:04:56:208
9.247362,-0.019741,3.538985,8.671276,-0.204327,4.575763,-0.621286,-0.142942,-1.094294,0.155258,1.670419,0.115977,13.0,-31.425,-22.125,-13.425,172.543,1.1939,-62.1798,5.0,21.14823,48.84395,2.3533094,343.0101,NaN,0.0,48.412903,,7 / 25,23683,2022-01-10 17:04:56:212
7.691429,-0.062812,6.305686,8.671276,-0.204327,4.575763,1.51704,0.237623,-1.888678,0.155258,1.670419,0.115977,13.0,-31.425,-22.125,-13.425,172.543,1.1939,-62.1798,5.0,20.30602,48.84395,2.3533094,343.0101,NaN,0.0,48.412903,,7 / 25,23687,2022-01-10 17:04:56:216
7.691429,-0.062812,6.305686,8.671276,-0.204327,4.575763,1.51704,0.237623,-1.888678,0.155258,1.670419,0.115977,13.0,-31.425,-22.125,-13.425,172.543,1.1939,-62.1798,5.0,20.30602,48.84395,2.3533094,343.0101,NaN,0.0,48.412903,,7 / 25,23694,2022-01-10 17:04:56:223
7.691429,-0.062812,6.305686,8.671276,-0.204327,4.575763,1.51704,0.237623,-1.888678,-0.173234,3.880111,-0.001198,13.0,-31.425,-22.125,-13.425,172.543,1.1939,-62.1798,5.0,20.30602,48.84395,2.3533094,343.0101,NaN,0.0,48.412903,,7 / 25,23698,2022-01-10 17:04:56:227
7.691429,-0.062812,6.305686,8.671276,-0.204327,4.575763,1.51704,0.237623,-1.888678,-0.173234,3.880111,-0.001198,13.0,-31.425,-22.125,-13.425,172.543,1.1939,-62.1798,5.0,20.30602,48.84395,2.3533094,343.0101,NaN,0.0,48.412903,,7 / 25,23703,2022-01-10 17:04:56:232
7.691429,-0.062812,6.305686,8.671276,-0.204327,4.575763,1.51704,0.237623,-1.888678,-0.173234,3.880111,-0.001198,13.0,-31.425,-22.125,-13.425,172.543,1.1939,-62.1798,5.0,20.30602,48.84395,2.3533094,343.0101,NaN,0.0,48.412903,,7 / 25,23707,2022-01-10 17:04:56:236
7.691429,-0.062812,6.305686,8.671276,-0.204327,4.575763,1.51704,0.237623,-1.888678,-0.173234,3.880111,-0.001198,13.0,-31.425,-22.125,-13.425,172.543,1.1939,-62.1798,5.0,20.30602,48.84395,2.3533094,343.0101,NaN,0.0,48.412903,,7 / 25,23713,2022-01-10 17:04:56:242
7.691429,-0.062812,6.305686,8.671276,-0.204327,4.575763,1.51704,0.237623,-1.888678,-0.173234,3.880111,-0.001198,13.0,-31.425,-22.125,-13.425,172.543,1.1939,-62.1798,5.0,20.30602,48.84395,2.3533094,343.0101,NaN,0.0,48.412903,,7 / 25,23722,2022-01-10 17:04:56:251
7.691429,-0.062812,6.305686,8.671276,-0.204327,4.575763,1.51704,0.237623,-1.888678,-0.173234,3.880111,-0.001198,13.0,-31.425,-22.125,-13.425,172.543,1.1939,-62.1798,5.0,20.30602,48.84395,2.3533094,343.0101,NaN,0.0,48.412903,,7 / 25,23722,2022-01-10 17:04:56:251
7.691429,-0.062812,6.305686,8.671276,-0.204327,4.575763,1.51704,0.237623,-1.888678,-0.173234,3.880111,-0.001198,13.0,-31.425,-22.125,-13.425,172.543,1.1939,-62.1798,5.0,20.30602,48.84395,2.3533094,343.0101,NaN,0.0,48.412903,,7 / 25,23728,2022-01-10 17:04:56:257
7.691429,-0.062812,6.305686,5.779921,-0.346294,7.914732,1.51704,0.237623,-1.888678,-0.173234,3.880111,-0.001198,13.0,-31.425,-22.125,-13.425,172.543,1.1939,-62.1798,5.0,20.30602,48.84395,2.3533094,343.0101,NaN,0.0,48.412903,,7 / 25,23733,2022-01-10 17:04:56:262
7.691429,-0.062812,6.305686,5.779921,-0.346294,7.914732,1.51704,0.237623,-1.888678,-0.173234,3.880111,-0.001198,13.0,-31.425,-22.125,-13.425,172.543,1.1939,-62.1798,5.0,20.30602,48.84395,2.3533094,343.0101,NaN,0.0,48.412903,,7 / 25,23739,2022-01-10 17:04:56:268
7.691429,-0.062812,6.305686,5.779921,-0.346294,7.914732,1.51704,0.237623,-1.888678,-0.173234,3.880111,-0.001198,13.0,-31.425,-22.125,-13.425,172.543,1.1939,-62.1798,5.0,20.30602,48.84395,2.3533094,343.0101,NaN,0.0,48.412903,,7 / 25,23743,2022-01-10 17:04:56:272
7.691429,-0.062812,6.305686,5.779921,-0.346294,7.914732,1.51704,0.237623,-1.888678,-0.173234,3.880111,-0.001198,13.0,-31.425,-22.125,-13.425,172.543,1.1939,-62.1798,5.0,20.30602,48.84395,2.3533094,343.0101,NaN,0.0,48.412903,,7 / 25,23748,2022-01-10 17:04:56:277
7.691429,-0.062812,6.305686,5.779921,-0.346294,7.914732,1.51704,0.237623,-1.888678,-0.173234,3.880111,-0.001198,13.0,-31.425,-22.125,-13.425,172.543,1.1939,-62.1798,5.0,20.30602,48.84395,2.3533094,343.0101,NaN,0.0,48.412903,,7 / 25,23753,2022-01-10 17:04:56:282
7.691429,-0.062812,6.305686,5.779921,-0.346294,7.914732,1.51704,0.237623,-1.888678,-0.173234,3.880111,-0.001198,13.0,-31.425,-22.125,-13.425,172.543,1.1939,-62.1798,5.0,20.30602,48.84395,2.3533094,343.0101,NaN,0.0,48.412903,,7 / 25,23759,2022-01-10 17:04:56:288
7.691429,-0.062812,6.305686,5.779921,-0.346294,7.914732,1.51704,0.237623,-1.888678,-0.173234,3.880111,-0.001198,13.0,-31.425,-22.125,-13.425,172.543,1.1939,-62.1798,5.0,20.30602,48.84395,2.3533094,343.0101,NaN,0.0,48.412903,,7 / 25,23763,2022-01-10 17:04:56:292
7.691429,-0.062812,6.305686,5.779921,-0.346294,7.914732,1.51704,0.237623,-1.888678,-0.173234,3.880111,-0.001198,13.0,-31.425,-22.125,-13.425,172.543,1.1939,-62.1798,5.0,20.30602,48.84395,2.3533094,343.0101,NaN,0.0,48.412903,,7 / 25,23768,2022-01-10 17:04:56:297
7.691429,-0.062812,6.305686,5.779921,-0.346294,7.914732,1.51704,0.237623,-1.888678,-0.173234,3.880111,-0.001198,13.0,-31.425,-22.125,-13.425,172.543,1.1939,-62.1798,5.0,20.30602,48.84395,2.3533094,343.0101,NaN,0.0,48.412903,,7 / 25,23773,2022-01-10 17:04:56:302
7.691429,-0.062812,6.305686,5.779921,-0.346294,7.914732,1.51704,0.237623,-1.888678,-0.173234,3.880111,-0.001198,13.0,-31.425,-22.125,-13.425,172.543,1.1939,-62.1798,5.0,20.30602,48.84395,2.3533094,343.0101,NaN,0.0,48.412903,,7 / 25,23779,2022-01-10 17:04:56:308
7.691429,-0.062812,6.305686,5.779921,-0.346294,7.914732,1.51704,0.237623,-1.888678,-0.173234,3.880111,-0.001198,13.0,-31.425,-22.125,-13.425,172.543,1.1939,-62.1798,5.0,20.30602,48.84395,2.3533094,343.0101,NaN,0.0,48.412903,,7 / 25,23782,2022-01-10 17:04:56:311
7.691429,-0.062812,6.305686,5.779921,-0.346294,7.914732,1.51704,0.237623,-1.888678,-0.173234,3.880111,-0.001198,13.0,-31.425,-22.125,-13.425,172.543,1.1939,-62.1798,5.0,20.30602,48.84395,2.3533094,343.0101,NaN,0.0,48.412903,,7 / 25,23788,2022-01-10 17:04:56:317
4.671986,-0.396909,9.45464,5.779921,-0.346294,7.914732,1.51704,0.237623,-1.888678,-0.173234,3.880111,-0.001198,13.0,-31.425,-22.125,-13.425,172.543,1.1939,-62.1798,5.0,20.30602,48.84395,2.3533094,343.0101,NaN,0.0,48.412903,,7 / 25,23793,2022-01-10 17:04:56:322
4.671986,-0.396909,9.45464,5.779921,-0.346294,7.914732,1.51704,0.237623,-1.888678,-0.173234,3.880111,-0.001198,13.0,-28.725,-22.05,-15.525,148.7522,2.0237,-36.1397,5.0,20.30602,48.84395,2.3533094,343.0101,NaN,0.0,48.412903,,7 / 25,23798,2022-01-10 17:04:56:327
4.671986,-0.396909,9.45464,5.779921,-0.346294,7.914732,1.51704,0.237623,-1.888678,-0.173234,3.880111,-0.001198,13.0,-28.725,-22.05,-15.525,148.7522,2.0237,-36.1397,5.0,20.30602,48.84395,2.3533094,343.0101,NaN,0.0,48.412903,,7 / 25,23804,2022-01-10 17:04:56:333
4.671986,-0.396909,9.45464,5.779921,-0.346294,7.914732,4.039631,0.07921,-2.031705,-0.173234,3.880111,-0.001198,13.0,-28.725,-22.05,-15.525,148.7522,2.0237,-36.1397,5.0,20.30602,48.84395,2.3533094,343.0101,NaN,0.0,48.412903,,7 / 25,23808,2022-01-10 17:04:56:337
4.671986,-0.396909,9.45464,5.779921,-0.346294,7.914732,4.039631,0.07921,-2.031705,-0.173234,3.880111,-0.001198,13.0,-28.725,-22.05,-15.525,148.7522,2.0237,-36.1397,5.0,20.30602,48.84395,2.3533094,343.0101,NaN,0.0,48.412903,,7 / 25,23813,2022-01-10 17:04:56:342
4.671986,-0.396909,9.45464,5.779921,-0.346294,7.914732,4.039631,0.07921,-2.031705,-0.173234,3.880111,-0.001198,13.0,-28.725,-22.05,-15.525,148.7522,2.0237,-36.1397,5.0,20.30602,48.84395,2.3533094,343.0101,NaN,0.0,48.412903,,7 / 25,23818,2022-01-10 17:04:56:347
4.671986,-0.396909,9.45464,5.779921,-0.346294,7.914732,4.039631,0.07921,-2.031705,-0.173234,3.880111,-0.001198,13.0,-28.725,-22.05,-15.525,148.7522,2.0237,-36.1397,5.0,20.30602,48.84395,2.3533094,343.0101,NaN,0.0,48.412903,,7 / 25,23823,2022-01-10 17:04:56:352
4.671986,-0.396909,9.45464,5.779921,-0.346294,7.914732,4.039631,0.07921,-2.031705,0.232887,5.242811,-0.521432,13.0,-28.725,-22.05,-15.525,148.7522,2.0237,-36.1397,5.0,20.30602,48.84395,2.3533094,343.0101,NaN,0.0,48.412903,,7 / 25,23829,2022-01-10 17:04:56:358
4.671986,-0.396909,9.45464,5.779921,-0.346294,7.914732,4.039631,0.07921,-2.031705,0.232887,5.242811,-0.521432,13.0,-28.725,-22.05,-15.525,148.7522,2.0237,-36.1397,5.0,20.30602,48.84395,2.3533094,343.0101,NaN,0.0,48.412903,,7 / 25,23832,2022-01-10 17:04:56:361
4.671986,-0.396909,9.45464,5.779921,-0.346294,7.914732,4.039631,0.07921,-2.031705,0.232887,5.242811,-0.521432,13.0,-28.725,-22.05,-15.525,148.7522,2.0237,-36.1397,5.0,20.30602,48.84395,2.3533094,343.0101,NaN,0.0,48.412903,,7 / 25,23838,2022-01-10 17:04:56:367
4.671986,-0.396909,9.45464,5.779921,-0.346294,7.914732,4.039631,0.07921,-2.031705,0.232887,5.242811,-0.521432,13.0,-28.725,-22.05,-15.525,148.7522,2.0237,-36.1397,5.0,20.30602,48.84395,2.3533094,343.0101,NaN,0.0,48.412903,,7 / 25,23842,2022-01-10 17:04:56:371
4.671986,-0.396909,9.45464,5.779921,-0.346294,7.914732,4.039631,0.07921,-2.031705,0.232887,5.242811,-0.521432,62.0,-28.725,-22.05,-15.525,148.7522,2.0237,-36.1397,5.0,20.30602,48.84395,2.3533094,343.0101,NaN,0.0,48.412903,,7 / 25,23847,2022-01-10 17:04:56:376
4.671986,-0.396909,9.45464,5.779921,-0.346294,7.914732,4.039631,0.07921,-2.031705,0.232887,5.242811,-0.521432,62.0,-28.725,-22.05,-15.525,148.7522,2.0237,-36.1397,5.0,20.30602,48.84395,2.3533094,343.0101,NaN,0.0,48.412903,,7 / 25,23853,2022-01-10 17:04:56:382
4.671986,-0.396909,9.45464,5.779921,-0.346294,7.914732,4.039631,0.07921,-2.031705,0.232887,5.242811,-0.521432,62.0,-28.725,-22.05,-15.525,148.7522,2.0237,-36.1397,5.0,20.30602,48.84395,2.3533094,343.0101,NaN,0.0,48.412903,,7 / 25,23858,2022-01-10 17:04:56:387
4.671986,-0.396909,9.45464,5.779921,-0.346294,7.914732,4.039631,0.07921,-2.031705,0.232887,5.242811,-0.521432,62.0,-28.725,-22.05,-15.525,148.7522,2.0237,-36.1397,5.0,20.30602,48.84395,2.3533094,343.0101,NaN,0.0,48.412903,,7 / 25,23863,2022-01-10 17:04:56:392
4.671986,-0.396909,9.45464,0.157879,-0.104387,9.804823,4.039631,0.07921,-2.031705,0.232887,5.242811,-0.521432,62.0,-28.725,-22.05,-15.525,148.7522,2.0237,-36.1397,5.0,20.30602,48.843945,2.3532994,337.9733,NaN,0.792,44.954838,299.4,7 / 25,23868,2022-01-10 17:04:56:397
4.671986,-0.396909,9.45464,0.157879,-0.104387,9.804823,4.039631,0.07921,-2.031705,0.232887,5.242811,-0.521432,62.0,-28.725,-22.05,-15.525,148.7522,2.0237,-36.1397,5.0,20.30602,48.843945,2.3532994,337.9733,NaN,0.792,44.954838,299.4,7 / 25,23874,2022-01-10 17:04:56:403
4.671986,-0.396909,9.45464,0.157879,-0.104387,9.804823,4.039631,0.07921,-2.031705,0.232887,5.242811,-0.521432,62.0,-28.725,-22.05,-15.525,148.7522,2.0237,-36.1397,5.0,20.30602,48.843945,2.3532994,337.9733,NaN,0.792,44.954838,299.4,7 / 25,23877,2022-01-10 17:04:56:406
4.671986,-0.396909,9.45464,0.157879,-0.104387,9.804823,4.039631,0.07921,-2.031705,0.232887,5.242811,-0.521432,62.0,-28.725,-22.05,-15.525,148.7522,2.0237,-36.1397,5.0,20.30602,48.843945,2.3532994,337.9733,NaN,0.792,44.954838,299.4,7 / 25,23888,2022-01-10 17:04:56:417
4.671986,-0.396909,9.45464,0.157879,-0.104387,9.804823,4.039631,0.07921,-2.031705,0.232887,5.242811,-0.521432,62.0,-28.725,-22.05,-15.525,148.7522,2.0237,-36.1397,5.0,20.30602,48.843945,2.3532994,337.9733,NaN,0.792,44.954838,299.4,7 / 25,23889,2022-01-10 17:04:56:418
4.671986,-0.396909,9.45464,0.157879,-0.104387,9.804823,4.039631,0.07921,-2.031705,0.232887,5.242811,-0.521432,62.0,-28.725,-22.05,-15.525,148.7522,2.0237,-36.1397,5.0,20.30602,48.843945,2.3532994,337.9733,NaN,0.792,44.954838,299.4,7 / 25,23893,2022-01-10 17:04:56:422
4.671986,-0.396909,9.45464,0.157879,-0.104387,9.804823,4.039631,0.07921,-2.031705,0.232887,5.242811,-0.521432,62.0,-28.725,-22.05,-15.525,148.7522,2.0237,-36.1397,5.0,20.30602,48.843945,2.3532994,337.9733,NaN,0.792,44.954838,299.4,7 / 25,23897,2022-01-10 17:04:56:426
-1.375275,-0.420838,9.111869,0.157879,-0.104387,9.804823,4.039631,0.07921,-2.031705,0.232887,5.242811,-0.521432,62.0,-28.725,-22.05,-15.525,148.7522,2.0237,-36.1397,5.0,20.30602,48.843945,2.3532994,337.9733,NaN,0.792,44.954838,299.4,7 / 25,23905,2022-01-10 17:04:56:434
-1.375275,-0.420838,9.111869,0.157879,-0.104387,9.804823,4.039631,0.07921,-2.031705,0.232887,5.242811,-0.521432,62.0,-28.725,-22.05,-15.525,148.7522,2.0237,-36.1397,5.0,20.30602,48.843945,2.3532994,337.9733,NaN,0.792,44.954838,299.4,7 / 25,23907,2022-01-10 17:04:56:436
-1.375275,-0.420838,9.111869,0.157879,-0.104387,9.804823,4.039631,0.07921,-2.031705,0.232887,5.242811,-0.521432,62.0,-28.725,-22.05,-15.525,148.7522,2.0237,-36.1397,5.0,20.30602,48.843945,2.3532994,337.9733,NaN,0.792,44.954838,299.4,7 / 25,23913,2022-01-10 17:04:56:442
-1.375275,-0.420838,9.111869,0.157879,-0.104387,9.804823,2.751807,-0.664991,-0.505991,0.232887,5.242811,-0.521432,62.0,-28.725,-22.05,-15.525,148.7522,2.0237,-36.1397,5.0,20.30602,48.843945,2.3532994,337.9733,NaN,0.792,44.954838,299.4,7 / 25,23919,2022-01-10 17:04:56:448
-1.375275,-0.420838,9.111869,0.157879,-0.104387,9.804823,2.751807,-0.664991,-0.505991,0.232887,5.242811,-0.521432,62.0,-28.725,-22.05,-15.525,148.7522,2.0237,-36.1397,5.0,20.30602,48.843945,2.3532994,337.9733,NaN,0.792,44.954838,299.4,7 / 25,23922,2022-01-10 17:04:56:451
-1.375275,-0.420838,9.111869,0.157879,-0.104387,9.804823,2.751807,-0.664991,-0.505991,0.232887,5.242811,-0.521432,62.0,-28.725,-22.05,-15.525,148.7522,2.0237,-36.1397,5.0,20.30602,48.843945,2.3532994,337.9733,NaN,0.792,44.954838,299.4,7 / 25,23929,2022-01-10 17:04:56:458
-1.375275,-0.420838,9.111869,0.157879,-0.104387,9.804823,2.751807,-0.664991,-0.505991,0.232887,5.242811,-0.521432,62.0,-28.725,-22.05,-15.525,148.7522,2.0237,-36.1397,5.0,20.30602,48.843945,2.3532994,337.9733,NaN,0.792,44.954838,299.4,7 / 25,23933,2022-01-10 17:04:56:462
-1.375275,-0.420838,9.111869,0.157879,-0.104387,9.804823,2.751807,-0.664991,-0.505991,0.232887,5.242811,-0.521432,62.0,-18.45,-21.6,-20.025,141.4917,0.6099,-0.9225,5.0,20.30602,48.843945,2.3532994,337.9733,NaN,0.792,44.954838,299.4,7 / 25,23938,2022-01-10 17:04:56:467
-1.375275,-0.420838,9.111869,0.157879,-0.104387,9.804823,2.751807,-0.664991,-0.505991,0.232887,5.242811,-0.521432,62.0,-18.45,-21.6,-20.025,141.4917,0.6099,-0.9225,5.0,20.30602,48.843945,2.3532994,337.9733,NaN,0.792,44.954838,299.4,7 / 25,23944,2022-01-10 17:04:56:473
-1.375275,-0.420838,9.111869,0.157879,-0.104387,9.804823,2.751807,-0.664991,-0.505991,0.232887,5.242811,-0.521432,62.0,-18.45,-21.6,-20.025,141.4917,0.6099,-0.9225,5.0,20.30602,48.843945,2.3532994,337.9733,NaN,0.792,44.954838,299.4,7 / 25,23948,2022-01-10 17:04:56:477
-1.375275,-0.420838,9.111869,0.157879,-0.104387,9.804823,2.751807,-0.664991,-0.505991,0.232887,5.242811,-0.521432,62.0,-18.45,-21.6,-20.025,141.4917,0.6099,-0.9225,5.0,20.30602,48.843945,2.3532994,337.9733,NaN,0.792,44.954838,299.4,7 / 25,23953,2022-01-10 17:04:56:482
-1.375275,-0.420838,9.111869,0.157879,-0.104387,9.804823,2.751807,-0.664991,-0.505991,0.232887,5.242811,-0.521432,62.0,-18.45,-21.6,-20.025,141.4917,0.6099,-0.9225,5.0,20.30602,48.843945,2.3532994,337.9733,NaN,0.792,44.954838,299.4,7 / 25,23958,2022-01-10 17:04:56:487
-1.375275,-0.420838,9.111869,0.157879,-0.104387,9.804823,2.751807,-0.664991,-0.505991,0.232887,5.242811,-0.521432,62.0,-18.45,-21.6,-20.025,141.4917,0.6099,-0.9225,5.0,20.30602,48.843945,2.3532994,337.9733,NaN,0.792,44.954838,299.4,7 / 25,23964,2022-01-10 17:04:56:493
-1.375275,-0.420838,9.111869,0.157879,-0.104387,9.804823,2.751807,-0.664991,-0.505991,0.232887,5.242811,-0.521432,62.0,-18.45,-21.6,-20.025,141.4917,0.6099,-0.9225,5.0,20.30602,48.843945,2.3532994,337.9733,NaN,0.792,44.954838,299.4,7 / 25,23968,2022-01-10 17:04:56:497
-1.375275,-0.420838,9.111869,0.157879,-0.104387,9.804823,2.751807,-0.664991,-0.505991,0.232887,5.242811,-0.521432,62.0,-18.45,-21.6,-20.025,141.4917,0.6099,-0.9225,5.0,20.30602,48.843945,2.3532994,337.9733,NaN,0.792,44.954838,299.4,7 / 25,23973,2022-01-10 17:04:56:502
-1.375275,-0.420838,9.111869,-4.745642,-0.386471,8.573209,2.751807,-0.664991,-0.505991,0.158054,4.243622,-0.189079,62.0,-18.45,-21.6,-20.025,141.4917,0.6099,-0.9225,5.0,20.30602,48.843945,2.3532994,337.9733,NaN,0.792,44.954838,299.4,7 / 25,23978,2022-01-10 17:04:56:507
-1.375275,-0.420838,9.111869,-4.745642,-0.386471,8.573209,2.751807,-0.664991,-0.505991,0.158054,4.243622,-0.189079,62.0,-18.45,-21.6,-20.025,141.4917,0.6099,-0.9225,5.0,20.30602,48.843945,2.3532994,337.9733,NaN,0.792,44.954838,299.4,7 / 25,23983,2022-01-10 17:04:56:512
-1.375275,-0.420838,9.111869,-4.745642,-0.386471,8.573209,2.751807,-0.664991,-0.505991,0.158054,4.243622,-0.189079,62.0,-18.45,-21.6,-20.025,141.4917,0.6099,-0.9225,5.0,20.30602,48.843945,2.3532994,337.9733,NaN,0.792,44.954838,299.4,7 / 25,23988,2022-01-10 17:04:56:517
-1.375275,-0.420838,9.111869,-4.745642,-0.386471,8.573209,2.751807,-0.664991,-0.505991,0.158054,4.243622,-0.189079,62.0,-18.45,-21.6,-20.025,141.4917,0.6099,-0.9225,5.0,20.30602,48.843945,2.3532994,337.9733,NaN,0.792,44.954838,299.4,7 / 25,23993,2022-01-10 17:04:56:522
-1.375275,-0.420838,9.111869,-4.745642,-0.386471,8.573209,2.751807,-0.664991,-0.505991,0.158054,4.243622,-0.189079,62.0,-18.45,-21.6,-20.025,141.4917,0.6099,-0.9225,5.0,20.30602,48.843945,2.3532994,337.9733,NaN,0.792,44.954838,299.4,7 / 25,23998,2022-01-10 17:04:56:527
-1.375275,-0.420838,9.111869,-4.745642,-0.386471,8.573209,2.751807,-0.664991,-0.505991,0.158054,4.243622,-0.189079,62.0,-18.45,-21.6,-20.025,141.4917,0.6099,-0.9225,5.0,20.30602,48.843945,2.3532994,337.9733,NaN,0.792,44.954838,299.4,7 / 25,24003,2022-01-10 17:04:56:532
-1.375275,-0.420838,9.111869,-4.745642,-0.386471,8.573209,2.751807,-0.664991,-0.505991,0.158054,4.243622,-0.189079,62.0,-18.45,-21.6,-20.025,141.4917,0.6099,-0.9225,5.0,20.30602,48.843945,2.3532994,337.9733,NaN,0.792,44.954838,299.4,7 / 25,24009,2022-01-10 17:04:56:538
-1.375275,-0.420838,9.111869,-4.745642,-0.386471,8.573209,2.751807,-0.664991,-0.505991,0.158054,4.243622,-0.189079,62.0,-18.45,-21.6,-20.025,141.4917,0.6099,-0.9225,5.0,22.67589,48.843945,2.3532994,337.9733,NaN,0.792,44.954838,299.4,7 / 25,24012,2022-01-10 17:04:56:541
-1.375275,-0.420838,9.111869,-4.745642,-0.386471,8.573209,2.751807,-0.664991,-0.505991,0.158054,4.243622,-0.189079,62.0,-18.45,-21.6,-20.025,141.4917,0.6099,-0.9225,5.0,22.67589,48.843945,2.3532994,337.9733,NaN,0.792,44.954838,299.4,7 / 25,24019,2022-01-10 17:04:56:548
-1.375275,-0.420838,9.111869,-4.745642,-0.386471,8.573209,2.751807,-0.664991,-0.505991,0.158054,4.243622,-0.189079,62.0,-18.45,-21.6,-20.025,141.4917,0.6099,-0.9225,5.0,22.67589,48.843945,2.3532994,337.9733,NaN,0.792,44.954838,299.4,7 / 25,24023,2022-01-10 17:04:56:552
-1.375275,-0.420838,9.111869,-4.745642,-0.386471,8.573209,2.751807,-0.664991,-0.505991,0.158054,4.243622,-0.189079,62.0,-18.45,-21.6,-20.025,141.4917,0.6099,-0.9225,5.0,22.67589,48.843945,2.3532994,337.9733,NaN,0.792,44.954838,299.4,7 / 25,24028,2022-01-10 17:04:56:557
-5.703891,-0.00658,8.559725,-4.745642,-0.386471,8.573209,2.751807,-0.664991,-0.505991,0.158054,4.243622,-0.189079,62.0,-18.45,-21.6,-20.025,141.4917,0.6099,-0.9225,5.0,22.67589,48.843945,2.3532994,337.9733,NaN,0.792,44.954838,299.4,7 / 25,24033,2022-01-10 17:04:56:562
-5.703891,-0.00658,8.559725,-4.745642,-0.386471,8.573209,2.751807,-0.664991,-0.505991,0.158054,4.243622,-0.189079,62.0,-18.45,-21.6,-20.025,141.4917,0.6099,-0.9225,5.0,22.67589,48.843945,2.3532994,337.9733,NaN,0.792,44.954838,299.4,7 / 25,24038,2022-01-10 17:04:56:567
-5.703891,-0.00658,8.559725,-4.745642,-0.386471,8.573209,2.751807,-1.098637,1.147725,0.158054,4.243622,-0.189079,62.0,-18.45,-21.6,-20.025,141.4917,0.6099,-0.9225,5.0,22.67589,48.843945,2.3532994,337.9733,NaN,0.792,44.954838,299.4,7 / 25,24043,2022-01-10 17:04:56:572
-5.703891,-0.00658,8.559725,-4.745642,-0.386471,8.573209,1.22684,-1.098637,1.147725,0.158054,4.243622,-0.189079,62.0,-18.45,-21.6,-20.025,141.4917,0.6099,-0.9225,5.0,22.67589,48.843945,2.3532994,337.9733,NaN,0.792,44.954838,299.4,7 / 25,24048,2022-01-10 17:04:56:577
-5.703891,-0.00658,8.559725,-4.745642,-0.386471,8.573209,1.22684,-1.098637,1.147725,0.158054,4.243622,-0.189079,62.0,-18.45,-21.6,-20.025,141.4917,0.6099,-0.9225,5.0,22.67589,48.843945,2.3532994,337.9733,NaN,0.792,44.954838,299.4,7 / 25,24053,2022-01-10 17:04:56:582
-5.703891,-0.00658,8.559725,-4.745642,-0.386471,8.573209,1.22684,-1.098637,1.147725,0.158054,4.243622,-0.189079,62.0,-4.125,-21.3,-22.575,145.9975,2.2586,28.9664,5.0,22.67589,48.843945,2.3532994,337.9733,NaN,0.792,44.954838,299.4,7 / 25,24058,2022-01-10 17:04:56:587
-5.703891,-0.00658,8.559725,-4.745642,-0.386471,8.573209,1.22684,-1.098637,1.147725,0.158054,4.243622,-0.189079,62.0,-4.125,-21.3,-22.575,145.9975,2.2586,28.9664,5.0,22.67589,48.843945,2.3532994,337.9733,NaN,0.792,44.954838,299.4,7 / 25,24063,2022-01-10 17:04:56:592
-5.703891,-0.00658,8.559725,-4.745642,-0.386471,8.573209,1.22684,-1.098637,1.147725,0.158054,4.243622,-0.189079,62.0,-4.125,-21.3,-22.575,145.9975,2.2586,28.9664,5.0,22.67589,48.843945,2.3532994,337.9733,NaN,0.792,44.954838,299.4,7 / 25,24067,2022-01-10 17:04:56:596
-5.703891,-0.00658,8.559725,-4.745642,-0.386471,8.573209,1.22684,-1.098637,1.147725,0.158054,4.243622,-0.189079,98.0,-4.125,-21.3,-22.575,145.9975,2.2586,28.9664,5.0,22.67589,48.843945,2.3532994,337.9733,NaN,0.792,44.954838,299.4,7 / 25,24074,2022-01-10 17:04:56:603
-5.703891,-0.00658,8.559725,-4.745642,-0.386471,8.573209,1.22684,-1.098637,1.147725,0.158054,4.243622,-0.189079,98.0,-4.125,-21.3,-22.575,145.9975,2.2586,28.9664,5.0,22.67589,48.843945,2.3532994,337.9733,NaN,0.792,44.954838,299.4,7 / 25,24078,2022-01-10 17:04:56:607
-5.703891,-0.00658,8.559725,-4.745642,-0.386471,8.573209,1.22684,-1.098637,1.147725,0.158054,4.243622,-0.189079,98.0,-4.125,-21.3,-22.575,145.9975,2.2586,28.9664,5.0,22.67589,48.843945,2.3532994,337.9733,NaN,0.792,44.954838,299.4,7 / 25,24084,2022-01-10 17:04:56:613
-5.703891,-0.00658,8.559725,-4.745642,-0.386471,8.573209,1.22684,-1.098637,1.147725,0.158054,4.243622,-0.189079,98.0,-4.125,-21.3,-22.575,145.9975,2.2586,28.9664,5.0,22.67589,48.843945,2.3532994,337.9733,NaN,0.792,44.954838,299.4,7 / 25,24087,2022-01-10 17:04:56:616
-5.703891,-0.00658,8.559725,-4.745642,-0.386471,8.573209,1.22684,-1.098637,1.147725,0.158054,4.243622,-0.189079,98.0,-4.125,-21.3,-22.575,145.9975,2.2586,28.9664,5.0,22.67589,48.843945,2.3532994,337.9733,NaN,0.792,44.954838,299.4,7 / 25,24093,2022-01-10 17:04:56:622
-5.703891,-0.00658,8.559725,-4.745642,-0.386471,8.573209,1.22684,-1.098637,1.147725,0.158054,4.243622,-0.189079,98.0,-4.125,-21.3,-22.575,145.9975,2.2586,28.9664,5.0,22.67589,48.843945,2.3532994,337.9733,NaN,0.792,44.954838,299.4,7 / 25,24098,2022-01-10 17:04:56:627
-5.703891,-0.00658,8.559725,-4.745642,-0.386471,8.573209,1.22684,-1.098637,1.147725,0.158054,4.243622,-0.189079,98.0,-4.125,-21.3,-22.575,145.9975,2.2586,28.9664,5.0,22.67589,48.843945,2.3532994,337.9733,NaN,0.792,44.954838,299.4,7 / 25,24103,2022-01-10 17:04:56:632
-5.703891,-0.00658,8.559725,-4.745642,-0.386471,8.573209,1.22684,-1.098637,1.147725,0.158054,4.243622,-0.189079,98.0,-4.125,-21.3,-22.575,145.9975,2.2586,28.9664,5.0,22.67589,48.843945,2.3532994,337.9733,NaN,0.792,44.954838,299.4,7 / 25,24109,2022-01-10 17:04:56:638
-5.703891,-0.00658,8.559725,-7.705672,0.295724,6.058512,1.22684,-1.098637,1.147725,0.411846,2.937647,0.154459,98.0,-4.125,-21.3,-22.575,145.9975,2.2586,28.9664,5.0,22.67589,48.843945,2.3532994,337.9733,NaN,0.792,44.954838,299.4,7 / 25,24115,2022-01-10 17:04:56:644
-5.703891,-0.00658,8.559725,-7.705672,0.295724,6.058512,1.22684,-1.098637,1.147725,0.411846,2.937647,0.154459,98.0,-4.125,-21.3,-22.575,145.9975,2.2586,28.9664,5.0,22.67589,48.843945,2.3532994,337.9733,NaN,0.792,44.954838,299.4,7 / 25,24118,2022-01-10 17:04:56:647
-5.703891,-0.00658,8.559725,-7.705672,0.295724,6.058512,1.22684,-1.098637,1.147725,0.411846,2.937647,0.154459,98.0,-4.125,-21.3,-22.575,145.9975,2.2586,28.9664,5.0,22.67589,48.843945,2.3532994,337.9733,NaN,0.792,44.954838,299.4,7 / 25,24123,2022-01-10 17:04:56:652
-5.703891,-0.00658,8.559725,-7.705672,0.295724,6.058512,1.22684,-1.098637,1.147725,0.411846,2.937647,0.154459,98.0,-4.125,-21.3,-22.575,145.9975,2.2586,28.9664,5.0,22.67589,48.843945,2.3532994,337.9733,NaN,0.792,44.954838,299.4,7 / 25,24129,2022-01-10 17:04:56:658
-8.473284,0.169591,5.115257,-7.705672,0.295724,6.058512,1.22684,-1.098637,1.147725,0.411846,2.937647,0.154459,98.0,-4.125,-21.3,-22.575,145.9975,2.2586,28.9664,5.0,22.67589,48.843945,2.3532994,337.9733,NaN,0.792,44.954838,299.4,7 / 25,24133,2022-01-10 17:04:56:662
-8.473284,0.169591,5.115257,-7.705672,0.295724,6.058512,1.22684,-1.098637,1.147725,0.411846,2.937647,0.154459,98.0,-4.125,-21.3,-22.575,145.9975,2.2586,28.9664,5.0,22.67589,48.843945,2.3532994,337.9733,NaN,0.792,44.954838,299.4,7 / 25,24137,2022-01-10 17:04:56:666
-8.473284,0.169591,5.115257,-7.705672,0.295724,6.058512,1.22684,-1.098637,1.147725,0.411846,2.937647,0.154459,98.0,-4.125,-21.3,-22.575,145.9975,2.2586,28.9664,5.0,22.67589,48.843945,2.3532994,337.9733,NaN,0.792,44.954838,299.4,7 / 25,24144,2022-01-10 17:04:56:673
-8.473284,0.169591,5.115257,-7.705672,0.295724,6.058512,1.22684,-1.098637,1.147725,0.411846,2.937647,0.154459,98.0,-4.125,-21.3,-22.575,145.9975,2.2586,28.9664,5.0,22.67589,48.843945,2.3532994,337.9733,NaN,0.792,44.954838,299.4,7 / 25,24147,2022-01-10 17:04:56:676
-8.473284,0.169591,5.115257,-7.705672,0.295724,6.058512,1.22684,-1.098637,1.147725,0.411846,2.937647,0.154459,98.0,-4.125,-21.3,-22.575,145.9975,2.2586,28.9664,5.0,22.67589,48.843945,2.3532994,337.9733,NaN,0.792,44.954838,299.4,7 / 25,24153,2022-01-10 17:04:56:682
-8.473284,0.169591,5.115257,-7.705672,0.295724,6.058512,1.22684,-1.098637,1.147725,0.411846,2.937647,0.154459,98.0,-4.125,-21.3,-22.575,145.9975,2.2586,28.9664,5.0,22.67589,48.843945,2.3532994,337.9733,NaN,0.792,44.954838,299.4,7 / 25,24158,2022-01-10 17:04:56:687
-8.473284,0.169591,5.115257,-7.705672,0.295724,6.058512,1.22684,-1.098637,1.147725,0.411846,2.937647,0.154459,98.0,-4.125,-21.3,-22.575,145.9975,2.2586,28.9664,5.0,22.67589,48.843945,2.3532994,337.9733,NaN,0.792,44.954838,299.4,7 / 25,24163,2022-01-10 17:04:56:692
-8.473284,0.169591,5.115257,-7.705672,0.295724,6.058512,1.437027,0.163422,0.668529,0.411846,2.937647,0.154459,98.0,-4.125,-21.3,-22.575,145.9975,2.2586,28.9664,5.0,22.67589,48.843945,2.3532994,337.9733,NaN,0.792,44.954838,299.4,7 / 25,24167,2022-01-10 17:04:56:696
-8.473284,0.169591,5.115257,-7.705672,0.295724,6.058512,1.437027,0.163422,0.668529,0.411846,2.937647,0.154459,98.0,-4.125,-21.3,-22.575,145.9975,2.2586,28.9664,5.0,22.67589,48.843945,2.3532994,337.9733,NaN,0.792,44.954838,299.4,7 / 25,24174,2022-01-10 17:04:56:703
-8.473284,0.169591,5.115257,-7.705672,0.295724,6.058512,1.437027,0.163422,0.668529,0.411846,2.937647,0.154459,98.0,-4.125,-21.3,-22.575,145.9975,2.2586,28.9664,5.0,22.67589,48.843945,2.3532994,337.9733,NaN,0.792,44.954838,299.4,7 / 25,24178,2022-01-10 17:04:56:707
-8.473284,0.169591,5.115257,-7.705672,0.295724,6.058512,1.437027,0.163422,0.668529,0.411846,2.937647,0.154459,98.0,-4.125,-21.3,-22.575,145.9975,2.2586,28.9664,5.0,22.67589,48.843945,2.3532994,337.9733,NaN,0.792,44.954838,299.4,7 / 25,24183,2022-01-10 17:04:56:712
-8.473284,0.169591,5.115257,-7.705672,0.295724,6.058512,1.437027,0.163422,0.668529,0.411846,2.937647,0.154459,98.0,-4.125,-21.3,-22.575,145.9975,2.2586,28.9664,5.0,22.67589,48.843945,2.3532994,337.9733,NaN,0.792,44.954838,299.4,7 / 25,24187,2022-01-10 17:04:56:716
-8.473284,0.169591,5.115257,-7.705672,0.295724,6.058512,1.437027,0.163422,0.668529,0.411846,2.937647,0.154459,98.0,-4.125,-21.3,-22.575,145.9975,2.2586,28.9664,5.0,22.67589,48.843945,2.3532994,337.9733,NaN,0.792,44.954838,299.4,7 / 25,24194,2022-01-10 17:04:56:723
-8.473284,0.169591,5.115257,-7.705672,0.295724,6.058512,1.437027,0.163422,0.668529,0.411846,2.937647,0.154459,98.0,11.25,-21.3,-21.15,154.4799,-1.728,51.8241,5.0,22.67589,48.843945,2.3532994,337.9733,NaN,0.792,44.954838,299.4,7 / 25,24197,2022-01-10 17:04:56:726
-8.473284,0.169591,5.115257,-7.705672,0.295724,6.058512,1.437027,0.163422,0.668529,0.411846,2.937647,0.154459,98.0,11.25,-21.3,-21.15,154.4799,-1.728,51.8241,5.0,22.67589,48.843945,2.3532994,337.9733,NaN,0.792,44.954838,299.4,7 / 25,24204,2022-01-10 17:04:56:733
-8.473284,0.169591,5.115257,-7.705672,0.295724,6.058512,1.437027,0.163422,0.668529,0.411846,2.937647,0.154459,98.0,11.25,-21.3,-21.15,154.4799,-1.728,51.8241,5.0,22.67589,48.843945,2.3532994,337.9733,NaN,0.792,44.954838,299.4,7 / 25,24208,2022-01-10 17:04:56:737
-8.473284,0.169591,5.115257,-7.705672,0.295724,6.058512,1.437027,0.163422,0.668529,0.411846,2.937647,0.154459,98.0,11.25,-21.3,-21.15,154.4799,-1.728,51.8241,5.0,22.67589,48.843945,2.3532994,337.9733,NaN,0.792,44.954838,299.4,7 / 25,24213,2022-01-10 17:04:56:742
-8.473284,0.169591,5.115257,-7.705672,0.295724,6.058512,1.437027,0.163422,0.668529,0.411846,2.937647,0.154459,98.0,11.25,-21.3,-21.15,154.4799,-1.728,51.8241,5.0,22.67589,48.843945,2.3532994,337.9733,NaN,0.792,44.954838,299.4,7 / 25,24218,2022-01-10 17:04:56:747
-8.473284,0.169591,5.115257,-7.705672,0.295724,6.058512,1.437027,0.163422,0.668529,0.411846,2.937647,0.154459,98.0,11.25,-21.3,-21.15,154.4799,-1.728,51.8241,5.0,22.67589,48.843945,2.3532994,337.9733,NaN,0.792,44.954838,299.4,7 / 25,24223,2022-01-10 17:04:56:752
-9.125926,0.428315,3.814458,-8.969099,0.005372,3.965554,1.437027,0.163422,0.668529,-0.115178,1.116497,-0.457251,98.0,11.25,-21.3,-21.15,154.4799,-1.728,51.8241,5.0,22.67589,48.843945,2.3532994,337.9733,NaN,0.792,44.954838,299.4,7 / 25,24229,2022-01-10 17:04:56:758
-9.125926,0.428315,3.814458,-8.969099,0.005372,3.965554,1.437027,0.163422,0.668529,-0.115178,1.116497,-0.457251,98.0,11.25,-21.3,-21.15,154.4799,-1.728,51.8241,5.0,22.67589,48.843945,2.3532994,337.9733,NaN,0.792,44.954838,299.4,7 / 25,24233,2022-01-10 17:04:56:762
-9.125926,0.428315,3.814458,-8.969099,0.005372,3.965554,1.437027,0.163422,0.668529,-0.115178,1.116497,-0.457251,98.0,11.25,-21.3,-21.15,154.4799,-1.728,51.8241,5.0,22.67589,48.843945,2.3532994,337.9733,NaN,0.792,44.954838,299.4,7 / 25,24238,2022-01-10 17:04:56:767
-9.125926,0.428315,3.814458,-8.969099,0.005372,3.965554,1.437027,0.163422,0.668529,-0.115178,1.116497,-0.457251,98.0,11.25,-21.3,-21.15,154.4799,-1.728,51.8241,5.0,22.67589,48.843945,2.3532994,337.9733,NaN,0.792,44.954838,299.4,7 / 25,24242,2022-01-10 17:04:56:771
-9.125926,0.428315,3.814458,-8.969099,0.005372,3.965554,1.437027,0.163422,0.668529,-0.115178,1.116497,-0.457251,98.0,11.25,-21.3,-21.15,154.4799,-1.728,51.8241,5.0,22.67589,48.843945,2.3532994,337.9733,NaN,0.792,44.954838,299.4,7 / 25,24248,2022-01-10 17:04:56:777
-9.125926,0.428315,3.814458,-8.969099,0.005372,3.965554,1.437027,0.163422,0.668529,-0.115178,1.116497,-0.457251,27.0,11.25,-21.3,-21.15,154.4799,-1.728,51.8241,5.0,22.67589,48.843945,2.3532994,337.9733,NaN,0.792,44.954838,299.4,7 / 25,24253,2022-01-10 17:04:56:782
-9.125926,0.428315,3.814458,-8.969099,0.005372,3.965554,1.437027,0.163422,0.668529,-0.115178,1.116497,-0.457251,27.0,11.25,-21.3,-21.15,154.4799,-1.728,51.8241,5.0,22.67589,48.843945,2.3532994,337.9733,NaN,0.792,44.954838,299.4,7 / 25,24258,2022-01-10 17:04:56:787
-9.125926,0.428315,3.814458,-8.969099,0.005372,3.965554,1.437027,0.163422,0.668529,-0.115178,1.116497,-0.457251,27.0,11.25,-21.3,-21.15,154.4799,-1.728,51.8241,5.0,22.67589,48.843945,2.3532994,337.9733,NaN,0.792,44.954838,299.4,7 / 25,24262,2022-01-10 17:04:56:791
-9.125926,0.428315,3.814458,-8.969099,0.005372,3.965554,1.437027,0.163422,0.668529,-0.115178,1.116497,-0.457251,27.0,11.25,-21.3,-21.15,154.4799,-1.728,51.8241,5.0,22.67589,48.843945,2.3532994,337.9733,NaN,0.792,44.954838,299.4,7 / 25,24268,2022-01-10 17:04:56:797
-9.125926,0.428315,3.814458,-8.969099,0.005372,3.965554,1.437027,0.163422,0.668529,-0.115178,1.116497,-0.457251,27.0,11.25,-21.3,-21.15,154.4799,-1.728,51.8241,5.0,22.67589,48.843945,2.3532994,337.9733,NaN,0.792,44.954838,299.4,7 / 25,24272,2022-01-10 17:04:56:801
-9.125926,0.428315,3.814458,-8.969099,0.005372,3.965554,1.437027,0.163422,0.668529,-0.115178,1.116497,-0.457251,27.0,11.25,-21.3,-21.15,154.4799,-1.728,51.8241,5.0,22.67589,48.843945,2.3532994,337.9733,NaN,0.792,44.954838,299.4,7 / 25,24278,2022-01-10 17:04:56:807
-9.125926,0.428315,3.814458,-8.969099,0.005372,3.965554,1.437027,0.163422,0.668529,-0.115178,1.116497,-0.457251,27.0,11.25,-21.3,-21.15,154.4799,-1.728,51.8241,5.0,22.67589,48.843945,2.3532994,337.9733,NaN,0.792,44.954838,299.4,7 / 25,24283,2022-01-10 17:04:56:812
-9.125926,0.428315,3.814458,-8.969099,0.005372,3.965554,1.437027,0.163422,0.668529,-0.115178,1.116497,-0.457251,27.0,11.25,-21.3,-21.15,154.4799,-1.728,51.8241,5.0,22.67589,48.843945,2.3532994,337.9733,NaN,0.792,44.954838,299.4,7 / 25,24288,2022-01-10 17:04:56:817
-9.125926,0.428315,3.814458,-8.969099,0.005372,3.965554,1.437027,0.163422,0.668529,-0.115178,1.116497,-0.457251,27.0,11.25,-21.3,-21.15,154.4799,-1.728,51.8241,5.0,22.67589,48.843945,2.3532994,337.9733,NaN,0.792,44.954838,299.4,7 / 25,24293,2022-01-10 17:04:56:822
-9.125926,0.428315,3.814458,-8.969099,0.005372,3.965554,1.437027,0.163422,0.668529,-0.115178,1.116497,-0.457251,27.0,11.25,-21.3,-21.15,154.4799,-1.728,51.8241,5.0,22.67589,48.843945,2.3532994,337.9733,NaN,0.792,44.954838,299.4,7 / 25,24297,2022-01-10 17:04:56:826
-9.125926,0.428315,3.814458,-8.969099,0.005372,3.965554,-0.302721,0.51689,0.124975,-0.115178,1.116497,-0.457251,27.0,11.25,-21.3,-21.15,154.4799,-1.728,51.8241,5.0,22.67589,48.843945,2.3532994,337.9733,NaN,0.792,44.954838,299.4,7 / 25,24303,2022-01-10 17:04:56:832
-9.125926,0.428315,3.814458,-8.969099,0.005372,3.965554,-0.302721,0.51689,0.124975,-0.115178,1.116497,-0.457251,27.0,11.25,-21.3,-21.15,154.4799,-1.728,51.8241,5.0,22.67589,48.843945,2.3532994,337.9733,NaN,0.792,44.954838,299.4,7 / 25,24308,2022-01-10 17:04:56:837
-9.125926,0.428315,3.814458,-8.969099,0.005372,3.965554,-0.302721,0.51689,0.124975,-0.115178,1.116497,-0.457251,27.0,11.25,-21.3,-21.15,154.4799,-1.728,51.8241,5.0,22.67589,48.843945,2.3532994,337.9733,NaN,0.792,44.954838,299.4,7 / 25,24312,2022-01-10 17:04:56:841
-9.125926,0.428315,3.814458,-8.969099,0.005372,3.965554,-0.302721,0.51689,0.124975,-0.115178,1.116497,-0.457251,27.0,11.25,-21.3,-21.15,154.4799,-1.728,51.8241,5.0,22.67589,48.843945,2.3532994,337.9733,NaN,0.792,44.954838,299.4,7 / 25,24318,2022-01-10 17:04:56:847
-9.125926,0.428315,3.814458,-8.969099,0.005372,3.965554,-0.302721,0.51689,0.124975,-0.115178,1.116497,-0.457251,27.0,11.25,-21.3,-21.15,154.4799,-1.728,51.8241,5.0,22.67589,48.843945,2.3532994,337.9733,NaN,0.792,44.954838,299.4,7 / 25,24323,2022-01-10 17:04:56:852
-9.125926,0.428315,3.814458,-8.969099,0.005372,3.965554,-0.302721,0.51689,0.124975,-0.115178,1.116497,-0.457251,27.0,11.25,-21.3,-21.15,154.4799,-1.728,51.8241,5.0,22.67589,48.843945,2.3532994,337.9733,NaN,0.792,44.954838,299.4,7 / 25,24327,2022-01-10 17:04:56:856
-9.125926,0.428315,3.814458,-8.969099,0.005372,3.965554,-0.302721,0.51689,0.124975,-0.115178,1.116497,-0.457251,27.0,24.225,-21.075,-14.925,169.1713,-0.0314,66.1481,5.0,23.30588,48.843945,2.3532994,337.9733,NaN,0.792,44.954838,299.4,7 / 25,24333,2022-01-10 17:04:56:862
-9.566804,-0.422034,3.491128,-8.969099,0.005372,3.965554,-0.302721,0.51689,0.124975,-0.115178,1.116497,-0.457251,27.0,24.225,-21.075,-14.925,169.1713,-0.0314,66.1481,5.0,23.30588,48.843945,2.3532994,337.9733,NaN,0.792,44.954838,299.4,7 / 25,24338,2022-01-10 17:04:56:867
-9.566804,-0.422034,3.491128,-8.969099,0.005372,3.965554,-0.302721,0.51689,0.124975,-0.115178,1.116497,-0.457251,27.0,24.225,-21.075,-14.925,169.1713,-0.0314,66.1481,5.0,23.30588,48.843945,2.3532994,337.9733,NaN,0.792,44.954838,299.4,7 / 25,24342,2022-01-10 17:04:56:871
-9.566804,-0.422034,3.491128,-8.969099,0.005372,3.965554,-0.302721,0.51689,0.124975,-0.115178,1.116497,-0.457251,27.0,24.225,-21.075,-14.925,169.1713,-0.0314,66.1481,5.0,23.30588,48.843945,2.3532994,337.9733,NaN,0.792,44.954838,299.4,7 / 25,24347,2022-01-10 17:04:56:876
-9.566804,-0.422034,3.491128,-8.969099,0.005372,3.965554,-0.302721,0.51689,0.124975,-0.115178,1.116497,-0.457251,27.0,24.225,-21.075,-14.925,169.1713,-0.0314,66.1481,5.0,23.30588,48.843945,2.3532994,337.9733,NaN,0.792,44.954838,299.4,7 / 25,24352,2022-01-10 17:04:56:881
-9.566804,-0.422034,3.491128,-8.961429,-0.232004,3.976098,-0.302721,0.51689,0.124975,-0.115178,1.116497,-0.457251,27.0,24.225,-21.075,-14.925,169.1713,-0.0314,66.1481,5.0,23.30588,48.843945,2.3532994,337.9733,NaN,0.792,44.954838,299.4,7 / 25,24358,2022-01-10 17:04:56:887
-9.566804,-0.422034,3.491128,-8.961429,-0.232004,3.976098,-0.302721,0.51689,0.124975,-0.115178,1.116497,-0.457251,27.0,24.225,-21.075,-14.925,169.1713,-0.0314,66.1481,5.0,23.30588,48.843945,2.3532994,337.9733,NaN,0.792,44.954838,299.4,7 / 25,24364,2022-01-10 17:04:56:893
-9.566804,-0.422034,3.491128,-8.961429,-0.232004,3.976098,-0.302721,0.51689,0.124975,-0.115178,1.116497,-0.457251,27.0,24.225,-21.075,-14.925,169.1713,-0.0314,66.1481,5.0,23.30588,48.843945,2.3532994,337.9733,NaN,0.792,44.954838,299.4,7 / 25,24367,2022-01-10 17:04:56:896
-9.566804,-0.422034,3.491128,-8.961429,-0.232004,3.976098,-0.302721,0.51689,0.124975,-0.073767,-1.170691,-0.180823,27.0,24.225,-21.075,-14.925,169.1713,-0.0314,66.1481,5.0,23.30588,48.843945,2.3532994,337.9733,NaN,0.792,44.954838,299.4,7 / 25,24373,2022-01-10 17:04:56:902
-9.566804,-0.422034,3.491128,-8.961429,-0.232004,3.976098,-0.302721,0.51689,0.124975,-0.073767,-1.170691,-0.180823,27.0,24.225,-21.075,-14.925,169.1713,-0.0314,66.1481,5.0,23.30588,48.843945,2.3532994,337.9733,NaN,0.792,44.954838,299.4,7 / 25,24378,2022-01-10 17:04:56:907
-9.566804,-0.422034,3.491128,-8.961429,-0.232004,3.976098,-0.302721,0.51689,0.124975,-0.073767,-1.170691,-0.180823,27.0,24.225,-21.075,-14.925,169.1713,-0.0314,66.1481,5.0,23.30588,48.843945,2.3532994,337.9733,NaN,0.792,44.954838,299.4,7 / 25,24382,2022-01-10 17:04:56:911
-9.566804,-0.422034,3.491128,-8.961429,-0.232004,3.976098,-0.302721,0.51689,0.124975,-0.073767,-1.170691,-0.180823,27.0,24.225,-21.075,-14.925,169.1713,-0.0314,66.1481,5.0,23.30588,48.843945,2.3532994,337.9733,NaN,0.792,44.954838,299.4,7 / 25,24388,2022-01-10 17:04:56:917
-9.566804,-0.422034,3.491128,-8.961429,-0.232004,3.976098,-0.302721,0.51689,0.124975,-0.073767,-1.170691,-0.180823,27.0,24.225,-21.075,-14.925,169.1713,-0.0314,66.1481,5.0,23.30588,48.843945,2.3532994,337.9733,NaN,0.792,44.954838,299.4,7 / 25,24393,2022-01-10 17:04:56:922
-9.566804,-0.422034,3.491128,-8.961429,-0.232004,3.976098,-0.302721,0.51689,0.124975,-0.073767,-1.170691,-0.180823,27.0,24.225,-21.075,-14.925,169.1713,-0.0314,66.1481,5.0,23.30588,48.843945,2.3532994,337.9733,NaN,0.792,44.954838,299.4,7 / 25,24398,2022-01-10 17:04:56:927
-9.566804,-0.422034,3.491128,-8.961429,-0.232004,3.976098,-0.302721,0.51689,0.124975,-0.073767,-1.170691,-0.180823,27.0,24.225,-21.075,-14.925,169.1713,-0.0314,66.1481,5.0,23.30588,48.843945,2.3532994,337.9733,NaN,0.792,44.954838,299.4,7 / 25,24402,2022-01-10 17:04:56:931
-9.566804,-0.422034,3.491128,-8.961429,-0.232004,3.976098,-0.903988,0.093831,-1.397041,-0.073767,-1.170691,-0.180823,27.0,24.225,-21.075,-14.925,169.1713,-0.0314,66.1481,5.0,23.30588,48.843945,2.3532994,337.9733,NaN,0.792,44.954838,299.4,7 / 25,24408,2022-01-10 17:04:56:937
-9.566804,-0.422034,3.491128,-8.961429,-0.232004,3.976098,-0.903988,0.093831,-1.397041,-0.073767,-1.170691,-0.180823,27.0,24.225,-21.075,-14.925,169.1713,-0.0314,66.1481,5.0,23.30588,48.843945,2.3532994,337.9733,NaN,0.792,44.954838,299.4,7 / 25,24412,2022-01-10 17:04:56:941
-9.566804,-0.422034,3.491128,-8.961429,-0.232004,3.976098,-0.903988,0.093831,-1.397041,-0.073767,-1.170691,-0.180823,27.0,24.225,-21.075,-14.925,169.1713,-0.0314,66.1481,5.0,23.30588,48.843945,2.3532994,337.9733,NaN,0.792,44.954838,299.4,7 / 25,24417,2022-01-10 17:04:56:946
-9.566804,-0.422034,3.491128,-8.961429,-0.232004,3.976098,-0.903988,0.093831,-1.397041,-0.073767,-1.170691,-0.180823,27.0,24.225,-21.075,-14.925,169.1713,-0.0314,66.1481,5.0,23.30588,48.843945,2.3532994,337.9733,NaN,0.792,44.954838,299.4,7 / 25,24423,2022-01-10 17:04:56:952
-8.368897,-0.131007,5.957231,-8.961429,-0.232004,3.976098,-0.903988,0.093831,-1.397041,-0.073767,-1.170691,-0.180823,81.0,24.225,-21.075,-14.925,169.1713,-0.0314,66.1481,5.0,23.30588,48.843945,2.3532994,337.9733,NaN,0.792,44.954838,299.4,7 / 25,24427,2022-01-10 17:04:56:956
-8.368897,-0.131007,5.957231,-8.961429,-0.232004,3.976098,-0.903988,0.093831,-1.397041,-0.073767,-1.170691,-0.180823,81.0,24.225,-21.075,-14.925,169.1713,-0.0314,66.1481,5.0,23.30588,48.843945,2.3532994,337.9733,NaN,0.792,44.954838,299.4,7 / 25,24433,2022-01-10 17:04:56:962
-8.368897,-0.131007,5.957231,-8.961429,-0.232004,3.976098,-0.903988,0.093831,-1.397041,-0.073767,-1.170691,-0.180823,81.0,24.225,-21.075,-14.925,169.1713,-0.0314,66.1481,5.0,23.30588,48.843945,2.3532994,337.9733,NaN,0.792,44.954838,299.4,7 / 25,24437,2022-01-10 17:04:56:966
-8.368897,-0.131007,5.957231,-8.961429,-0.232004,3.976098,-0.903988,0.093831,-1.397041,-0.073767,-1.170691,-0.180823,81.0,24.225,-21.075,-14.925,169.1713,-0.0314,66.1481,5.0,23.30588,48.843945,2.3532994,337.9733,NaN,0.792,44.954838,299.4,7 / 25,24443,2022-01-10 17:04:56:972
-8.368897,-0.131007,5.957231,-8.961429,-0.232004,3.976098,-0.903988,0.093831,-1.397041,-0.073767,-1.170691,-0.180823,81.0,24.225,-21.075,-14.925,169.1713,-0.0314,66.1481,5.0,23.30588,48.843945,2.3532994,337.9733,NaN,0.792,44.954838,299.4,7 / 25,24447,2022-01-10 17:04:56:976
-8.368897,-0.131007,5.957231,-8.961429,-0.232004,3.976098,-0.903988,0.093831,-1.397041,-0.073767,-1.170691,-0.180823,81.0,30.675,-20.7,-9.3,191.299,1.3556,66.0736,5.0,23.30588,48.843945,2.3532994,337.9733,NaN,0.792,44.954838,299.4,7 / 25,24452,2022-01-10 17:04:56:981
-8.368897,-0.131007,5.957231,-8.961429,-0.232004,3.976098,-0.903988,0.093831,-1.397041,-0.073767,-1.170691,-0.180823,81.0,30.675,-20.7,-9.3,191.299,1.3556,66.0736,5.0,23.30588,48.843945,2.3532994,337.9733,NaN,0.792,44.954838,299.4,7 / 25,24457,2022-01-10 17:04:56:986
-8.368897,-0.131007,5.957231,-8.961429,-0.232004,3.976098,-0.903988,0.093831,-1.397041,-0.073767,-1.170691,-0.180823,81.0,30.675,-20.7,-9.3,191.299,1.3556,66.0736,5.0,23.30588,48.843945,2.3532994,337.9733,NaN,0.792,44.954838,299.4,7 / 25,24462,2022-01-10 17:04:56:991
-8.368897,-0.131007,5.957231,-7.314085,-0.777576,6.486132,-0.903988,0.093831,-1.397041,-0.073767,-1.170691,-0.180823,81.0,30.675,-20.7,-9.3,191.299,1.3556,66.0736,5.0,23.30588,48.843945,2.3532994,337.9733,NaN,0.792,44.954838,299.4,7 / 25,24467,2022-01-10 17:04:56:996
-8.368897,-0.131007,5.957231,-7.314085,-0.777576,6.486132,-0.903988,0.093831,-1.397041,-0.073767,-1.170691,-0.180823,81.0,30.675,-20.7,-9.3,191.299,1.3556,66.0736,5.0,23.30588,48.843945,2.3532994,337.9733,NaN,0.792,44.954838,299.4,7 / 25,24473,2022-01-10 17:04:57:002
-8.368897,-0.131007,5.957231,-7.314085,-0.777576,6.486132,-0.903988,0.093831,-1.397041,-0.073767,-1.170691,-0.180823,81.0,30.675,-20.7,-9.3,191.299,1.3556,66.0736,5.0,23.30588,48.843945,2.3532994,337.9733,NaN,0.792,44.954838,299.4,7 / 25,24477,2022-01-10 17:04:57:006
-8.368897,-0.131007,5.957231,-7.314085,-0.777576,6.486132,-0.903988,0.093831,-1.397041,-0.073767,-1.170691,-0.180823,81.0,30.675,-20.7,-9.3,191.299,1.3556,66.0736,5.0,23.30588,48.843945,2.3532994,337.9733,NaN,0.792,44.954838,299.4,7 / 25,24483,2022-01-10 17:04:57:012
-8.368897,-0.131007,5.957231,-7.314085,-0.777576,6.486132,-0.903988,0.093831,-1.397041,-0.073767,-1.170691,-0.180823,81.0,30.675,-20.7,-9.3,191.299,1.3556,66.0736,5.0,23.30588,48.843945,2.3532994,337.9733,NaN,0.792,44.954838,299.4,7 / 25,24488,2022-01-10 17:04:57:017
-8.368897,-0.131007,5.957231,-7.314085,-0.777576,6.486132,-0.903988,0.093831,-1.397041,-0.073767,-1.170691,-0.180823,81.0,30.675,-20.7,-9.3,191.299,1.3556,66.0736,5.0,23.30588,48.843945,2.3532994,337.9733,NaN,0.792,44.954838,299.4,7 / 25,24492,2022-01-10 17:04:57:021
-8.368897,-0.131007,5.957231,-7.314085,-0.777576,6.486132,-0.903988,0.093831,-1.397041,-0.073767,-1.170691,-0.180823,81.0,30.675,-20.7,-9.3,191.299,1.3556,66.0736,5.0,23.30588,48.843945,2.3532994,337.9733,NaN,0.792,44.954838,299.4,7 / 25,24516,2022-01-10 17:04:57:045
-8.368897,-0.131007,5.957231,-7.314085,-0.777576,6.486132,-0.903988,0.093831,-1.397041,-0.073767,-1.170691,-0.180823,81.0,30.675,-20.7,-9.3,191.299,1.3556,66.0736,5.0,23.30588,48.843945,2.3532994,337.9733,NaN,0.792,44.954838,299.4,7 / 25,24517,2022-01-10 17:04:57:046
-8.368897,-0.131007,5.957231,-7.314085,-0.777576,6.486132,-0.903988,0.093831,-1.397041,-0.073767,-1.170691,-0.180823,81.0,30.675,-20.7,-9.3,191.299,1.3556,66.0736,5.0,23.30588,48.843945,2.3532994,337.9733,NaN,0.792,44.954838,299.4,7 / 25,24519,2022-01-10 17:04:57:048
-8.368897,-0.131007,5.957231,-7.314085,-0.777576,6.486132,-0.903988,0.093831,-1.397041,-0.073767,-1.170691,-0.180823,81.0,30.675,-20.7,-9.3,191.299,1.3556,66.0736,5.0,23.30588,48.843945,2.3532994,337.9733,NaN,0.792,44.954838,299.4,7 / 25,24519,2022-01-10 17:04:57:048
-8.368897,-0.131007,5.957231,-7.314085,-0.777576,6.486132,-0.903988,0.093831,-1.397041,-0.073767,-1.170691,-0.180823,81.0,30.675,-20.7,-9.3,191.299,1.3556,66.0736,5.0,23.30588,48.843945,2.3532994,337.9733,NaN,0.792,44.954838,299.4,7 / 25,24520,2022-01-10 17:04:57:049
-6.560521,-0.460319,8.373085,-7.314085,-0.777576,6.486132,-0.903988,0.093831,-1.397041,-0.385614,-3.703948,-0.554986,81.0,30.675,-20.7,-9.3,191.299,1.3556,66.0736,5.0,23.30588,48.843945,2.3532994,337.9733,NaN,0.792,44.954838,299.4,7 / 25,24527,2022-01-10 17:04:57:056
-6.560521,-0.460319,8.373085,-7.314085,-0.777576,6.486132,-0.903988,0.093831,-1.397041,-0.385614,-3.703948,-0.554986,81.0,30.675,-20.7,-9.3,191.299,1.3556,66.0736,5.0,23.30588,48.843945,2.3532994,337.9733,NaN,0.792,44.954838,299.4,7 / 25,24527,2022-01-10 17:04:57:056
-6.560521,-0.460319,8.373085,-7.314085,-0.777576,6.486132,-0.903988,0.093831,-1.397041,-0.385614,-3.703948,-0.554986,81.0,30.675,-20.7,-9.3,191.299,1.3556,66.0736,5.0,23.30588,48.843945,2.3532994,337.9733,NaN,0.792,44.954838,299.4,7 / 25,24533,2022-01-10 17:04:57:062
-6.560521,-0.460319,8.373085,-7.314085,-0.777576,6.486132,-0.903988,0.093831,-1.397041,-0.385614,-3.703948,-0.554986,81.0,30.675,-20.7,-9.3,191.299,1.3556,66.0736,5.0,23.30588,48.843945,2.3532994,337.9733,NaN,0.792,44.954838,299.4,7 / 25,24537,2022-01-10 17:04:57:066
-6.560521,-0.460319,8.373085,-7.314085,-0.777576,6.486132,-2.104421,0.98502,-1.097611,-0.385614,-3.703948,-0.554986,81.0,30.675,-20.7,-9.3,191.299,1.3556,66.0736,5.0,23.30588,48.843945,2.3532994,337.9733,NaN,0.792,44.954838,299.4,7 / 25,24545,2022-01-10 17:04:57:074
-6.560521,-0.460319,8.373085,-7.314085,-0.777576,6.486132,-2.104421,0.98502,-1.097611,-0.385614,-3.703948,-0.554986,81.0,30.675,-20.7,-9.3,191.299,1.3556,66.0736,5.0,23.30588,48.843945,2.3532994,337.9733,NaN,0.792,44.954838,299.4,7 / 25,24548,2022-01-10 17:04:57:077
-6.560521,-0.460319,8.373085,-7.314085,-0.777576,6.486132,-2.104421,0.98502,-1.097611,-0.385614,-3.703948,-0.554986,81.0,30.675,-20.7,-9.3,191.299,1.3556,66.0736,5.0,23.30588,48.843945,2.3532994,337.9733,NaN,0.792,44.954838,299.4,7 / 25,24552,2022-01-10 17:04:57:081
-6.560521,-0.460319,8.373085,-7.314085,-0.777576,6.486132,-2.104421,0.98502,-1.097611,-0.385614,-3.703948,-0.554986,81.0,30.675,-20.7,-9.3,191.299,1.3556,66.0736,5.0,23.30588,48.843945,2.3532994,337.9733,NaN,0.792,44.954838,299.4,7 / 25,24558,2022-01-10 17:04:57:087
-6.560521,-0.460319,8.373085,-7.314085,-0.777576,6.486132,-2.104421,0.98502,-1.097611,-0.385614,-3.703948,-0.554986,81.0,30.675,-20.7,-9.3,191.299,1.3556,66.0736,5.0,23.30588,48.843945,2.3532994,337.9733,NaN,0.792,44.954838,299.4,7 / 25,24562,2022-01-10 17:04:57:091
-6.560521,-0.460319,8.373085,-7.314085,-0.777576,6.486132,-2.104421,0.98502,-1.097611,-0.385614,-3.703948,-0.554986,81.0,30.675,-20.7,-9.3,191.299,1.3556,66.0736,5.0,23.30588,48.843945,2.3532994,337.9733,NaN,0.792,44.954838,299.4,7 / 25,24568,2022-01-10 17:04:57:097
-6.560521,-0.460319,8.373085,-7.314085,-0.777576,6.486132,-2.104421,0.98502,-1.097611,-0.385614,-3.703948,-0.554986,81.0,30.675,-20.7,-9.3,191.299,1.3556,66.0736,5.0,23.30588,48.843945,2.3532994,337.9733,NaN,0.792,44.954838,299.4,7 / 25,24573,2022-01-10 17:04:57:102
-6.560521,-0.460319,8.373085,-7.314085,-0.777576,6.486132,-2.104421,0.98502,-1.097611,-0.385614,-3.703948,-0.554986,81.0,30.675,-20.7,-9.3,191.299,1.3556,66.0736,5.0,23.30588,48.843945,2.3532994,337.9733,NaN,0.792,44.954838,299.4,7 / 25,24577,2022-01-10 17:04:57:106
-6.560521,-0.460319,8.373085,-7.314085,-0.777576,6.486132,-2.104421,0.98502,-1.097611,-0.385614,-3.703948,-0.554986,81.0,30.675,-20.7,-9.3,191.299,1.3556,66.0736,5.0,23.30588,48.843945,2.3532994,337.9733,NaN,0.792,44.954838,299.4,7 / 25,24583,2022-01-10 17:04:57:112
-6.560521,-0.460319,8.373085,-7.314085,-0.777576,6.486132,-2.104421,0.98502,-1.097611,-0.385614,-3.703948,-0.554986,81.0,30.675,-20.7,-9.3,191.299,1.3556,66.0736,5.0,23.30588,48.843945,2.3532994,337.9733,NaN,0.792,44.954838,299.4,7 / 25,24587,2022-01-10 17:04:57:116
-6.560521,-0.460319,8.373085,-7.314085,-0.777576,6.486132,-2.104421,0.98502,-1.097611,-0.385614,-3.703948,-0.554986,81.0,30.675,-20.7,-9.3,191.299,1.3556,66.0736,5.0,23.30588,48.843945,2.3532994,337.9733,NaN,0.792,44.954838,299.4,7 / 25,24593,2022-01-10 17:04:57:122
-6.560521,-0.460319,8.373085,-4.285713,-1.162596,8.74365,-2.104421,0.98502,-1.097611,-0.385614,-3.703948,-0.554986,81.0,31.125,-19.95,-9.825,210.4034,4.5478,48.4334,5.0,23.30588,48.843945,2.3532994,337.9733,NaN,0.792,44.954838,299.4,7 / 25,24597,2022-01-10 17:04:57:126
-6.560521,-0.460319,8.373085,-4.285713,-1.162596,8.74365,-2.104421,0.98502,-1.097611,-0.385614,-3.703948,-0.554986,81.0,31.125,-19.95,-9.825,210.4034,4.5478,48.4334,5.0,23.30588,48.843945,2.3532994,337.9733,NaN,0.792,44.954838,299.4,7 / 25,24603,2022-01-10 17:04:57:132
-6.560521,-0.460319,8.373085,-4.285713,-1.162596,8.74365,-2.104421,0.98502,-1.097611,-0.385614,-3.703948,-0.554986,81.0,31.125,-19.95,-9.825,210.4034,4.5478,48.4334,5.0,23.30588,48.843945,2.3532994,337.9733,NaN,0.792,44.954838,299.4,7 / 25,24607,2022-01-10 17:04:57:136
-6.560521,-0.460319,8.373085,-4.285713,-1.162596,8.74365,-2.104421,0.98502,-1.097611,-0.385614,-3.703948,-0.554986,81.0,31.125,-19.95,-9.825,210.4034,4.5478,48.4334,5.0,23.30588,48.843945,2.3532994,337.9733,NaN,0.792,44.954838,299.4,7 / 25,24613,2022-01-10 17:04:57:142
-6.560521,-0.460319,8.373085,-4.285713,-1.162596,8.74365,-2.104421,0.98502,-1.097611,-0.385614,-3.703948,-0.554986,81.0,31.125,-19.95,-9.825,210.4034,4.5478,48.4334,5.0,23.30588,48.843945,2.3532994,337.9733,NaN,0.792,44.954838,299.4,7 / 25,24618,2022-01-10 17:04:57:147
-6.560521,-0.460319,8.373085,-4.285713,-1.162596,8.74365,-2.104421,0.98502,-1.097611,-0.385614,-3.703948,-0.554986,81.0,31.125,-19.95,-9.825,210.4034,4.5478,48.4334,5.0,23.30588,48.843945,2.3532994,337.9733,NaN,0.792,44.954838,299.4,7 / 25,24622,2022-01-10 17:04:57:151
-6.560521,-0.460319,8.373085,-4.285713,-1.162596,8.74365,-2.104421,0.98502,-1.097611,-0.385614,-3.703948,-0.554986,81.0,31.125,-19.95,-9.825,210.4034,4.5478,48.4334,5.0,23.30588,48.843945,2.3532994,337.9733,NaN,0.792,44.954838,299.4,7 / 25,24628,2022-01-10 17:04:57:157
-4.149454,-1.097707,8.297412,-4.285713,-1.162596,8.74365,-2.104421,0.98502,-1.097611,-0.385614,-3.703948,-0.554986,81.0,31.125,-19.95,-9.825,210.4034,4.5478,48.4334,5.0,23.30588,48.843945,2.3532994,337.9733,NaN,0.792,44.954838,299.4,7 / 25,24632,2022-01-10 17:04:57:161
-4.149454,-1.097707,8.297412,-4.285713,-1.162596,8.74365,-2.104421,0.98502,-1.097611,-0.385614,-3.703948,-0.554986,81.0,31.125,-19.95,-9.825,210.4034,4.5478,48.4334,5.0,23.30588,48.843945,2.3532994,337.9733,NaN,0.792,44.954838,299.4,7 / 25,24638,2022-01-10 17:04:57:167
-4.149454,-1.097707,8.297412,-4.285713,-1.162596,8.74365,-2.104421,0.98502,-1.097611,-0.385614,-3.703948,-0.554986,81.0,31.125,-19.95,-9.825,210.4034,4.5478,48.4334,5.0,23.30588,48.843945,2.3532994,337.9733,NaN,0.792,44.954838,299.4,7 / 25,24644,2022-01-10 17:04:57:173
-4.149454,-1.097707,8.297412,-4.285713,-1.162596,8.74365,-2.298851,-0.821388,0.091392,-0.385614,-3.703948,-0.554986,81.0,31.125,-19.95,-9.825,210.4034,4.5478,48.4334,5.0,23.30588,48.843945,2.3532994,337.9733,NaN,0.792,44.954838,299.4,7 / 25,24648,2022-01-10 17:04:57:177
-4.149454,-1.097707,8.297412,-4.285713,-1.162596,8.74365,-2.298851,-0.821388,0.091392,-0.385614,-3.703948,-0.554986,81.0,31.125,-19.95,-9.825,210.4034,4.5478,48.4334,5.0,23.30588,48.843945,2.3532994,337.9733,NaN,0.792,44.954838,299.4,7 / 25,24653,2022-01-10 17:04:57:182
-4.149454,-1.097707,8.297412,-4.285713,-1.162596,8.74365,-2.298851,-0.821388,0.091392,-0.385614,-3.703948,-0.554986,81.0,31.125,-19.95,-9.825,210.4034,4.5478,48.4334,5.0,23.30588,48.843945,2.3532994,337.9733,NaN,0.792,44.954838,299.4,7 / 25,24658,2022-01-10 17:04:57:187
-4.149454,-1.097707,8.297412,-4.285713,-1.162596,8.74365,-2.298851,-0.821388,0.091392,-0.385614,-3.703948,-0.554986,81.0,31.125,-19.95,-9.825,210.4034,4.5478,48.4334,5.0,23.30588,48.843945,2.3532994,337.9733,NaN,0.792,44.954838,299.4,7 / 25,24663,2022-01-10 17:04:57:192
-4.149454,-1.097707,8.297412,-4.285713,-1.162596,8.74365,-2.298851,-0.821388,0.091392,-0.385614,-3.703948,-0.554986,81.0,31.125,-19.95,-9.825,210.4034,4.5478,48.4334,5.0,20.24855,48.843945,2.3532994,337.9733,NaN,0.792,44.954838,299.4,7 / 25,24667,2022-01-10 17:04:57:196
-4.149454,-1.097707,8.297412,-4.285713,-1.162596,8.74365,-2.298851,-0.821388,0.091392,-0.385614,-3.703948,-0.554986,81.0,31.125,-19.95,-9.825,210.4034,4.5478,48.4334,5.0,20.24855,48.843945,2.3532994,337.9733,NaN,0.792,44.954838,299.4,7 / 25,24674,2022-01-10 17:04:57:203
-4.149454,-1.097707,8.297412,-4.285713,-1.162596,8.74365,-2.298851,-0.821388,0.091392,-0.385614,-3.703948,-0.554986,81.0,31.125,-19.95,-9.825,210.4034,4.5478,48.4334,5.0,20.24855,48.843945,2.3532994,337.9733,NaN,0.792,44.954838,299.4,7 / 25,24678,2022-01-10 17:04:57:207
-4.149454,-1.097707,8.297412,-4.285713,-1.162596,8.74365,-2.298851,-0.821388,0.091392,-0.385614,-3.703948,-0.554986,81.0,31.125,-19.95,-9.825,210.4034,4.5478,48.4334,5.0,20.24855,48.843945,2.3532994,337.9733,NaN,0.792,44.954838,299.4,7 / 25,24683,2022-01-10 17:04:57:212
-4.149454,-1.097707,8.297412,-4.285713,-1.162596,8.74365,-2.298851,-0.821388,0.091392,-0.385614,-3.703948,-0.554986,81.0,31.125,-19.95,-9.825,210.4034,4.5478,48.4334,5.0,20.24855,48.843945,2.3532994,337.9733,NaN,0.792,44.954838,299.4,7 / 25,24689,2022-01-10 17:04:57:218
-4.149454,-1.097707,8.297412,-4.285713,-1.162596,8.74365,-2.298851,-0.821388,0.091392,-0.385614,-3.703948,-0.554986,81.0,31.125,-19.95,-9.825,210.4034,4.5478,48.4334,5.0,20.24855,48.843945,2.3532994,337.9733,NaN,0.792,44.954838,299.4,7 / 25,24692,2022-01-10 17:04:57:221
-4.149454,-1.097707,8.297412,-4.285713,-1.162596,8.74365,-2.298851,-0.821388,0.091392,-0.385614,-3.703948,-0.554986,81.0,31.125,-19.95,-9.825,210.4034,4.5478,48.4334,5.0,20.24855,48.843945,2.3532994,337.9733,NaN,0.792,44.954838,299.4,7 / 25,24698,2022-01-10 17:04:57:227
-4.149454,-1.097707,8.297412,-4.285713,-1.162596,8.74365,-2.298851,-0.821388,0.091392,-0.385614,-3.703948,-0.554986,81.0,31.125,-19.95,-9.825,210.4034,4.5478,48.4334,5.0,20.24855,48.843945,2.3532994,337.9733,NaN,0.792,44.954838,299.4,7 / 25,24703,2022-01-10 17:04:57:232
-4.149454,-1.097707,8.297412,-4.285713,-1.162596,8.74365,-2.298851,-0.821388,0.091392,-0.385614,-3.703948,-0.554986,81.0,31.125,-19.95,-9.825,210.4034,4.5478,48.4334,5.0,20.24855,48.843945,2.3532994,337.9733,NaN,0.792,44.954838,299.4,7 / 25,24708,2022-01-10 17:04:57:237
-4.149454,-1.097707,8.297412,-0.889937,-0.238924,9.763264,-2.298851,-0.821388,0.091392,0.758579,-3.544563,0.263645,81.0,31.125,-19.95,-9.825,210.4034,4.5478,48.4334,5.0,20.24855,48.843945,2.3532994,337.9733,NaN,0.792,44.954838,299.4,7 / 25,24713,2022-01-10 17:04:57:242
-4.149454,-1.097707,8.297412,-0.889937,-0.238924,9.763264,-2.298851,-0.821388,0.091392,0.758579,-3.544563,0.263645,42.0,31.125,-19.95,-9.825,210.4034,4.5478,48.4334,5.0,20.24855,48.843945,2.3532994,337.9733,NaN,0.792,44.954838,299.4,7 / 25,24718,2022-01-10 17:04:57:247
-4.149454,-1.097707,8.297412,-0.889937,-0.238924,9.763264,-2.298851,-0.821388,0.091392,0.758579,-3.544563,0.263645,42.0,31.125,-19.95,-9.825,210.4034,4.5478,48.4334,5.0,20.24855,48.843945,2.3532994,337.9733,NaN,0.792,44.954838,299.4,7 / 25,24724,2022-01-10 17:04:57:253
-4.149454,-1.097707,8.297412,-0.889937,-0.238924,9.763264,-2.298851,-0.821388,0.091392,0.758579,-3.544563,0.263645,42.0,31.125,-19.95,-9.825,210.4034,4.5478,48.4334,5.0,20.24855,48.843945,2.3532994,337.9733,NaN,0.792,44.954838,299.4,7 / 25,24728,2022-01-10 17:04:57:257
-4.149454,-1.097707,8.297412,-0.889937,-0.238924,9.763264,-2.298851,-0.821388,0.091392,0.758579,-3.544563,0.263645,42.0,31.125,-19.95,-9.825,210.4034,4.5478,48.4334,5.0,20.24855,48.843945,2.3532994,337.9733,NaN,0.792,44.954838,299.4,7 / 25,24733,2022-01-10 17:04:57:262
0.17677,-0.417248,10.287044,-0.889937,-0.238924,9.763264,-2.298851,-0.821388,0.091392,0.758579,-3.544563,0.263645,42.0,26.925,-19.125,-15.225,232.7402,1.3961,5.2082,5.0,20.24855,48.843945,2.3532994,337.9733,NaN,0.792,44.954838,299.4,7 / 25,24738,2022-01-10 17:04:57:267
0.17677,-0.417248,10.287044,-0.889937,-0.238924,9.763264,-2.298851,-0.821388,0.091392,0.758579,-3.544563,0.263645,42.0,26.925,-19.125,-15.225,232.7402,1.3961,5.2082,5.0,20.24855,48.843945,2.3532994,337.9733,NaN,0.792,44.954838,299.4,7 / 25,24743,2022-01-10 17:04:57:272
0.17677,-0.417248,10.287044,-0.889937,-0.238924,9.763264,-2.298851,-0.821388,0.091392,0.758579,-3.544563,0.263645,42.0,26.925,-19.125,-15.225,232.7402,1.3961,5.2082,5.0,20.24855,48.843945,2.3532994,337.9733,NaN,0.792,44.954838,299.4,7 / 25,24748,2022-01-10 17:04:57:277
0.17677,-0.417248,10.287044,-0.889937,-0.238924,9.763264,-2.298851,-0.821388,0.091392,0.758579,-3.544563,0.263645,42.0,26.925,-19.125,-15.225,232.7402,1.3961,5.2082,5.0,20.24855,48.843945,2.3532994,337.9733,NaN,0.792,44.954838,299.4,7 / 25,24753,2022-01-10 17:04:57:282
0.17677,-0.417248,10.287044,-0.889937,-0.238924,9.763264,-2.298851,-0.821388,0.091392,0.758579,-3.544563,0.263645,42.0,26.925,-19.125,-15.225,232.7402,1.3961,5.2082,5.0,20.24855,48.843945,2.3532994,337.9733,NaN,0.792,44.954838,299.4,7 / 25,24758,2022-01-10 17:04:57:287
0.17677,-0.417248,10.287044,-0.889937,-0.238924,9.763264,-2.298851,-0.821388,0.091392,0.758579,-3.544563,0.263645,42.0,26.925,-19.125,-15.225,232.7402,1.3961,5.2082,5.0,20.24855,48.843945,2.3532994,337.9733,NaN,0.792,44.954838,299.4,7 / 25,24763,2022-01-10 17:04:57:292
0.17677,-0.417248,10.287044,-0.889937,-0.238924,9.763264,-2.298851,-0.821388,0.091392,0.758579,-3.544563,0.263645,42.0,26.925,-19.125,-15.225,232.7402,1.3961,5.2082,5.0,20.24855,48.843945,2.3532994,337.9733,NaN,0.792,44.954838,299.4,7 / 25,24767,2022-01-10 17:04:57:296
0.17677,-0.417248,10.287044,-0.889937,-0.238924,9.763264,-2.298851,-0.821388,0.091392,0.758579,-3.544563,0.263645,42.0,26.925,-19.125,-15.225,232.7402,1.3961,5.2082,5.0,20.24855,48.843945,2.3532994,337.9733,NaN,0.792,44.954838,299.4,7 / 25,24773,2022-01-10 17:04:57:302
0.17677,-0.417248,10.287044,-0.889937,-0.238924,9.763264,-2.298851,-0.821388,0.091392,0.758579,-3.544563,0.263645,42.0,26.925,-19.125,-15.225,232.7402,1.3961,5.2082,5.0,20.24855,48.843945,2.3532994,337.9733,NaN,0.792,44.954838,299.4,7 / 25,24778,2022-01-10 17:04:57:307
0.17677,-0.417248,10.287044,-0.889937,-0.238924,9.763264,-2.298851,-0.821388,0.091392,0.758579,-3.544563,0.263645,42.0,26.925,-19.125,-15.225,232.7402,1.3961,5.2082,5.0,20.24855,48.843945,2.3532994,337.9733,NaN,0.792,44.954838,299.4,7 / 25,24783,2022-01-10 17:04:57:312
0.17677,-0.417248,10.287044,-0.889937,-0.238924,9.763264,-2.953154,-0.444626,-0.411936,0.758579,-3.544563,0.263645,42.0,26.925,-19.125,-15.225,232.7402,1.3961,5.2082,5.0,20.24855,48.843945,2.3532994,337.9733,NaN,0.792,44.954838,299.4,7 / 25,24788,2022-01-10 17:04:57:317
0.17677,-0.417248,10.287044,-0.889937,-0.238924,9.763264,-2.953154,-0.444626,-0.411936,0.758579,-3.544563,0.263645,42.0,26.925,-19.125,-15.225,232.7402,1.3961,5.2082,5.0,20.24855,48.843945,2.3532994,337.9733,NaN,0.792,44.954838,299.4,7 / 25,24793,2022-01-10 17:04:57:322
0.17677,-0.417248,10.287044,-0.889937,-0.238924,9.763264,-2.953154,-0.444626,-0.411936,0.758579,-3.544563,0.263645,42.0,26.925,-19.125,-15.225,232.7402,1.3961,5.2082,5.0,20.24855,48.843945,2.3532994,337.9733,NaN,0.792,44.954838,299.4,7 / 25,24797,2022-01-10 17:04:57:326
0.17677,-0.417248,10.287044,-0.889937,-0.238924,9.763264,-2.953154,-0.444626,-0.411936,0.758579,-3.544563,0.263645,42.0,26.925,-19.125,-15.225,232.7402,1.3961,5.2082,5.0,20.24855,48.843945,2.3532994,337.9733,NaN,0.792,44.954838,299.4,7 / 25,24803,2022-01-10 17:04:57:332
0.17677,-0.417248,10.287044,-0.889937,-0.238924,9.763264,-2.953154,-0.444626,-0.411936,0.758579,-3.544563,0.263645,42.0,26.925,-19.125,-15.225,232.7402,1.3961,5.2082,5.0,20.24855,48.843945,2.3532994,337.9733,NaN,0.792,44.954838,299.4,7 / 25,24809,2022-01-10 17:04:57:338
0.17677,-0.417248,10.287044,-0.889937,-0.238924,9.763264,-2.953154,-0.444626,-0.411936,0.758579,-3.544563,0.263645,42.0,26.925,-19.125,-15.225,232.7402,1.3961,5.2082,5.0,20.24855,48.843945,2.3532994,337.9733,NaN,0.792,44.954838,299.4,7 / 25,24812,2022-01-10 17:04:57:341
0.17677,-0.417248,10.287044,-0.889937,-0.238924,9.763264,-2.953154,-0.444626,-0.411936,0.758579,-3.544563,0.263645,42.0,26.925,-19.125,-15.225,232.7402,1.3961,5.2082,5.0,20.24855,48.843945,2.3532994,337.9733,NaN,0.792,44.954838,299.4,7 / 25,24817,2022-01-10 17:04:57:346
0.17677,-0.417248,10.287044,-0.889937,-0.238924,9.763264,-2.953154,-0.444626,-0.411936,0.758579,-3.544563,0.263645,42.0,26.925,-19.125,-15.225,232.7402,1.3961,5.2082,5.0,20.24855,48.843945,2.3532994,337.9733,NaN,0.792,44.954838,299.4,7 / 25,24823,2022-01-10 17:04:57:352
0.17677,-0.417248,10.287044,-0.889937,-0.238924,9.763264,-2.953154,-0.444626,-0.411936,0.758579,-3.544563,0.263645,42.0,26.925,-19.125,-15.225,232.7402,1.3961,5.2082,5.0,20.24855,48.843945,2.3532994,337.9733,NaN,0.792,44.954838,299.4,7 / 25,24828,2022-01-10 17:04:57:357
3.627519,-0.457926,8.62822,3.805931,-0.255132,9.034389,-2.953154,-0.444626,-0.411936,-0.337546,-3.67532,-0.176696,42.0,26.925,-19.125,-15.225,232.7402,1.3961,5.2082,5.0,20.24855,48.843945,2.3532994,337.9733,NaN,0.792,44.954838,299.4,7 / 25,24833,2022-01-10 17:04:57:362
3.627519,-0.457926,8.62822,3.805931,-0.255132,9.034389,-2.953154,-0.444626,-0.411936,-0.337546,-3.67532,-0.176696,42.0,26.925,-19.125,-15.225,232.7402,1.3961,5.2082,5.0,20.24855,48.843945,2.3532994,337.9733,NaN,0.792,44.954838,299.4,7 / 25,24838,2022-01-10 17:04:57:367
3.627519,-0.457926,8.62822,3.805931,-0.255132,9.034389,-2.953154,-0.444626,-0.411936,-0.337546,-3.67532,-0.176696,42.0,26.925,-19.125,-15.225,232.7402,1.3961,5.2082,5.0,20.24855,48.843945,2.3532994,337.9733,NaN,0.792,44.954838,299.4,7 / 25,24843,2022-01-10 17:04:57:372
3.627519,-0.457926,8.62822,3.805931,-0.255132,9.034389,-2.953154,-0.444626,-0.411936,-0.337546,-3.67532,-0.176696,42.0,26.925,-19.125,-15.225,232.7402,1.3961,5.2082,5.0,20.24855,48.843945,2.3532994,337.9733,NaN,0.792,44.954838,299.4,7 / 25,24847,2022-01-10 17:04:57:376
3.627519,-0.457926,8.62822,3.805931,-0.255132,9.034389,-2.953154,-0.444626,-0.411936,-0.337546,-3.67532,-0.176696,42.0,26.925,-19.125,-15.225,232.7402,1.3961,5.2082,5.0,20.24855,48.843945,2.3532994,337.9733,NaN,0.792,44.954838,299.4,7 / 25,24853,2022-01-10 17:04:57:382
3.627519,-0.457926,8.62822,3.805931,-0.255132,9.034389,-2.953154,-0.444626,-0.411936,-0.337546,-3.67532,-0.176696,42.0,17.25,-19.35,-22.65,231.7737,1.4908,-22.8443,5.0,20.24855,48.843945,2.3532994,337.9733,NaN,0.792,44.954838,299.4,7 / 25,24858,2022-01-10 17:04:57:387
3.627519,-0.457926,8.62822,3.805931,-0.255132,9.034389,-2.953154,-0.444626,-0.411936,-0.337546,-3.67532,-0.176696,42.0,17.25,-19.35,-22.65,231.7737,1.4908,-22.8443,5.0,20.24855,48.843945,2.3532994,337.9733,NaN,0.792,44.954838,299.4,7 / 25,24863,2022-01-10 17:04:57:392
3.627519,-0.457926,8.62822,3.805931,-0.255132,9.034389,-2.953154,-0.444626,-0.411936,-0.337546,-3.67532,-0.176696,42.0,17.25,-19.35,-22.65,231.7737,1.4908,-22.8443,5.0,20.24855,48.843945,2.3532994,337.9733,NaN,0.792,44.954838,299.4,7 / 25,24868,2022-01-10 17:04:57:397
3.627519,-0.457926,8.62822,3.805931,-0.255132,9.034389,-2.953154,-0.444626,-0.411936,-0.337546,-3.67532,-0.176696,42.0,17.25,-19.35,-22.65,231.7737,1.4908,-22.8443,5.0,20.24855,48.843945,2.3532994,337.9733,NaN,0.792,44.954838,299.4,7 / 25,24873,2022-01-10 17:04:57:402
3.627519,-0.457926,8.62822,3.805931,-0.255132,9.034389,-2.953154,-0.444626,-0.411936,-0.337546,-3.67532,-0.176696,42.0,17.25,-19.35,-22.65,231.7737,1.4908,-22.8443,5.0,20.24855,48.843945,2.3532994,337.9733,NaN,0.792,44.954838,299.4,7 / 25,24878,2022-01-10 17:04:57:407
3.627519,-0.457926,8.62822,3.805931,-0.255132,9.034389,-2.953154,-0.444626,-0.411936,-0.337546,-3.67532,-0.176696,42.0,17.25,-19.35,-22.65,231.7737,1.4908,-22.8443,5.0,20.24855,48.843945,2.3532994,337.9733,NaN,0.792,44.954838,299.4,7 / 25,24883,2022-01-10 17:04:57:412
3.627519,-0.457926,8.62822,3.805931,-0.255132,9.034389,-2.953154,-0.444626,-0.411936,-0.337546,-3.67532,-0.176696,17.0,17.25,-19.35,-22.65,231.7737,1.4908,-22.8443,5.0,20.24855,48.843945,2.3532994,337.9733,NaN,0.792,44.954838,299.4,7 / 25,24888,2022-01-10 17:04:57:417
3.627519,-0.457926,8.62822,3.805931,-0.255132,9.034389,-1.745722,-0.046646,0.750771,-0.337546,-3.67532,-0.176696,17.0,17.25,-19.35,-22.65,231.7737,1.4908,-22.8443,5.0,20.24855,48.843945,2.3532994,337.9733,NaN,0.792,44.954838,299.4,7 / 25,24894,2022-01-10 17:04:57:423
3.627519,-0.457926,8.62822,3.805931,-0.255132,9.034389,-1.745722,-0.046646,0.750771,-0.337546,-3.67532,-0.176696,17.0,17.25,-19.35,-22.65,231.7737,1.4908,-22.8443,5.0,20.24855,48.843945,2.3532994,337.9733,NaN,0.792,44.954838,299.4,7 / 25,24897,2022-01-10 17:04:57:426
3.627519,-0.457926,8.62822,3.805931,-0.255132,9.034389,-1.745722,-0.046646,0.750771,-0.337546,-3.67532,-0.176696,17.0,17.25,-19.35,-22.65,231.7737,1.4908,-22.8443,5.0,20.24855,48.843945,2.3532994,337.9733,NaN,0.792,44.954838,299.4,7 / 25,24904,2022-01-10 17:04:57:433
3.627519,-0.457926,8.62822,3.805931,-0.255132,9.034389,-1.745722,-0.046646,0.750771,-0.337546,-3.67532,-0.176696,17.0,17.25,-19.35,-22.65,231.7737,1.4908,-22.8443,5.0,20.24855,48.843945,2.3532994,337.9733,NaN,0.792,44.954838,299.4,7 / 25,24908,2022-01-10 17:04:57:437
3.627519,-0.457926,8.62822,3.805931,-0.255132,9.034389,-1.745722,-0.046646,0.750771,-0.337546,-3.67532,-0.176696,17.0,17.25,-19.35,-22.65,231.7737,1.4908,-22.8443,5.0,20.24855,48.843945,2.3532994,337.9733,NaN,0.792,44.954838,299.4,7 / 25,24914,2022-01-10 17:04:57:443
3.627519,-0.457926,8.62822,3.805931,-0.255132,9.034389,-1.745722,-0.046646,0.750771,-0.337546,-3.67532,-0.176696,17.0,17.25,-19.35,-22.65,231.7737,1.4908,-22.8443,5.0,20.24855,48.843945,2.3532994,337.9733,NaN,0.792,44.954838,299.4,7 / 25,24917,2022-01-10 17:04:57:446
3.627519,-0.457926,8.62822,3.805931,-0.255132,9.034389,-1.745722,-0.046646,0.750771,-0.337546,-3.67532,-0.176696,17.0,17.25,-19.35,-22.65,231.7737,1.4908,-22.8443,5.0,20.24855,48.843945,2.3532994,337.9733,NaN,0.792,44.954838,299.4,7 / 25,24922,2022-01-10 17:04:57:451
3.627519,-0.457926,8.62822,3.805931,-0.255132,9.034389,-1.745722,-0.046646,0.750771,-0.337546,-3.67532,-0.176696,17.0,17.25,-19.35,-22.65,231.7737,1.4908,-22.8443,5.0,20.24855,48.843945,2.3532994,337.9733,NaN,0.792,44.954838,299.4,7 / 25,24929,2022-01-10 17:04:57:458
3.627519,-0.457926,8.62822,3.805931,-0.255132,9.034389,-1.745722,-0.046646,0.750771,-0.337546,-3.67532,-0.176696,17.0,17.25,-19.35,-22.65,231.7737,1.4908,-22.8443,5.0,20.24855,48.843945,2.3532994,337.9733,NaN,0.792,44.954838,299.4,7 / 25,24932,2022-01-10 17:04:57:461
6.278168,-0.126221,7.708179,3.805931,-0.255132,9.034389,-1.745722,-0.046646,0.750771,-0.337546,-3.67532,-0.176696,17.0,17.25,-19.35,-22.65,231.7737,1.4908,-22.8443,5.0,20.24855,48.843945,2.3532994,337.9733,NaN,0.792,44.954838,299.4,7 / 25,24939,2022-01-10 17:04:57:468
6.278168,-0.126221,7.708179,3.805931,-0.255132,9.034389,-1.745722,-0.046646,0.750771,-0.337546,-3.67532,-0.176696,17.0,17.25,-19.35,-22.65,231.7737,1.4908,-22.8443,5.0,20.24855,48.843945,2.3532994,337.9733,NaN,0.792,44.954838,299.4,7 / 25,24943,2022-01-10 17:04:57:472
6.278168,-0.126221,7.708179,3.805931,-0.255132,9.034389,-1.745722,-0.046646,0.750771,-0.337546,-3.67532,-0.176696,17.0,17.25,-19.35,-22.65,231.7737,1.4908,-22.8443,5.0,20.24855,48.843945,2.3532994,337.9733,NaN,0.792,44.954838,299.4,7 / 25,24948,2022-01-10 17:04:57:477
6.278168,-0.126221,7.708179,6.733768,-0.173375,7.12718,-1.745722,-0.046646,0.750771,-0.337546,-3.67532,-0.176696,17.0,17.25,-19.35,-22.65,231.7737,1.4908,-22.8443,5.0,20.24855,48.843945,2.3532994,337.9733,NaN,0.792,44.954838,299.4,7 / 25,24952,2022-01-10 17:04:57:481
6.278168,-0.126221,7.708179,6.733768,-0.173375,7.12718,-1.745722,-0.046646,0.750771,-0.337546,-3.67532,-0.176696,17.0,17.25,-19.35,-22.65,231.7737,1.4908,-22.8443,5.0,20.24855,48.843945,2.3532994,337.9733,NaN,0.792,44.954838,299.4,7 / 25,24958,2022-01-10 17:04:57:487
6.278168,-0.126221,7.708179,6.733768,-0.173375,7.12718,-1.745722,-0.046646,0.750771,-0.337546,-3.67532,-0.176696,17.0,17.25,-19.35,-22.65,231.7737,1.4908,-22.8443,5.0,20.24855,48.843945,2.3532994,337.9733,NaN,0.792,44.954838,299.4,7 / 25,24963,2022-01-10 17:04:57:492
6.278168,-0.126221,7.708179,6.733768,-0.173375,7.12718,-1.745722,-0.046646,0.750771,0.426759,-2.617677,-0.139279,17.0,17.25,-19.35,-22.65,231.7737,1.4908,-22.8443,5.0,20.24855,48.843945,2.3532994,337.9733,NaN,0.792,44.954838,299.4,7 / 25,24968,2022-01-10 17:04:57:497
6.278168,-0.126221,7.708179,6.733768,-0.173375,7.12718,-1.745722,-0.046646,0.750771,0.426759,-2.617677,-0.139279,17.0,17.25,-19.35,-22.65,231.7737,1.4908,-22.8443,5.0,20.24855,48.843945,2.3532994,337.9733,NaN,0.792,44.954838,299.4,7 / 25,24973,2022-01-10 17:04:57:502
6.278168,-0.126221,7.708179,6.733768,-0.173375,7.12718,-1.745722,-0.046646,0.750771,0.426759,-2.617677,-0.139279,17.0,17.25,-19.35,-22.65,231.7737,1.4908,-22.8443,5.0,20.24855,48.843945,2.3532994,337.9733,NaN,0.792,44.954838,299.4,7 / 25,24979,2022-01-10 17:04:57:508
6.278168,-0.126221,7.708179,6.733768,-0.173375,7.12718,-1.745722,-0.046646,0.750771,0.426759,-2.617677,-0.139279,17.0,17.25,-19.35,-22.65,231.7737,1.4908,-22.8443,5.0,24.32158,48.843945,2.3532994,337.9733,NaN,0.792,44.954838,299.4,7 / 25,24984,2022-01-10 17:04:57:513
6.278168,-0.126221,7.708179,6.733768,-0.173375,7.12718,-1.745722,-0.046646,0.750771,0.426759,-2.617677,-0.139279,17.0,17.25,-19.35,-22.65,231.7737,1.4908,-22.8443,5.0,24.32158,48.843945,2.3532994,337.9733,NaN,0.792,44.954838,299.4,7 / 25,24989,2022-01-10 17:04:57:518
6.278168,-0.126221,7.708179,6.733768,-0.173375,7.12718,-1.745722,-0.046646,0.750771,0.426759,-2.617677,-0.139279,17.0,17.25,-19.35,-22.65,231.7737,1.4908,-22.8443,5.0,24.32158,48.843945,2.3532994,337.9733,NaN,0.792,44.954838,299.4,7 / 25,24993,2022-01-10 17:04:57:522
6.278168,-0.126221,7.708179,6.733768,-0.173375,7.12718,-1.745722,-0.046646,0.750771,0.426759,-2.617677,-0.139279,17.0,4.725,-20.175,-27.3,227.5538,1.013,-43.3742,5.0,24.32158,48.843945,2.3532994,337.9733,NaN,0.792,44.954838,299.4,7 / 25,24997,2022-01-10 17:04:57:526
6.278168,-0.126221,7.708179,6.733768,-0.173375,7.12718,-1.745722,-0.046646,0.750771,0.426759,-2.617677,-0.139279,17.0,4.725,-20.175,-27.3,227.5538,1.013,-43.3742,5.0,24.32158,48.843945,2.3532994,337.9733,NaN,0.792,44.954838,299.4,7 / 25,25005,2022-01-10 17:04:57:534
6.278168,-0.126221,7.708179,6.733768,-0.173375,7.12718,-1.745722,-0.046646,0.750771,0.426759,-2.617677,-0.139279,17.0,4.725,-20.175,-27.3,227.5538,1.013,-43.3742,5.0,24.32158,48.843945,2.3532994,337.9733,NaN,0.792,44.954838,299.4,7 / 25,25011,2022-01-10 17:04:57:540
6.278168,-0.126221,7.708179,6.733768,-0.173375,7.12718,-1.745722,-0.046646,0.750771,0.426759,-2.617677,-0.139279,17.0,4.725,-20.175,-27.3,227.5538,1.013,-43.3742,5.0,24.32158,48.843945,2.3532994,337.9733,NaN,0.792,44.954838,299.4,7 / 25,25014,2022-01-10 17:04:57:543
6.278168,-0.126221,7.708179,6.733768,-0.173375,7.12718,-1.745722,-0.046646,0.750771,0.426759,-2.617677,-0.139279,17.0,4.725,-20.175,-27.3,227.5538,1.013,-43.3742,5.0,24.32158,48.843945,2.3532994,337.9733,NaN,0.792,44.954838,299.4,7 / 25,25018,2022-01-10 17:04:57:547
8.046166,0.254537,5.366802,6.733768,-0.173375,7.12718,-0.796347,-0.262249,0.865596,0.426759,-2.617677,-0.139279,17.0,4.725,-20.175,-27.3,227.5538,1.013,-43.3742,5.0,24.32158,48.843945,2.3532994,337.9733,NaN,0.792,44.954838,299.4,7 / 25,25024,2022-01-10 17:04:57:553
8.046166,0.254537,5.366802,6.733768,-0.173375,7.12718,-0.796347,-0.262249,0.865596,0.426759,-2.617677,-0.139279,17.0,4.725,-20.175,-27.3,227.5538,1.013,-43.3742,5.0,24.32158,48.843945,2.3532994,337.9733,NaN,0.792,44.954838,299.4,7 / 25,25029,2022-01-10 17:04:57:558
8.046166,0.254537,5.366802,6.733768,-0.173375,7.12718,-0.796347,-0.262249,0.865596,0.426759,-2.617677,-0.139279,17.0,4.725,-20.175,-27.3,227.5538,1.013,-43.3742,5.0,24.32158,48.843945,2.3532994,337.9733,NaN,0.792,44.954838,299.4,7 / 25,25032,2022-01-10 17:04:57:561
8.046166,0.254537,5.366802,6.733768,-0.173375,7.12718,-0.796347,-0.262249,0.865596,0.426759,-2.617677,-0.139279,17.0,4.725,-20.175,-27.3,227.5538,1.013,-43.3742,5.0,24.32158,48.843945,2.3532994,337.9733,NaN,0.792,44.954838,299.4,7 / 25,25038,2022-01-10 17:04:57:567
8.046166,0.254537,5.366802,6.733768,-0.173375,7.12718,-0.796347,-0.262249,0.865596,0.426759,-2.617677,-0.139279,17.0,4.725,-20.175,-27.3,227.5538,1.013,-43.3742,5.0,24.32158,48.843945,2.3532994,337.9733,NaN,0.792,44.954838,299.4,7 / 25,25043,2022-01-10 17:04:57:572
8.046166,0.254537,5.366802,6.733768,-0.173375,7.12718,-0.796347,-0.262249,0.865596,0.426759,-2.617677,-0.139279,17.0,4.725,-20.175,-27.3,227.5538,1.013,-43.3742,5.0,24.32158,48.843945,2.3532994,337.9733,NaN,0.792,44.954838,299.4,7 / 25,25047,2022-01-10 17:04:57:576
8.046166,0.254537,5.366802,6.733768,-0.173375,7.12718,-0.796347,-0.262249,0.865596,0.426759,-2.617677,-0.139279,17.0,4.725,-20.175,-27.3,227.5538,1.013,-43.3742,5.0,24.32158,48.843945,2.3532994,337.9733,NaN,0.792,44.954838,299.4,7 / 25,25053,2022-01-10 17:04:57:582
8.046166,0.254537,5.366802,6.733768,-0.173375,7.12718,-0.796347,-0.262249,0.865596,0.426759,-2.617677,-0.139279,17.0,4.725,-20.175,-27.3,227.5538,1.013,-43.3742,5.0,24.32158,48.843945,2.3532994,337.9733,NaN,0.792,44.954838,299.4,7 / 25,25058,2022-01-10 17:04:57:587
8.046166,0.254537,5.366802,6.733768,-0.173375,7.12718,-0.796347,-0.262249,0.865596,0.426759,-2.617677,-0.139279,17.0,4.725,-20.175,-27.3,227.5538,1.013,-43.3742,5.0,24.32158,48.843945,2.3532994,337.9733,NaN,0.792,44.954838,299.4,7 / 25,25063,2022-01-10 17:04:57:592
8.046166,0.254537,5.366802,6.733768,-0.173375,7.12718,-0.796347,-0.262249,0.865596,0.426759,-2.617677,-0.139279,17.0,4.725,-20.175,-27.3,227.5538,1.013,-43.3742,5.0,24.32158,48.843945,2.3532994,337.9733,NaN,0.792,44.954838,299.4,7 / 25,25067,2022-01-10 17:04:57:596
8.046166,0.254537,5.366802,6.733768,-0.173375,7.12718,-0.796347,-0.262249,0.865596,0.426759,-2.617677,-0.139279,17.0,4.725,-20.175,-27.3,227.5538,1.013,-43.3742,5.0,24.32158,48.843945,2.3532994,337.9733,NaN,0.792,44.954838,299.4,7 / 25,25072,2022-01-10 17:04:57:601
8.046166,0.254537,5.366802,8.505824,-0.216059,4.875929,-0.796347,-0.262249,0.865596,0.426759,-2.617677,-0.139279,17.0,4.725,-20.175,-27.3,227.5538,1.013,-43.3742,5.0,24.32158,48.843945,2.3532994,337.9733,NaN,0.792,44.954838,299.4,7 / 25,25078,2022-01-10 17:04:57:607
8.046166,0.254537,5.366802,8.505824,-0.216059,4.875929,-0.796347,-0.262249,0.865596,0.426759,-2.617677,-0.139279,17.0,4.725,-20.175,-27.3,227.5538,1.013,-43.3742,5.0,24.32158,48.843945,2.3532994,337.9733,NaN,0.792,44.954838,299.4,7 / 25,25082,2022-01-10 17:04:57:611
8.046166,0.254537,5.366802,8.505824,-0.216059,4.875929,-0.796347,-0.262249,0.865596,0.426759,-2.617677,-0.139279,17.0,4.725,-20.175,-27.3,227.5538,1.013,-43.3742,5.0,24.32158,48.843945,2.3532994,337.9733,NaN,0.792,44.954838,299.4,7 / 25,25088,2022-01-10 17:04:57:617
8.046166,0.254537,5.366802,8.505824,-0.216059,4.875929,-0.796347,-0.262249,0.865596,-0.142209,-1.817554,-0.01225,17.0,4.725,-20.175,-27.3,227.5538,1.013,-43.3742,5.0,24.32158,48.843945,2.3532994,337.9733,NaN,0.792,44.954838,299.4,7 / 25,25093,2022-01-10 17:04:57:622
8.046166,0.254537,5.366802,8.505824,-0.216059,4.875929,-0.796347,-0.262249,0.865596,-0.142209,-1.817554,-0.01225,17.0,4.725,-20.175,-27.3,227.5538,1.013,-43.3742,5.0,24.32158,48.843945,2.3532994,337.9733,NaN,0.792,44.954838,299.4,7 / 25,25098,2022-01-10 17:04:57:627
8.046166,0.254537,5.366802,8.505824,-0.216059,4.875929,-0.796347,-0.262249,0.865596,-0.142209,-1.817554,-0.01225,17.0,4.725,-20.175,-27.3,227.5538,1.013,-43.3742,5.0,24.32158,48.843945,2.3532994,337.9733,NaN,0.792,44.954838,299.4,7 / 25,25103,2022-01-10 17:04:57:632
8.046166,0.254537,5.366802,8.505824,-0.216059,4.875929,-0.796347,-0.262249,0.865596,-0.142209,-1.817554,-0.01225,17.0,4.725,-20.175,-27.3,227.5538,1.013,-43.3742,5.0,24.32158,48.843945,2.3532994,337.9733,NaN,0.792,44.954838,299.4,7 / 25,25107,2022-01-10 17:04:57:636
8.046166,0.254537,5.366802,8.505824,-0.216059,4.875929,-0.796347,-0.262249,0.865596,-0.142209,-1.817554,-0.01225,17.0,4.725,-20.175,-27.3,227.5538,1.013,-43.3742,5.0,24.32158,48.843945,2.3532994,337.9733,NaN,0.792,44.954838,299.4,7 / 25,25113,2022-01-10 17:04:57:642
8.046166,0.254537,5.366802,8.505824,-0.216059,4.875929,-0.796347,-0.262249,0.865596,-0.142209,-1.817554,-0.01225,17.0,4.725,-20.175,-27.3,227.5538,1.013,-43.3742,5.0,24.32158,48.843945,2.3532994,337.9733,NaN,0.792,44.954838,299.4,7 / 25,25117,2022-01-10 17:04:57:646
8.046166,0.254537,5.366802,8.505824,-0.216059,4.875929,-0.796347,-0.262249,0.865596,-0.142209,-1.817554,-0.01225,17.0,4.725,-20.175,-27.3,227.5538,1.013,-43.3742,5.0,24.32158,48.843945,2.3532994,337.9733,NaN,0.792,44.954838,299.4,7 / 25,25124,2022-01-10 17:04:57:653
8.600702,-0.59342,3.736692,8.505824,-0.216059,4.875929,-0.796347,-0.262249,0.865596,-0.142209,-1.817554,-0.01225,13.0,4.725,-20.175,-27.3,227.5538,1.013,-43.3742,5.0,24.32158,48.843945,2.3532994,337.9733,NaN,0.792,44.954838,299.4,7 / 25,25127,2022-01-10 17:04:57:656
8.600702,-0.59342,3.736692,8.505824,-0.216059,4.875929,-0.337138,0.607343,0.011678,-0.142209,-1.817554,-0.01225,13.0,-8.4,-21.075,-26.775,222.2025,1.2624,-60.1767,5.0,24.32158,48.843945,2.3532994,337.9733,NaN,0.792,44.954838,299.4,7 / 25,25136,2022-01-10 17:04:57:665
8.600702,-0.59342,3.736692,8.505824,-0.216059,4.875929,-0.337138,0.607343,0.011678,-0.142209,-1.817554,-0.01225,13.0,-8.4,-21.075,-26.775,222.2025,1.2624,-60.1767,5.0,24.32158,48.843945,2.3532994,337.9733,NaN,0.792,44.954838,299.4,7 / 25,25137,2022-01-10 17:04:57:666
8.600702,-0.59342,3.736692,8.505824,-0.216059,4.875929,-0.337138,0.607343,0.011678,-0.142209,-1.817554,-0.01225,13.0,-8.4,-21.075,-26.775,222.2025,1.2624,-60.1767,5.0,24.32158,48.843945,2.3532994,337.9733,NaN,0.792,44.954838,299.4,7 / 25,25144,2022-01-10 17:04:57:673
8.600702,-0.59342,3.736692,8.505824,-0.216059,4.875929,-0.337138,0.607343,0.011678,-0.142209,-1.817554,-0.01225,13.0,-8.4,-21.075,-26.775,222.2025,1.2624,-60.1767,5.0,24.32158,48.843945,2.3532994,337.9733,NaN,0.792,44.954838,299.4,7 / 25,25147,2022-01-10 17:04:57:676
8.600702,-0.59342,3.736692,8.505824,-0.216059,4.875929,-0.337138,0.607343,0.011678,-0.142209,-1.817554,-0.01225,13.0,-8.4,-21.075,-26.775,222.2025,1.2624,-60.1767,5.0,24.32158,48.843945,2.3532994,337.9733,NaN,0.792,44.954838,299.4,7 / 25,25153,2022-01-10 17:04:57:682
8.600702,-0.59342,3.736692,8.505824,-0.216059,4.875929,-0.337138,0.607343,0.011678,-0.142209,-1.817554,-0.01225,13.0,-8.4,-21.075,-26.775,222.2025,1.2624,-60.1767,5.0,24.32158,48.843945,2.3532994,337.9733,NaN,0.792,44.954838,299.4,7 / 25,25158,2022-01-10 17:04:57:687
8.600702,-0.59342,3.736692,8.505824,-0.216059,4.875929,-0.337138,0.607343,0.011678,-0.142209,-1.817554,-0.01225,13.0,-8.4,-21.075,-26.775,222.2025,1.2624,-60.1767,5.0,24.32158,48.843945,2.3532994,337.9733,NaN,0.792,44.954838,299.4,7 / 25,25163,2022-01-10 17:04:57:692
8.600702,-0.59342,3.736692,8.505824,-0.216059,4.875929,-0.337138,0.607343,0.011678,-0.142209,-1.817554,-0.01225,13.0,-8.4,-21.075,-26.775,222.2025,1.2624,-60.1767,5.0,24.32158,48.843945,2.3532994,337.9733,NaN,0.792,44.954838,299.4,7 / 25,25169,2022-01-10 17:04:57:698
8.600702,-0.59342,3.736692,8.505824,-0.216059,4.875929,-0.337138,0.607343,0.011678,-0.142209,-1.817554,-0.01225,13.0,-8.4,-21.075,-26.775,222.2025,1.2624,-60.1767,5.0,24.32158,48.843945,2.3532994,337.9733,NaN,0.792,44.954838,299.4,7 / 25,25173,2022-01-10 17:04:57:702
8.600702,-0.59342,3.736692,8.505824,-0.216059,4.875929,-0.337138,0.607343,0.011678,-0.142209,-1.817554,-0.01225,13.0,-8.4,-21.075,-26.775,222.2025,1.2624,-60.1767,5.0,24.32158,48.843945,2.3532994,337.9733,NaN,0.792,44.954838,299.4,7 / 25,25178,2022-01-10 17:04:57:707
8.600702,-0.59342,3.736692,8.505824,-0.216059,4.875929,-0.337138,0.607343,0.011678,-0.142209,-1.817554,-0.01225,13.0,-8.4,-21.075,-26.775,222.2025,1.2624,-60.1767,5.0,24.32158,48.843945,2.3532994,337.9733,NaN,0.792,44.954838,299.4,7 / 25,25184,2022-01-10 17:04:57:713
8.600702,-0.59342,3.736692,8.505824,-0.216059,4.875929,-0.337138,0.607343,0.011678,-0.142209,-1.817554,-0.01225,13.0,-8.4,-21.075,-26.775,222.2025,1.2624,-60.1767,5.0,24.32158,48.843945,2.3532994,337.9733,NaN,0.792,44.954838,299.4,7 / 25,25188,2022-01-10 17:04:57:717
8.600702,-0.59342,3.736692,8.505824,-0.216059,4.875929,-0.337138,0.607343,0.011678,-0.142209,-1.817554,-0.01225,13.0,-8.4,-21.075,-26.775,222.2025,1.2624,-60.1767,5.0,24.32158,48.843945,2.3532994,337.9733,NaN,0.792,44.954838,299.4,7 / 25,25193,2022-01-10 17:04:57:722
8.600702,-0.59342,3.736692,9.277813,-0.033589,3.176704,-0.337138,0.607343,0.011678,-0.142209,-1.817554,-0.01225,13.0,-8.4,-21.075,-26.775,222.2025,1.2624,-60.1767,5.0,24.32158,48.843945,2.3532994,337.9733,NaN,0.792,44.954838,299.4,7 / 25,25198,2022-01-10 17:04:57:727
8.600702,-0.59342,3.736692,9.277813,-0.033589,3.176704,-0.337138,0.607343,0.011678,-0.142209,-1.817554,-0.01225,13.0,-8.4,-21.075,-26.775,222.2025,1.2624,-60.1767,5.0,24.32158,48.843945,2.3532994,337.9733,NaN,0.792,44.954838,299.4,7 / 25,25203,2022-01-10 17:04:57:732
8.600702,-0.59342,3.736692,9.277813,-0.033589,3.176704,-0.337138,0.607343,0.011678,-0.142209,-1.817554,-0.01225,13.0,-8.4,-21.075,-26.775,222.2025,1.2624,-60.1767,5.0,24.32158,48.843945,2.3532994,337.9733,NaN,0.792,44.954838,299.4,7 / 25,25208,2022-01-10 17:04:57:737
8.600702,-0.59342,3.736692,9.277813,-0.033589,3.176704,-0.337138,0.607343,0.011678,-0.142209,-1.817554,-0.01225,13.0,-8.4,-21.075,-26.775,222.2025,1.2624,-60.1767,5.0,24.32158,48.843945,2.3532994,337.9733,NaN,0.792,44.954838,299.4,7 / 25,25213,2022-01-10 17:04:57:742
8.600702,-0.59342,3.736692,9.277813,-0.033589,3.176704,-0.337138,0.607343,0.011678,-0.142209,-1.817554,-0.01225,13.0,-8.4,-21.075,-26.775,222.2025,1.2624,-60.1767,5.0,24.32158,48.843945,2.3532994,337.9733,NaN,0.792,44.954838,299.4,7 / 25,25217,2022-01-10 17:04:57:746
8.600702,-0.59342,3.736692,9.277813,-0.033589,3.176704,-0.337138,0.607343,0.011678,-0.142209,-1.817554,-0.01225,13.0,-8.4,-21.075,-26.775,222.2025,1.2624,-60.1767,5.0,24.32158,48.843945,2.3532994,337.9733,NaN,0.792,44.954838,299.4,7 / 25,25223,2022-01-10 17:04:57:752
8.600702,-0.59342,3.736692,9.277813,-0.033589,3.176704,-0.337138,0.607343,0.011678,-0.142209,-1.817554,-0.01225,13.0,-8.4,-21.075,-26.775,222.2025,1.2624,-60.1767,5.0,24.32158,48.843945,2.3532994,337.9733,NaN,0.792,44.954838,299.4,7 / 25,25228,2022-01-10 17:04:57:757
9.436694,-0.097508,1.397408,9.277813,-0.033589,3.176704,-0.337138,0.607343,0.011678,-0.519035,-2.470542,0.316507,13.0,-8.4,-21.075,-26.775,222.2025,1.2624,-60.1767,5.0,24.32158,48.843945,2.3532994,337.9733,NaN,0.792,44.954838,299.4,7 / 25,25232,2022-01-10 17:04:57:761
9.436694,-0.097508,1.397408,9.277813,-0.033589,3.176704,-0.337138,0.607343,0.011678,-0.519035,-2.470542,0.316507,13.0,-8.4,-21.075,-26.775,222.2025,1.2624,-60.1767,5.0,24.32158,48.843945,2.3532994,337.9733,NaN,0.792,44.954838,299.4,7 / 25,25239,2022-01-10 17:04:57:768
9.436694,-0.097508,1.397408,9.277813,-0.033589,3.176704,-0.337138,0.607343,0.011678,-0.519035,-2.470542,0.316507,13.0,-8.4,-21.075,-26.775,222.2025,1.2624,-60.1767,5.0,24.32158,48.843945,2.3532994,337.9733,NaN,0.792,44.954838,299.4,7 / 25,25243,2022-01-10 17:04:57:772
9.436694,-0.097508,1.397408,9.277813,-0.033589,3.176704,-0.337138,0.607343,0.011678,-0.519035,-2.470542,0.316507,13.0,-8.4,-21.075,-26.775,222.2025,1.2624,-60.1767,5.0,24.32158,48.843945,2.3532994,337.9733,NaN,0.792,44.954838,299.4,7 / 25,25248,2022-01-10 17:04:57:777
9.436694,-0.097508,1.397408,9.277813,-0.033589,3.176704,-0.337138,0.607343,0.011678,-0.519035,-2.470542,0.316507,13.0,-8.4,-21.075,-26.775,222.2025,1.2624,-60.1767,5.0,24.32158,48.843945,2.3532994,337.9733,NaN,0.792,44.954838,299.4,7 / 25,25252,2022-01-10 17:04:57:781
9.436694,-0.097508,1.397408,9.277813,-0.033589,3.176704,-0.337138,0.607343,0.011678,-0.519035,-2.470542,0.316507,13.0,-19.95,-21.525,-22.425,212.9821,0.1962,-71.0989,5.0,24.32158,48.843945,2.3532994,337.9733,NaN,0.792,44.954838,299.4,7 / 25,25258,2022-01-10 17:04:57:787
9.436694,-0.097508,1.397408,9.277813,-0.033589,3.176704,-0.337138,0.607343,0.011678,-0.519035,-2.470542,0.316507,13.0,-19.95,-21.525,-22.425,212.9821,0.1962,-71.0989,5.0,24.32158,48.843945,2.3532994,337.9733,NaN,0.792,44.954838,299.4,7 / 25,25262,2022-01-10 17:04:57:791
9.436694,-0.097508,1.397408,9.277813,-0.033589,3.176704,-0.337138,0.607343,0.011678,-0.519035,-2.470542,0.316507,13.0,-19.95,-21.525,-22.425,212.9821,0.1962,-71.0989,5.0,24.32158,48.843945,2.3532994,337.9733,NaN,0.792,44.954838,299.4,7 / 25,25268,2022-01-10 17:04:57:797
9.436694,-0.097508,1.397408,9.277813,-0.033589,3.176704,-0.206675,0.130229,0.877213,-0.519035,-2.470542,0.316507,13.0,-19.95,-21.525,-22.425,212.9821,0.1962,-71.0989,5.0,24.32158,48.843945,2.3532994,337.9733,NaN,0.792,44.954838,299.4,7 / 25,25272,2022-01-10 17:04:57:801
9.436694,-0.097508,1.397408,9.277813,-0.033589,3.176704,-0.206675,0.130229,0.877213,-0.519035,-2.470542,0.316507,13.0,-19.95,-21.525,-22.425,212.9821,0.1962,-71.0989,5.0,24.32158,48.843945,2.3532994,337.9733,NaN,0.792,44.954838,299.4,7 / 25,25277,2022-01-10 17:04:57:806
9.436694,-0.097508,1.397408,9.277813,-0.033589,3.176704,-0.206675,0.130229,0.877213,-0.519035,-2.470542,0.316507,13.0,-19.95,-21.525,-22.425,212.9821,0.1962,-71.0989,5.0,24.32158,48.843945,2.3532994,337.9733,NaN,0.792,44.954838,299.4,7 / 25,25283,2022-01-10 17:04:57:812
9.436694,-0.097508,1.397408,9.277813,-0.033589,3.176704,-0.206675,0.130229,0.877213,-0.519035,-2.470542,0.316507,13.0,-19.95,-21.525,-22.425,212.9821,0.1962,-71.0989,5.0,24.32158,48.843945,2.3532994,337.9733,NaN,0.792,44.954838,299.4,7 / 25,25288,2022-01-10 17:04:57:817
9.436694,-0.097508,1.397408,9.277813,-0.033589,3.176704,-0.206675,0.130229,0.877213,-0.519035,-2.470542,0.316507,13.0,-19.95,-21.525,-22.425,212.9821,0.1962,-71.0989,5.0,24.32158,48.843945,2.3532994,337.9733,NaN,0.792,44.954838,299.4,7 / 25,25293,2022-01-10 17:04:57:822
9.436694,-0.097508,1.397408,9.277813,-0.033589,3.176704,-0.206675,0.130229,0.877213,-0.519035,-2.470542,0.316507,13.0,-19.95,-21.525,-22.425,212.9821,0.1962,-71.0989,5.0,24.32158,48.843945,2.3532994,337.9733,NaN,0.792,44.954838,299.4,7 / 25,25298,2022-01-10 17:04:57:827
9.436694,-0.097508,1.397408,9.277813,-0.033589,3.176704,-0.206675,0.130229,0.877213,-0.519035,-2.470542,0.316507,9.0,-19.95,-21.525,-22.425,212.9821,0.1962,-71.0989,5.0,24.32158,48.843945,2.3532994,337.9733,NaN,0.792,44.954838,299.4,7 / 25,25303,2022-01-10 17:04:57:832
9.436694,-0.097508,1.397408,9.277813,-0.033589,3.176704,-0.206675,0.130229,0.877213,-0.519035,-2.470542,0.316507,9.0,-19.95,-21.525,-22.425,212.9821,0.1962,-71.0989,5.0,24.32158,48.843945,2.3532994,337.9733,NaN,0.792,44.954838,299.4,7 / 25,25307,2022-01-10 17:04:57:836
9.436694,-0.097508,1.397408,9.277813,-0.033589,3.176704,-0.206675,0.130229,0.877213,-0.519035,-2.470542,0.316507,9.0,-19.95,-21.525,-22.425,212.9821,0.1962,-71.0989,5.0,24.32158,48.843945,2.3532994,337.9733,NaN,0.792,44.954838,299.4,7 / 25,25313,2022-01-10 17:04:57:842
9.436694,-0.097508,1.397408,9.277813,-0.033589,3.176704,-0.206675,0.130229,0.877213,-0.519035,-2.470542,0.316507,9.0,-19.95,-21.525,-22.425,212.9821,0.1962,-71.0989,5.0,25.51306,48.843945,2.3532994,337.9733,NaN,0.792,44.954838,299.4,7 / 25,25317,2022-01-10 17:04:57:846
9.436694,-0.097508,1.397408,9.277813,-0.033589,3.176704,-0.206675,0.130229,0.877213,-0.519035,-2.470542,0.316507,9.0,-19.95,-21.525,-22.425,212.9821,0.1962,-71.0989,5.0,25.51306,48.843945,2.3532994,337.9733,NaN,0.792,44.954838,299.4,7 / 25,25324,2022-01-10 17:04:57:853
8.609076,-0.5001,-0.987338,9.791498,-0.448269,-0.309822,-0.206675,0.130229,0.877213,-0.519035,-2.470542,0.316507,9.0,-19.95,-21.525,-22.425,212.9821,0.1962,-71.0989,5.0,25.51306,48.843945,2.3532994,337.9733,NaN,0.792,44.954838,299.4,7 / 25,25328,2022-01-10 17:04:57:857
8.609076,-0.5001,-0.987338,9.791498,-0.448269,-0.309822,-0.206675,0.130229,0.877213,-0.519035,-2.470542,0.316507,9.0,-19.95,-21.525,-22.425,212.9821,0.1962,-71.0989,5.0,25.51306,48.843945,2.3532994,337.9733,NaN,0.792,44.954838,299.4,7 / 25,25334,2022-01-10 17:04:57:863
8.609076,-0.5001,-0.987338,9.791498,-0.448269,-0.309822,-0.206675,0.130229,0.877213,-0.519035,-2.470542,0.316507,9.0,-19.95,-21.525,-22.425,212.9821,0.1962,-71.0989,5.0,25.51306,48.843945,2.3532994,337.9733,NaN,0.792,44.954838,299.4,7 / 25,25338,2022-01-10 17:04:57:867
8.609076,-0.5001,-0.987338,9.791498,-0.448269,-0.309822,-0.206675,0.130229,0.877213,-0.519035,-2.470542,0.316507,9.0,-19.95,-21.525,-22.425,212.9821,0.1962,-71.0989,5.0,25.51306,48.843945,2.3532994,337.9733,NaN,0.792,44.954838,299.4,7 / 25,25343,2022-01-10 17:04:57:872
8.609076,-0.5001,-0.987338,9.791498,-0.448269,-0.309822,-0.206675,0.130229,0.877213,-0.519035,-2.470542,0.316507,9.0,-19.95,-21.525,-22.425,212.9821,0.1962,-71.0989,5.0,25.51306,48.843945,2.3532994,337.9733,NaN,0.792,44.954838,299.4,7 / 25,25347,2022-01-10 17:04:57:876
8.609076,-0.5001,-0.987338,9.791498,-0.448269,-0.309822,-0.206675,0.130229,0.877213,-0.519035,-2.470542,0.316507,9.0,-19.95,-21.525,-22.425,212.9821,0.1962,-71.0989,5.0,25.51306,48.843945,2.3532994,337.9733,NaN,0.792,44.954838,299.4,7 / 25,25353,2022-01-10 17:04:57:882
8.609076,-0.5001,-0.987338,9.791498,-0.448269,-0.309822,-0.206675,0.130229,0.877213,-0.519035,-2.470542,0.316507,9.0,-19.95,-21.525,-22.425,212.9821,0.1962,-71.0989,5.0,25.51306,48.843945,2.3532994,337.9733,NaN,0.792,44.954838,299.4,7 / 25,25357,2022-01-10 17:04:57:886
8.609076,-0.5001,-0.987338,9.791498,-0.448269,-0.309822,-0.206675,0.130229,0.877213,-0.165511,-3.883839,0.892,9.0,-19.95,-21.525,-22.425,212.9821,0.1962,-71.0989,5.0,25.51306,48.843945,2.3532994,337.9733,NaN,0.792,44.954838,299.4,7 / 25,25363,2022-01-10 17:04:57:892
8.609076,-0.5001,-0.987338,9.791498,-0.448269,-0.309822,-0.206675,0.130229,0.877213,-0.165511,-3.883839,0.892,9.0,-19.95,-21.525,-22.425,212.9821,0.1962,-71.0989,5.0,25.51306,48.843945,2.3532994,337.9733,NaN,0.792,44.954838,299.4,7 / 25,25367,2022-01-10 17:04:57:896
8.609076,-0.5001,-0.987338,9.791498,-0.448269,-0.309822,-0.206675,0.130229,0.877213,-0.165511,-3.883839,0.892,9.0,-19.95,-21.525,-22.425,212.9821,0.1962,-71.0989,5.0,25.51306,48.843945,2.3532994,337.9733,NaN,0.792,44.954838,299.4,7 / 25,25374,2022-01-10 17:04:57:903
8.609076,-0.5001,-0.987338,9.791498,-0.448269,-0.309822,-0.206675,0.130229,0.877213,-0.165511,-3.883839,0.892,9.0,-19.95,-21.525,-22.425,212.9821,0.1962,-71.0989,5.0,25.51306,48.843945,2.3532994,337.9733,NaN,0.792,44.954838,299.4,7 / 25,25378,2022-01-10 17:04:57:907
8.609076,-0.5001,-0.987338,9.791498,-0.448269,-0.309822,-0.206675,0.130229,0.877213,-0.165511,-3.883839,0.892,9.0,-19.95,-21.525,-22.425,212.9821,0.1962,-71.0989,5.0,25.51306,48.843945,2.3532994,337.9733,NaN,0.792,44.954838,299.4,7 / 25,25384,2022-01-10 17:04:57:913
8.609076,-0.5001,-0.987338,9.791498,-0.448269,-0.309822,0.37146,0.613373,1.971319,-0.165511,-3.883839,0.892,9.0,-19.95,-21.525,-22.425,212.9821,0.1962,-71.0989,5.0,25.51306,48.843945,2.3532994,337.9733,NaN,0.792,44.954838,299.4,7 / 25,25387,2022-01-10 17:04:57:916
8.609076,-0.5001,-0.987338,9.791498,-0.448269,-0.309822,0.37146,0.613373,1.971319,-0.165511,-3.883839,0.892,9.0,-19.95,-21.525,-22.425,212.9821,0.1962,-71.0989,5.0,25.51306,48.843945,2.3532994,337.9733,NaN,0.792,44.954838,299.4,7 / 25,25394,2022-01-10 17:04:57:923
8.609076,-0.5001,-0.987338,9.791498,-0.448269,-0.309822,0.37146,0.613373,1.971319,-0.165511,-3.883839,0.892,9.0,-28.05,-20.85,-14.325,213.786,2.6199,-91.8123,5.0,25.51306,48.843945,2.3532994,337.9733,NaN,0.792,44.954838,299.4,7 / 25,25397,2022-01-10 17:04:57:926
8.609076,-0.5001,-0.987338,9.791498,-0.448269,-0.309822,0.37146,0.613373,1.971319,-0.165511,-3.883839,0.892,9.0,-28.05,-20.85,-14.325,213.786,2.6199,-91.8123,5.0,25.51306,48.843945,2.3532994,337.9733,NaN,0.792,44.954838,299.4,7 / 25,25403,2022-01-10 17:04:57:932
8.609076,-0.5001,-0.987338,9.791498,-0.448269,-0.309822,0.37146,0.613373,1.971319,-0.165511,-3.883839,0.892,9.0,-28.05,-20.85,-14.325,213.786,2.6199,-91.8123,5.0,25.51306,48.843945,2.3532994,337.9733,NaN,0.792,44.954838,299.4,7 / 25,25408,2022-01-10 17:04:57:937
8.609076,-0.5001,-0.987338,9.791498,-0.448269,-0.309822,0.37146,0.613373,1.971319,-0.165511,-3.883839,0.892,9.0,-28.05,-20.85,-14.325,213.786,2.6199,-91.8123,5.0,25.51306,48.843945,2.3532994,337.9733,NaN,0.792,44.954838,299.4,7 / 25,25413,2022-01-10 17:04:57:942
8.609076,-0.5001,-0.987338,9.791498,-0.448269,-0.309822,0.37146,0.613373,1.971319,-0.165511,-3.883839,0.892,9.0,-28.05,-20.85,-14.325,213.786,2.6199,-91.8123,5.0,25.51306,48.843945,2.3532994,337.9733,NaN,0.792,44.954838,299.4,7 / 25,25419,2022-01-10 17:04:57:948
9.120543,-1.482054,-4.656133,9.791498,-0.448269,-0.309822,0.37146,0.613373,1.971319,-0.165511,-3.883839,0.892,9.0,-28.05,-20.85,-14.325,213.786,2.6199,-91.8123,5.0,25.51306,48.843945,2.3532994,337.9733,NaN,0.792,44.954838,299.4,7 / 25,25423,2022-01-10 17:04:57:952
9.120543,-1.482054,-4.656133,9.791498,-0.448269,-0.309822,0.37146,0.613373,1.971319,-0.165511,-3.883839,0.892,9.0,-28.05,-20.85,-14.325,213.786,2.6199,-91.8123,5.0,25.51306,48.843945,2.3532994,337.9733,NaN,0.792,44.954838,299.4,7 / 25,25429,2022-01-10 17:04:57:958
9.120543,-1.482054,-4.656133,9.791498,-0.448269,-0.309822,0.37146,0.613373,1.971319,-0.165511,-3.883839,0.892,9.0,-28.05,-20.85,-14.325,213.786,2.6199,-91.8123,5.0,25.51306,48.843945,2.3532994,337.9733,NaN,0.792,44.954838,299.4,7 / 25,25433,2022-01-10 17:04:57:962
9.120543,-1.482054,-4.656133,9.791498,-0.448269,-0.309822,0.37146,0.613373,1.971319,-0.165511,-3.883839,0.892,9.0,-28.05,-20.85,-14.325,213.786,2.6199,-91.8123,5.0,25.51306,48.843945,2.3532994,337.9733,NaN,0.792,44.954838,299.4,7 / 25,25438,2022-01-10 17:04:57:967
9.120543,-1.482054,-4.656133,9.791498,-0.448269,-0.309822,0.37146,0.613373,1.971319,-0.165511,-3.883839,0.892,9.0,-28.05,-20.85,-14.325,213.786,2.6199,-91.8123,5.0,25.51306,48.843945,2.3532994,337.9733,NaN,0.792,44.954838,299.4,7 / 25,25443,2022-01-10 17:04:57:972
9.120543,-1.482054,-4.656133,9.791498,-0.448269,-0.309822,0.37146,0.613373,1.971319,-0.165511,-3.883839,0.892,9.0,-28.05,-20.85,-14.325,213.786,2.6199,-91.8123,5.0,25.51306,48.843945,2.3532994,337.9733,NaN,0.792,44.954838,299.4,7 / 25,25447,2022-01-10 17:04:57:976
9.120543,-1.482054,-4.656133,8.294135,-1.476559,-5.019708,0.37146,0.613373,1.971319,-0.165511,-3.883839,0.892,9.0,-28.05,-20.85,-14.325,213.786,2.6199,-91.8123,5.0,25.51306,48.843945,2.3532994,337.9733,NaN,0.792,44.954838,299.4,7 / 25,25453,2022-01-10 17:04:57:982
9.120543,-1.482054,-4.656133,8.294135,-1.476559,-5.019708,0.37146,0.613373,1.971319,-0.165511,-3.883839,0.892,9.0,-28.05,-20.85,-14.325,213.786,2.6199,-91.8123,5.0,25.51306,48.843945,2.3532994,337.9733,NaN,0.792,44.954838,299.4,7 / 25,25458,2022-01-10 17:04:57:987
9.120543,-1.482054,-4.656133,8.294135,-1.476559,-5.019708,0.37146,0.613373,1.971319,-0.165511,-3.883839,0.892,9.0,-28.05,-20.85,-14.325,213.786,2.6199,-91.8123,5.0,25.51306,48.843945,2.3532994,337.9733,NaN,0.792,44.954838,299.4,7 / 25,25463,2022-01-10 17:04:57:992
9.120543,-1.482054,-4.656133,8.294135,-1.476559,-5.019708,0.37146,0.613373,1.971319,-0.165511,-3.883839,0.892,9.0,-28.05,-20.85,-14.325,213.786,2.6199,-91.8123,5.0,25.51306,48.843945,2.3532994,337.9733,NaN,0.792,44.954838,299.4,7 / 25,25468,2022-01-10 17:04:57:997
9.120543,-1.482054,-4.656133,8.294135,-1.476559,-5.019708,0.37146,0.613373,1.971319,-0.165511,-3.883839,0.892,3.0,-28.05,-20.85,-14.325,213.786,2.6199,-91.8123,5.0,25.51306,48.843945,2.3532994,337.9733,NaN,0.792,44.954838,299.4,7 / 25,25473,2022-01-10 17:04:58:002
9.120543,-1.482054,-4.656133,8.294135,-1.476559,-5.019708,0.37146,0.613373,1.971319,-0.165511,-3.883839,0.892,3.0,-28.05,-20.85,-14.325,213.786,2.6199,-91.8123,5.0,25.51306,48.843945,2.3532994,337.9733,NaN,0.792,44.954838,299.4,7 / 25,25481,2022-01-10 17:04:58:010
9.120543,-1.482054,-4.656133,8.294135,-1.476559,-5.019708,0.37146,0.613373,1.971319,-0.165511,-3.883839,0.892,3.0,-28.05,-20.85,-14.325,213.786,2.6199,-91.8123,5.0,25.51306,48.843945,2.3532994,337.9733,NaN,0.792,44.954838,299.4,7 / 25,25483,2022-01-10 17:04:58:012
9.120543,-1.482054,-4.656133,8.294135,-1.476559,-5.019708,0.37146,0.613373,1.971319,-0.165511,-3.883839,0.892,3.0,-28.05,-20.85,-14.325,213.786,2.6199,-91.8123,5.0,25.51306,48.843945,2.3532994,337.9733,NaN,0.792,44.954838,299.4,7 / 25,25488,2022-01-10 17:04:58:017
9.120543,-1.482054,-4.656133,8.294135,-1.476559,-5.019708,0.37146,0.613373,1.971319,0.356187,-4.347482,0.881747,3.0,-28.05,-20.85,-14.325,213.786,2.6199,-91.8123,5.0,25.51306,48.843945,2.3532994,337.9733,NaN,0.792,44.954838,299.4,7 / 25,25493,2022-01-10 17:04:58:022
9.120543,-1.482054,-4.656133,8.294135,-1.476559,-5.019708,0.37146,0.613373,1.971319,0.356187,-4.347482,0.881747,3.0,-28.05,-20.85,-14.325,213.786,2.6199,-91.8123,5.0,25.51306,48.843945,2.3532994,337.9733,NaN,0.792,44.954838,299.4,7 / 25,25498,2022-01-10 17:04:58:027
9.120543,-1.482054,-4.656133,8.294135,-1.476559,-5.019708,0.37146,0.613373,1.971319,0.356187,-4.347482,0.881747,3.0,-28.05,-20.85,-14.325,213.786,2.6199,-91.8123,5.0,25.51306,48.843945,2.3532994,337.9733,NaN,0.792,44.954838,299.4,7 / 25,25502,2022-01-10 17:04:58:031
9.120543,-1.482054,-4.656133,8.294135,-1.476559,-5.019708,0.37146,0.613373,1.971319,0.356187,-4.347482,0.881747,3.0,-28.05,-20.85,-14.325,213.786,2.6199,-91.8123,5.0,25.51306,48.843945,2.3532994,337.9733,NaN,0.792,44.954838,299.4,7 / 25,25507,2022-01-10 17:04:58:036
6.042176,-2.14696,-8.541479,8.294135,-1.476559,-5.019708,1.748419,0.652795,1.607566,0.356187,-4.347482,0.881747,3.0,-28.05,-20.85,-14.325,213.786,2.6199,-91.8123,5.0,25.51306,48.843945,2.3532994,337.9733,NaN,0.792,44.954838,299.4,7 / 25,25513,2022-01-10 17:04:58:042
6.042176,-2.14696,-8.541479,8.294135,-1.476559,-5.019708,1.748419,0.652795,1.607566,0.356187,-4.347482,0.881747,3.0,-28.05,-20.85,-14.325,213.786,2.6199,-91.8123,5.0,25.51306,48.843945,2.3532994,337.9733,NaN,0.792,44.954838,299.4,7 / 25,25518,2022-01-10 17:04:58:047
6.042176,-2.14696,-8.541479,8.294135,-1.476559,-5.019708,1.748419,0.652795,1.607566,0.356187,-4.347482,0.881747,3.0,-28.05,-20.85,-14.325,213.786,2.6199,-91.8123,5.0,25.51306,48.843945,2.3532994,337.9733,NaN,0.792,44.954838,299.4,7 / 25,25523,2022-01-10 17:04:58:052
6.042176,-2.14696,-8.541479,8.294135,-1.476559,-5.019708,1.748419,0.652795,1.607566,0.356187,-4.347482,0.881747,3.0,-28.05,-20.85,-14.325,213.786,2.6199,-91.8123,5.0,25.51306,48.843945,2.3532994,337.9733,NaN,0.792,44.954838,299.4,7 / 25,25527,2022-01-10 17:04:58:056
6.042176,-2.14696,-8.541479,8.294135,-1.476559,-5.019708,1.748419,0.652795,1.607566,0.356187,-4.347482,0.881747,3.0,-28.05,-20.85,-14.325,213.786,2.6199,-91.8123,5.0,25.51306,48.843945,2.3532994,337.9733,NaN,0.792,44.954838,299.4,7 / 25,25533,2022-01-10 17:04:58:062
6.042176,-2.14696,-8.541479,8.294135,-1.476559,-5.019708,1.748419,0.652795,1.607566,0.356187,-4.347482,0.881747,3.0,-31.95,-18.9,-2.25,218.7826,8.6598,-121.1828,5.0,25.51306,48.843945,2.3532994,337.9733,NaN,0.792,44.954838,299.4,7 / 25,25538,2022-01-10 17:04:58:067
6.042176,-2.14696,-8.541479,8.294135,-1.476559,-5.019708,1.748419,0.652795,1.607566,0.356187,-4.347482,0.881747,3.0,-31.95,-18.9,-2.25,218.7826,8.6598,-121.1828,5.0,25.51306,48.843945,2.3532994,337.9733,NaN,0.792,44.954838,299.4,7 / 25,25542,2022-01-10 17:04:58:071
6.042176,-2.14696,-8.541479,8.294135,-1.476559,-5.019708,1.748419,0.652795,1.607566,0.356187,-4.347482,0.881747,3.0,-31.95,-18.9,-2.25,218.7826,8.6598,-121.1828,5.0,25.51306,48.843945,2.3532994,337.9733,NaN,0.792,44.954838,299.4,7 / 25,25547,2022-01-10 17:04:58:076
6.042176,-2.14696,-8.541479,8.294135,-1.476559,-5.019708,1.748419,0.652795,1.607566,0.356187,-4.347482,0.881747,3.0,-31.95,-18.9,-2.25,218.7826,8.6598,-121.1828,5.0,25.51306,48.843945,2.3532994,337.9733,NaN,0.792,44.954838,299.4,7 / 25,25553,2022-01-10 17:04:58:082
6.042176,-2.14696,-8.541479,8.294135,-1.476559,-5.019708,1.748419,0.652795,1.607566,0.356187,-4.347482,0.881747,3.0,-31.95,-18.9,-2.25,218.7826,8.6598,-121.1828,5.0,25.51306,48.843945,2.3532994,337.9733,NaN,0.792,44.954838,299.4,7 / 25,25557,2022-01-10 17:04:58:086
6.042176,-2.14696,-8.541479,4.760316,-2.266908,-8.268671,1.748419,0.652795,1.607566,0.356187,-4.347482,0.881747,3.0,-31.95,-18.9,-2.25,218.7826,8.6598,-121.1828,5.0,25.51306,48.843945,2.3532994,337.9733,NaN,0.792,44.954838,299.4,7 / 25,25563,2022-01-10 17:04:58:092
6.042176,-2.14696,-8.541479,4.760316,-2.266908,-8.268671,1.748419,0.652795,1.607566,0.356187,-4.347482,0.881747,3.0,-31.95,-18.9,-2.25,218.7826,8.6598,-121.1828,5.0,25.51306,48.843945,2.3532994,337.9733,NaN,0.792,44.954838,299.4,7 / 25,25568,2022-01-10 17:04:58:097
6.042176,-2.14696,-8.541479,4.760316,-2.266908,-8.268671,1.748419,0.652795,1.607566,0.356187,-4.347482,0.881747,3.0,-31.95,-18.9,-2.25,218.7826,8.6598,-121.1828,5.0,25.51306,48.843945,2.3532994,337.9733,NaN,0.792,44.954838,299.4,7 / 25,25572,2022-01-10 17:04:58:101
6.042176,-2.14696,-8.541479,4.760316,-2.266908,-8.268671,1.748419,0.652795,1.607566,0.356187,-4.347482,0.881747,3.0,-31.95,-18.9,-2.25,218.7826,8.6598,-121.1828,5.0,25.51306,48.843945,2.3532994,337.9733,NaN,0.792,44.954838,299.4,7 / 25,25578,2022-01-10 17:04:58:107
6.042176,-2.14696,-8.541479,4.760316,-2.266908,-8.268671,1.748419,0.652795,1.607566,0.356187,-4.347482,0.881747,3.0,-31.95,-18.9,-2.25,218.7826,8.6598,-121.1828,5.0,25.51306,48.843945,2.3532994,337.9733,NaN,0.792,44.954838,299.4,7 / 25,25582,2022-01-10 17:04:58:111
6.042176,-2.14696,-8.541479,4.760316,-2.266908,-8.268671,1.748419,0.652795,1.607566,0.356187,-4.347482,0.881747,3.0,-31.95,-18.9,-2.25,218.7826,8.6598,-121.1828,5.0,25.51306,48.843945,2.3532994,337.9733,NaN,0.792,44.954838,299.4,7 / 25,25588,2022-01-10 17:04:58:117
6.042176,-2.14696,-8.541479,4.760316,-2.266908,-8.268671,1.748419,0.652795,1.607566,0.356187,-4.347482,0.881747,3.0,-31.95,-18.9,-2.25,218.7826,8.6598,-121.1828,5.0,25.51306,48.843945,2.3532994,337.9733,NaN,0.792,44.954838,299.4,7 / 25,25592,2022-01-10 17:04:58:121
3.969992,-2.652444,-10.092627,4.760316,-2.266908,-8.268671,1.748419,0.652795,1.607566,0.356187,-4.347482,0.881747,3.0,-31.95,-18.9,-2.25,218.7826,8.6598,-121.1828,5.0,25.51306,48.843945,2.3532994,337.9733,NaN,0.792,44.954838,299.4,7 / 25,25597,2022-01-10 17:04:58:126
3.969992,-2.652444,-10.092627,4.760316,-2.266908,-8.268671,1.748419,0.652795,1.607566,0.356187,-4.347482,0.881747,3.0,-31.95,-18.9,-2.25,218.7826,8.6598,-121.1828,5.0,25.51306,48.843945,2.3532994,337.9733,NaN,0.792,44.954838,299.4,7 / 25,25603,2022-01-10 17:04:58:132
3.969992,-2.652444,-10.092627,4.760316,-2.266908,-8.268671,1.748419,0.652795,1.607566,0.356187,-4.347482,0.881747,3.0,-31.95,-18.9,-2.25,218.7826,8.6598,-121.1828,5.0,25.51306,48.843945,2.3532994,337.9733,NaN,0.792,44.954838,299.4,7 / 25,25607,2022-01-10 17:04:58:136
3.969992,-2.652444,-10.092627,4.760316,-2.266908,-8.268671,1.748419,0.652795,1.607566,0.356187,-4.347482,0.881747,3.0,-31.95,-18.9,-2.25,218.7826,8.6598,-121.1828,5.0,25.51306,48.843945,2.3532994,337.9733,NaN,0.792,44.954838,299.4,7 / 25,25615,2022-01-10 17:04:58:144
3.969992,-2.652444,-10.092627,4.760316,-2.266908,-8.268671,1.748419,0.652795,1.607566,0.356187,-4.347482,0.881747,3.0,-31.95,-18.9,-2.25,218.7826,8.6598,-121.1828,5.0,25.51306,48.843945,2.3532994,337.9733,NaN,0.792,44.954838,299.4,7 / 25,25617,2022-01-10 17:04:58:146
3.969992,-2.652444,-10.092627,4.760316,-2.266908,-8.268671,1.748419,0.652795,1.607566,0.356187,-4.347482,0.881747,3.0,-31.95,-18.9,-2.25,218.7826,8.6598,-121.1828,5.0,25.51306,48.843945,2.3532994,337.9733,NaN,0.792,44.954838,299.4,7 / 25,25623,2022-01-10 17:04:58:152
3.969992,-2.652444,-10.092627,4.760316,-2.266908,-8.268671,1.740938,-0.494777,-0.450667,0.356187,-4.347482,0.881747,3.0,-31.95,-18.9,-2.25,218.7826,8.6598,-121.1828,5.0,25.51306,48.843945,2.3532994,337.9733,NaN,0.792,44.954838,299.4,7 / 25,25628,2022-01-10 17:04:58:157
3.969992,-2.652444,-10.092627,4.760316,-2.266908,-8.268671,1.740938,-0.494777,-0.450667,0.356187,-4.347482,0.881747,3.0,-31.95,-18.9,-2.25,218.7826,8.6598,-121.1828,5.0,25.51306,48.843945,2.3532994,337.9733,NaN,0.792,44.954838,299.4,7 / 25,25634,2022-01-10 17:04:58:163
3.969992,-2.652444,-10.092627,4.760316,-2.266908,-8.268671,1.740938,-0.494777,-0.450667,0.356187,-4.347482,0.881747,3.0,-31.95,-18.9,-2.25,218.7826,8.6598,-121.1828,5.0,25.51306,48.843945,2.3532994,337.9733,NaN,0.792,44.954838,299.4,7 / 25,25638,2022-01-10 17:04:58:167
3.969992,-2.652444,-10.092627,4.760316,-2.266908,-8.268671,1.740938,-0.494777,-0.450667,0.356187,-4.347482,0.881747,3.0,-31.95,-18.9,-2.25,218.7826,8.6598,-121.1828,5.0,25.51306,48.843945,2.3532994,337.9733,NaN,0.792,44.954838,299.4,7 / 25,25643,2022-01-10 17:04:58:172
3.969992,-2.652444,-10.092627,4.760316,-2.266908,-8.268671,1.740938,-0.494777,-0.450667,0.356187,-4.347482,0.881747,3.0,-31.95,-18.9,-2.25,218.7826,8.6598,-121.1828,5.0,25.51306,48.843945,2.3532994,337.9733,NaN,0.792,44.954838,299.4,7 / 25,25647,2022-01-10 17:04:58:176
3.969992,-2.652444,-10.092627,4.760316,-2.266908,-8.268671,1.740938,-0.494777,-0.450667,-0.527157,-3.186112,0.011851,3.0,-31.95,-18.9,-2.25,218.7826,8.6598,-121.1828,5.0,25.38773,48.843945,2.3532994,337.9733,NaN,0.792,44.954838,299.4,7 / 25,25652,2022-01-10 17:04:58:181
3.969992,-2.652444,-10.092627,4.760316,-2.266908,-8.268671,1.740938,-0.494777,-0.450667,-0.527157,-3.186112,0.011851,3.0,-31.125,-17.25,10.575,223.7665,13.3654,-150.0707,5.0,25.38773,48.843945,2.3532994,337.9733,NaN,0.792,44.954838,299.4,7 / 25,25658,2022-01-10 17:04:58:187
3.969992,-2.652444,-10.092627,4.760316,-2.266908,-8.268671,1.740938,-0.494777,-0.450667,-0.527157,-3.186112,0.011851,3.0,-31.125,-17.25,10.575,223.7665,13.3654,-150.0707,5.0,25.38773,48.843945,2.3532994,337.9733,NaN,0.792,44.954838,299.4,7 / 25,25662,2022-01-10 17:04:58:191
3.969992,-2.652444,-10.092627,4.760316,-2.266908,-8.268671,1.740938,-0.494777,-0.450667,-0.527157,-3.186112,0.011851,3.0,-31.125,-17.25,10.575,223.7665,13.3654,-150.0707,5.0,25.38773,48.843945,2.3532994,337.9733,NaN,0.792,44.954838,299.4,7 / 25,25668,2022-01-10 17:04:58:197
3.969992,-2.652444,-10.092627,4.760316,-2.266908,-8.268671,1.740938,-0.494777,-0.450667,-0.527157,-3.186112,0.011851,3.0,-31.125,-17.25,10.575,223.7665,13.3654,-150.0707,5.0,25.38773,48.843945,2.3532994,337.9733,NaN,0.792,44.954838,299.4,7 / 25,25673,2022-01-10 17:04:58:202
3.969992,-2.652444,-10.092627,4.760316,-2.266908,-8.268671,1.740938,-0.494777,-0.450667,-0.527157,-3.186112,0.011851,3.0,-31.125,-17.25,10.575,223.7665,13.3654,-150.0707,5.0,25.38773,48.843945,2.3532994,337.9733,NaN,0.792,44.954838,299.4,7 / 25,25678,2022-01-10 17:04:58:207
3.969992,-2.652444,-10.092627,4.760316,-2.266908,-8.268671,1.740938,-0.494777,-0.450667,-0.527157,-3.186112,0.011851,3.0,-31.125,-17.25,10.575,223.7665,13.3654,-150.0707,5.0,25.38773,48.843945,2.3532994,337.9733,NaN,0.792,44.954838,299.4,7 / 25,25682,2022-01-10 17:04:58:211
1.32682,-1.055833,-9.327223,1.287386,-1.738579,-9.56506,1.740938,-0.494777,-0.450667,-0.527157,-3.186112,0.011851,3.0,-31.125,-17.25,10.575,223.7665,13.3654,-150.0707,5.0,25.38773,48.843945,2.3532994,337.9733,NaN,0.792,44.954838,299.4,7 / 25,25688,2022-01-10 17:04:58:217
1.32682,-1.055833,-9.327223,1.287386,-1.738579,-9.56506,1.740938,-0.494777,-0.450667,-0.527157,-3.186112,0.011851,3.0,-31.125,-17.25,10.575,223.7665,13.3654,-150.0707,5.0,25.38773,48.843945,2.3532994,337.9733,NaN,0.792,44.954838,299.4,7 / 25,25693,2022-01-10 17:04:58:222
1.32682,-1.055833,-9.327223,1.287386,-1.738579,-9.56506,1.740938,-0.494777,-0.450667,-0.527157,-3.186112,0.011851,3.0,-31.125,-17.25,10.575,223.7665,13.3654,-150.0707,5.0,25.38773,48.843945,2.3532994,337.9733,NaN,0.792,44.954838,299.4,7 / 25,25698,2022-01-10 17:04:58:227
1.32682,-1.055833,-9.327223,1.287386,-1.738579,-9.56506,1.740938,-0.494777,-0.450667,-0.527157,-3.186112,0.011851,3.0,-31.125,-17.25,10.575,223.7665,13.3654,-150.0707,5.0,25.38773,48.843945,2.3532994,337.9733,NaN,0.792,44.954838,299.4,7 / 25,25703,2022-01-10 17:04:58:232
1.32682,-1.055833,-9.327223,1.287386,-1.738579,-9.56506,1.740938,-0.494777,-0.450667,-0.527157,-3.186112,0.011851,3.0,-31.125,-17.25,10.575,223.7665,13.3654,-150.0707,5.0,25.38773,48.843945,2.3532994,337.9733,NaN,0.792,44.954838,299.4,7 / 25,25708,2022-01-10 17:04:58:237
1.32682,-1.055833,-9.327223,1.287386,-1.738579,-9.56506,1.740938,-0.494777,-0.450667,-0.527157,-3.186112,0.011851,3.0,-31.125,-17.25,10.575,223.7665,13.3654,-150.0707,5.0,25.38773,48.843945,2.3532994,337.9733,NaN,0.792,44.954838,299.4,7 / 25,25712,2022-01-10 17:04:58:241
1.32682,-1.055833,-9.327223,1.287386,-1.738579,-9.56506,1.740938,-0.494777,-0.450667,-0.527157,-3.186112,0.011851,3.0,-31.125,-17.25,10.575,223.7665,13.3654,-150.0707,5.0,25.38773,48.843945,2.3532994,337.9733,NaN,0.792,44.954838,299.4,7 / 25,25717,2022-01-10 17:04:58:246
1.32682,-1.055833,-9.327223,1.287386,-1.738579,-9.56506,1.740938,-0.494777,-0.450667,-0.527157,-3.186112,0.011851,3.0,-31.125,-17.25,10.575,223.7665,13.3654,-150.0707,5.0,25.38773,48.843945,2.3532994,337.9733,NaN,0.792,44.954838,299.4,7 / 25,25722,2022-01-10 17:04:58:251
1.32682,-1.055833,-9.327223,1.287386,-1.738579,-9.56506,1.740938,-0.494777,-0.450667,-0.527157,-3.186112,0.011851,3.0,-31.125,-17.25,10.575,223.7665,13.3654,-150.0707,5.0,25.38773,48.843945,2.3532994,337.9733,NaN,0.792,44.954838,299.4,7 / 25,25727,2022-01-10 17:04:58:256
1.32682,-1.055833,-9.327223,1.287386,-1.738579,-9.56506,1.740938,-0.494777,-0.450667,-0.527157,-3.186112,0.011851,3.0,-31.125,-17.25,10.575,223.7665,13.3654,-150.0707,5.0,25.38773,48.843945,2.3532994,337.9733,NaN,0.792,44.954838,299.4,7 / 25,25732,2022-01-10 17:04:58:261
1.32682,-1.055833,-9.327223,1.287386,-1.738579,-9.56506,1.740938,-0.494777,-0.450667,-0.527157,-3.186112,0.011851,3.0,-31.125,-17.25,10.575,223.7665,13.3654,-150.0707,5.0,25.38773,48.843945,2.3532994,337.9733,NaN,0.792,44.954838,299.4,7 / 25,25738,2022-01-10 17:04:58:267
1.32682,-1.055833,-9.327223,1.287386,-1.738579,-9.56506,1.740938,-0.494777,-0.450667,-0.527157,-3.186112,0.011851,3.0,-31.125,-17.25,10.575,223.7665,13.3654,-150.0707,5.0,25.38773,48.843945,2.3532994,337.9733,NaN,0.792,44.954838,299.4,7 / 25,25743,2022-01-10 17:04:58:272
1.32682,-1.055833,-9.327223,1.287386,-1.738579,-9.56506,1.740938,-0.494777,-0.450667,-0.527157,-3.186112,0.011851,3.0,-31.125,-17.25,10.575,223.7665,13.3654,-150.0707,5.0,25.38773,48.843945,2.3532994,337.9733,NaN,0.792,44.954838,299.4,7 / 25,25748,2022-01-10 17:04:58:277
1.32682,-1.055833,-9.327223,1.287386,-1.738579,-9.56506,1.740938,-0.494777,-0.450667,-0.527157,-3.186112,0.011851,3.0,-31.125,-17.25,10.575,223.7665,13.3654,-150.0707,5.0,25.38773,48.843945,2.3532994,337.9733,NaN,0.792,44.954838,299.4,7 / 25,25752,2022-01-10 17:04:58:281
1.32682,-1.055833,-9.327223,1.287386,-1.738579,-9.56506,1.753225,0.095984,0.339836,-0.527157,-3.186112,0.011851,3.0,-31.125,-17.25,10.575,223.7665,13.3654,-150.0707,5.0,25.38773,48.843945,2.3532994,337.9733,NaN,0.792,44.954838,299.4,7 / 25,25757,2022-01-10 17:04:58:286
1.32682,-1.055833,-9.327223,1.287386,-1.738579,-9.56506,1.753225,0.095984,0.339836,-0.527157,-3.186112,0.011851,3.0,-31.125,-17.25,10.575,223.7665,13.3654,-150.0707,5.0,25.38773,48.843945,2.3532994,337.9733,NaN,0.792,44.954838,299.4,7 / 25,25762,2022-01-10 17:04:58:291
1.32682,-1.055833,-9.327223,1.287386,-1.738579,-9.56506,1.753225,0.095984,0.339836,-0.527157,-3.186112,0.011851,3.0,-31.125,-17.25,10.575,223.7665,13.3654,-150.0707,5.0,25.38773,48.843945,2.3532994,337.9733,NaN,0.792,44.954838,299.4,7 / 25,25767,2022-01-10 17:04:58:296
1.32682,-1.055833,-9.327223,1.287386,-1.738579,-9.56506,1.753225,0.095984,0.339836,-0.527157,-3.186112,0.011851,3.0,-31.125,-17.25,10.575,223.7665,13.3654,-150.0707,5.0,25.38773,48.843945,2.3532994,337.9733,NaN,0.792,44.954838,299.4,7 / 25,25773,2022-01-10 17:04:58:302
1.32682,-1.055833,-9.327223,1.287386,-1.738579,-9.56506,1.753225,0.095984,0.339836,-0.151929,-3.109415,-0.449928,3.0,-31.125,-17.25,10.575,223.7665,13.3654,-150.0707,5.0,25.38773,48.843945,2.3532994,337.9733,NaN,0.792,44.954838,299.4,7 / 25,25778,2022-01-10 17:04:58:307
1.32682,-1.055833,-9.327223,1.287386,-1.738579,-9.56506,1.753225,0.095984,0.339836,-0.151929,-3.109415,-0.449928,3.0,-31.125,-17.25,10.575,223.7665,13.3654,-150.0707,5.0,25.38773,48.843945,2.3532994,337.9733,NaN,0.792,44.954838,299.4,7 / 25,25782,2022-01-10 17:04:58:311
1.32682,-1.055833,-9.327223,1.287386,-1.738579,-9.56506,1.753225,0.095984,0.339836,-0.151929,-3.109415,-0.449928,3.0,-31.125,-17.25,10.575,223.7665,13.3654,-150.0707,5.0,25.38773,48.843945,2.3532994,337.9733,NaN,0.792,44.954838,299.4,7 / 25,25788,2022-01-10 17:04:58:317
1.32682,-1.055833,-9.327223,1.287386,-1.738579,-9.56506,1.753225,0.095984,0.339836,-0.151929,-3.109415,-0.449928,3.0,-31.125,-17.25,10.575,223.7665,13.3654,-150.0707,5.0,25.38773,48.843945,2.3532994,337.9733,NaN,0.792,44.954838,299.4,7 / 25,25793,2022-01-10 17:04:58:322
-2.751447,-2.08684,-9.076874,1.287386,-1.738579,-9.56506,1.753225,0.095984,0.339836,-0.151929,-3.109415,-0.449928,3.0,-25.35,-15.225,23.775,227.7895,10.2117,-172.3345,5.0,25.38773,48.843945,2.3532994,337.9733,NaN,0.792,44.954838,299.4,7 / 25,25797,2022-01-10 17:04:58:326
-2.751447,-2.08684,-9.076874,1.287386,-1.738579,-9.56506,1.753225,0.095984,0.339836,-0.151929,-3.109415,-0.449928,3.0,-25.35,-15.225,23.775,227.7895,10.2117,-172.3345,5.0,25.38773,48.843945,2.3532994,337.9733,NaN,0.792,44.954838,299.4,7 / 25,25802,2022-01-10 17:04:58:331
-2.751447,-2.08684,-9.076874,-2.1303,-1.506763,-9.453141,1.753225,0.095984,0.339836,-0.151929,-3.109415,-0.449928,3.0,-25.35,-15.225,23.775,227.7895,10.2117,-172.3345,5.0,25.38773,48.843945,2.3532994,337.9733,NaN,0.792,44.954838,299.4,7 / 25,25808,2022-01-10 17:04:58:337
-2.751447,-2.08684,-9.076874,-2.1303,-1.506763,-9.453141,1.753225,0.095984,0.339836,-0.151929,-3.109415,-0.449928,3.0,-25.35,-15.225,23.775,227.7895,10.2117,-172.3345,5.0,25.38773,48.843945,2.3532994,337.9733,NaN,0.792,44.954838,299.4,7 / 25,25813,2022-01-10 17:04:58:342
-2.751447,-2.08684,-9.076874,-2.1303,-1.506763,-9.453141,1.753225,0.095984,0.339836,-0.151929,-3.109415,-0.449928,3.0,-25.35,-15.225,23.775,227.7895,10.2117,-172.3345,5.0,25.38773,48.843945,2.3532994,337.9733,NaN,0.792,44.954838,299.4,7 / 25,25818,2022-01-10 17:04:58:347
-2.751447,-2.08684,-9.076874,-2.1303,-1.506763,-9.453141,1.753225,0.095984,0.339836,-0.151929,-3.109415,-0.449928,3.0,-25.35,-15.225,23.775,227.7895,10.2117,-172.3345,5.0,25.38773,48.843945,2.3532994,337.9733,NaN,0.792,44.954838,299.4,7 / 25,25822,2022-01-10 17:04:58:351
-2.751447,-2.08684,-9.076874,-2.1303,-1.506763,-9.453141,1.753225,0.095984,0.339836,-0.151929,-3.109415,-0.449928,3.0,-25.35,-15.225,23.775,227.7895,10.2117,-172.3345,5.0,25.38773,48.843945,2.3532994,337.9733,NaN,0.792,44.954838,299.4,7 / 25,25828,2022-01-10 17:04:58:357
-2.751447,-2.08684,-9.076874,-2.1303,-1.506763,-9.453141,1.753225,0.095984,0.339836,-0.151929,-3.109415,-0.449928,3.0,-25.35,-15.225,23.775,227.7895,10.2117,-172.3345,5.0,25.38773,48.843945,2.3532994,337.9733,NaN,0.792,44.954838,299.4,7 / 25,25833,2022-01-10 17:04:58:362
-2.751447,-2.08684,-9.076874,-2.1303,-1.506763,-9.453141,1.753225,0.095984,0.339836,-0.151929,-3.109415,-0.449928,3.0,-25.35,-15.225,23.775,227.7895,10.2117,-172.3345,5.0,25.38773,48.843945,2.3532994,337.9733,NaN,0.792,44.954838,299.4,7 / 25,25837,2022-01-10 17:04:58:366
-2.751447,-2.08684,-9.076874,-2.1303,-1.506763,-9.453141,1.753225,0.095984,0.339836,-0.151929,-3.109415,-0.449928,3.0,-25.35,-15.225,23.775,227.7895,10.2117,-172.3345,5.0,25.38773,48.843945,2.3532994,337.9733,NaN,0.792,44.954838,299.4,7 / 25,25842,2022-01-10 17:04:58:371
-2.751447,-2.08684,-9.076874,-2.1303,-1.506763,-9.453141,1.753225,0.095984,0.339836,-0.151929,-3.109415,-0.449928,3.0,-25.35,-15.225,23.775,227.7895,10.2117,-172.3345,5.0,25.38773,48.843945,2.3532994,337.9733,NaN,0.792,44.954838,299.4,7 / 25,25850,2022-01-10 17:04:58:379
-2.751447,-2.08684,-9.076874,-2.1303,-1.506763,-9.453141,1.753225,0.095984,0.339836,-0.151929,-3.109415,-0.449928,3.0,-25.35,-15.225,23.775,227.7895,10.2117,-172.3345,5.0,25.38773,48.843945,2.3532994,337.9733,NaN,0.792,44.954838,299.4,7 / 25,25853,2022-01-10 17:04:58:382
-2.751447,-2.08684,-9.076874,-2.1303,-1.506763,-9.453141,1.753225,0.095984,0.339836,-0.151929,-3.109415,-0.449928,3.0,-25.35,-15.225,23.775,227.7895,10.2117,-172.3345,5.0,25.38773,48.843945,2.3532994,337.9733,NaN,0.792,44.954838,299.4,7 / 25,25857,2022-01-10 17:04:58:386
-2.751447,-2.08684,-9.076874,-2.1303,-1.506763,-9.453141,1.753225,0.095984,0.339836,-0.151929,-3.109415,-0.449928,3.0,-25.35,-15.225,23.775,227.7895,10.2117,-172.3345,5.0,25.38773,48.843945,2.3532994,337.9733,NaN,0.792,44.954838,299.4,7 / 25,25863,2022-01-10 17:04:58:392
-2.751447,-2.08684,-9.076874,-2.1303,-1.506763,-9.453141,1.753225,0.095984,0.339836,-0.151929,-3.109415,-0.449928,3.0,-25.35,-15.225,23.775,227.7895,10.2117,-172.3345,5.0,25.38773,48.843945,2.3532994,337.9733,NaN,0.792,44.954838,299.4,7 / 25,25867,2022-01-10 17:04:58:396
-2.751447,-2.08684,-9.076874,-2.1303,-1.506763,-9.453141,-0.033211,-0.372324,-0.226285,-0.151929,-3.109415,-0.449928,3.0,-25.35,-15.225,23.775,227.7895,10.2117,-172.3345,5.0,25.38773,48.84393,2.3532932,345.5521,NaN,1.548,44.954838,170.7,7 / 25,25873,2022-01-10 17:04:58:402
-2.751447,-2.08684,-9.076874,-2.1303,-1.506763,-9.453141,-0.033211,-0.372324,-0.226285,-0.151929,-3.109415,-0.449928,3.0,-25.35,-15.225,23.775,227.7895,10.2117,-172.3345,5.0,25.38773,48.84393,2.3532932,345.5521,NaN,1.548,44.954838,170.7,7 / 25,25878,2022-01-10 17:04:58:407
-2.751447,-2.08684,-9.076874,-2.1303,-1.506763,-9.453141,-0.033211,-0.372324,-0.226285,-0.151929,-3.109415,-0.449928,3.0,-25.35,-15.225,23.775,227.7895,10.2117,-172.3345,5.0,25.38773,48.84393,2.3532932,345.5521,NaN,1.548,44.954838,170.7,7 / 25,25882,2022-01-10 17:04:58:411
-2.751447,-2.08684,-9.076874,-2.1303,-1.506763,-9.453141,-0.033211,-0.372324,-0.226285,-0.151929,-3.109415,-0.449928,3.0,-25.35,-15.225,23.775,227.7895,10.2117,-172.3345,5.0,25.38773,48.84393,2.3532932,345.5521,NaN,1.548,44.954838,170.7,7 / 25,25888,2022-01-10 17:04:58:417
-2.751447,-2.08684,-9.076874,-2.1303,-1.506763,-9.453141,-0.033211,-0.372324,-0.226285,-0.151929,-3.109415,-0.449928,3.0,-25.35,-15.225,23.775,227.7895,10.2117,-172.3345,5.0,25.38773,48.84393,2.3532932,345.5521,NaN,1.548,44.954838,170.7,7 / 25,25893,2022-01-10 17:04:58:422
-5.232206,-2.184049,-9.113962,-2.1303,-1.506763,-9.453141,-0.033211,-0.372324,-0.226285,-0.538342,-1.732735,0.10133,3.0,-25.35,-15.225,23.775,227.7895,10.2117,-172.3345,5.0,25.38773,48.84393,2.3532932,345.5521,NaN,1.548,44.954838,170.7,7 / 25,25897,2022-01-10 17:04:58:426
-5.232206,-2.184049,-9.113962,-2.1303,-1.506763,-9.453141,-0.033211,-0.372324,-0.226285,-0.538342,-1.732735,0.10133,3.0,-25.35,-15.225,23.775,227.7895,10.2117,-172.3345,5.0,25.38773,48.84393,2.3532932,345.5521,NaN,1.548,44.954838,170.7,7 / 25,25903,2022-01-10 17:04:58:432
-5.232206,-2.184049,-9.113962,-2.1303,-1.506763,-9.453141,-0.033211,-0.372324,-0.226285,-0.538342,-1.732735,0.10133,3.0,-25.35,-15.225,23.775,227.7895,10.2117,-172.3345,5.0,25.38773,48.84393,2.3532932,345.5521,NaN,1.548,44.954838,170.7,7 / 25,25907,2022-01-10 17:04:58:436
-5.232206,-2.184049,-9.113962,-2.1303,-1.506763,-9.453141,-0.033211,-0.372324,-0.226285,-0.538342,-1.732735,0.10133,3.0,-25.35,-15.225,23.775,227.7895,10.2117,-172.3345,5.0,25.38773,48.84393,2.3532932,345.5521,NaN,1.548,44.954838,170.7,7 / 25,25912,2022-01-10 17:04:58:441
-5.232206,-2.184049,-9.113962,-2.1303,-1.506763,-9.453141,-0.033211,-0.372324,-0.226285,-0.538342,-1.732735,0.10133,3.0,-25.35,-15.225,23.775,227.7895,10.2117,-172.3345,5.0,25.38773,48.84393,2.3532932,345.5521,NaN,1.548,44.954838,170.7,7 / 25,25918,2022-01-10 17:04:58:447
-5.232206,-2.184049,-9.113962,-2.1303,-1.506763,-9.453141,-0.033211,-0.372324,-0.226285,-0.538342,-1.732735,0.10133,3.0,-25.35,-15.225,23.775,227.7895,10.2117,-172.3345,5.0,25.38773,48.84393,2.3532932,345.5521,NaN,1.548,44.954838,170.7,7 / 25,25923,2022-01-10 17:04:58:452
-5.232206,-2.184049,-9.113962,-2.1303,-1.506763,-9.453141,-0.033211,-0.372324,-0.226285,-0.538342,-1.732735,0.10133,3.0,-25.35,-15.225,23.775,227.7895,10.2117,-172.3345,5.0,25.38773,48.84393,2.3532932,345.5521,NaN,1.548,44.954838,170.7,7 / 25,25927,2022-01-10 17:04:58:456
-5.232206,-2.184049,-9.113962,-2.1303,-1.506763,-9.453141,-0.033211,-0.372324,-0.226285,-0.538342,-1.732735,0.10133,3.0,-25.35,-15.225,23.775,227.7895,10.2117,-172.3345,5.0,25.38773,48.84393,2.3532932,345.5521,NaN,1.548,44.954838,170.7,7 / 25,25932,2022-01-10 17:04:58:461
-5.232206,-2.184049,-9.113962,-2.1303,-1.506763,-9.453141,-0.033211,-0.372324,-0.226285,-0.538342,-1.732735,0.10133,3.0,-14.325,-15.45,33.375,227.3029,8.8383,167.3003,5.0,25.38773,48.84393,2.3532932,345.5521,NaN,1.548,44.954838,170.7,7 / 25,25938,2022-01-10 17:04:58:467
-5.232206,-2.184049,-9.113962,-4.140353,-1.055,-8.826939,-0.033211,-0.372324,-0.226285,-0.538342,-1.732735,0.10133,3.0,-14.325,-15.45,33.375,227.3029,8.8383,167.3003,5.0,25.38773,48.84393,2.3532932,345.5521,NaN,1.548,44.954838,170.7,7 / 25,25942,2022-01-10 17:04:58:471
-5.232206,-2.184049,-9.113962,-4.140353,-1.055,-8.826939,-0.033211,-0.372324,-0.226285,-0.538342,-1.732735,0.10133,3.0,-14.325,-15.45,33.375,227.3029,8.8383,167.3003,5.0,25.38773,48.84393,2.3532932,345.5521,NaN,1.548,44.954838,170.7,7 / 25,25947,2022-01-10 17:04:58:476
-5.232206,-2.184049,-9.113962,-4.140353,-1.055,-8.826939,-0.033211,-0.372324,-0.226285,-0.538342,-1.732735,0.10133,3.0,-14.325,-15.45,33.375,227.3029,8.8383,167.3003,5.0,25.38773,48.84393,2.3532932,345.5521,NaN,1.548,44.954838,170.7,7 / 25,25953,2022-01-10 17:04:58:482
-5.232206,-2.184049,-9.113962,-4.140353,-1.055,-8.826939,-0.033211,-0.372324,-0.226285,-0.538342,-1.732735,0.10133,3.0,-14.325,-15.45,33.375,227.3029,8.8383,167.3003,5.0,25.38773,48.84393,2.3532932,345.5521,NaN,1.548,44.954838,170.7,7 / 25,25957,2022-01-10 17:04:58:486
-5.232206,-2.184049,-9.113962,-4.140353,-1.055,-8.826939,-0.033211,-0.372324,-0.226285,-0.538342,-1.732735,0.10133,3.0,-14.325,-15.45,33.375,227.3029,8.8383,167.3003,5.0,25.38773,48.84393,2.3532932,345.5521,NaN,1.548,44.954838,170.7,7 / 25,25963,2022-01-10 17:04:58:492
-5.232206,-2.184049,-9.113962,-4.140353,-1.055,-8.826939,-0.033211,-0.372324,-0.226285,-0.538342,-1.732735,0.10133,3.0,-14.325,-15.45,33.375,227.3029,8.8383,167.3003,5.0,25.38773,48.84393,2.3532932,345.5521,NaN,1.548,44.954838,170.7,7 / 25,25968,2022-01-10 17:04:58:497
-5.232206,-2.184049,-9.113962,-4.140353,-1.055,-8.826939,-0.033211,-0.372324,-0.226285,-0.538342,-1.732735,0.10133,3.0,-14.325,-15.45,33.375,227.3029,8.8383,167.3003,5.0,23.65102,48.84393,2.3532932,345.5521,NaN,1.548,44.954838,170.7,7 / 25,25972,2022-01-10 17:04:58:501
-5.232206,-2.184049,-9.113962,-4.140353,-1.055,-8.826939,-0.033211,-0.372324,-0.226285,-0.538342,-1.732735,0.10133,3.0,-14.325,-15.45,33.375,227.3029,8.8383,167.3003,5.0,23.65102,48.84393,2.3532932,345.5521,NaN,1.548,44.954838,170.7,7 / 25,25978,2022-01-10 17:04:58:507
-5.232206,-2.184049,-9.113962,-4.140353,-1.055,-8.826939,-0.033211,-0.372324,-0.226285,-0.538342,-1.732735,0.10133,3.0,-14.325,-15.45,33.375,227.3029,8.8383,167.3003,5.0,23.65102,48.84393,2.3532932,345.5521,NaN,1.548,44.954838,170.7,7 / 25,25983,2022-01-10 17:04:58:512
-5.232206,-2.184049,-9.113962,-4.140353,-1.055,-8.826939,-0.033211,-0.372324,-0.226285,-0.538342,-1.732735,0.10133,3.0,-14.325,-15.45,33.375,227.3029,8.8383,167.3003,5.0,23.65102,48.84393,2.3532932,345.5521,NaN,1.548,44.954838,170.7,7 / 25,25988,2022-01-10 17:04:58:517
-5.232206,-2.184049,-9.113962,-4.140353,-1.055,-8.826939,-0.033211,-0.372324,-0.226285,-0.538342,-1.732735,0.10133,3.0,-14.325,-15.45,33.375,227.3029,8.8383,167.3003,5.0,23.65102,48.84393,2.3532932,345.5521,NaN,1.548,44.954838,170.7,7 / 25,25992,2022-01-10 17:04:58:521
-4.52064,0.491725,-7.458727,-4.140353,-1.055,-8.826939,-0.033211,-0.372324,-0.226285,-0.538342,-1.732735,0.10133,3.0,-14.325,-15.45,33.375,227.3029,8.8383,167.3003,5.0,23.65102,48.84393,2.3532932,345.5521,NaN,1.548,44.954838,170.7,7 / 25,25998,2022-01-10 17:04:58:527
-4.52064,0.491725,-7.458727,-4.140353,-1.055,-8.826939,-0.715641,-1.055251,-0.465086,-0.538342,-1.732735,0.10133,3.0,-14.325,-15.45,33.375,227.3029,8.8383,167.3003,5.0,23.65102,48.84393,2.3532932,345.5521,NaN,1.548,44.954838,170.7,7 / 25,26002,2022-01-10 17:04:58:531
-4.52064,0.491725,-7.458727,-4.140353,-1.055,-8.826939,-0.715641,-1.055251,-0.465086,-0.538342,-1.732735,0.10133,3.0,-14.325,-15.45,33.375,227.3029,8.8383,167.3003,5.0,23.65102,48.84393,2.3532932,345.5521,NaN,1.548,44.954838,170.7,7 / 25,26008,2022-01-10 17:04:58:537
-4.52064,0.491725,-7.458727,-4.140353,-1.055,-8.826939,-0.715641,-1.055251,-0.465086,-0.538342,-1.732735,0.10133,3.0,-14.325,-15.45,33.375,227.3029,8.8383,167.3003,5.0,23.65102,48.84393,2.3532932,345.5521,NaN,1.548,44.954838,170.7,7 / 25,26013,2022-01-10 17:04:58:542
-4.52064,0.491725,-7.458727,-4.140353,-1.055,-8.826939,-0.715641,-1.055251,-0.465086,-0.538342,-1.732735,0.10133,3.0,-14.325,-15.45,33.375,227.3029,8.8383,167.3003,5.0,23.65102,48.84393,2.3532932,345.5521,NaN,1.548,44.954838,170.7,7 / 25,26021,2022-01-10 17:04:58:550
-4.52064,0.491725,-7.458727,-4.140353,-1.055,-8.826939,-0.715641,-1.055251,-0.465086,-0.538342,-1.732735,0.10133,3.0,-14.325,-15.45,33.375,227.3029,8.8383,167.3003,5.0,23.65102,48.84393,2.3532932,345.5521,NaN,1.548,44.954838,170.7,7 / 25,26023,2022-01-10 17:04:58:552
-4.52064,0.491725,-7.458727,-4.140353,-1.055,-8.826939,-0.715641,-1.055251,-0.465086,-0.538342,-1.732735,0.10133,3.0,-14.325,-15.45,33.375,227.3029,8.8383,167.3003,5.0,23.65102,48.84393,2.3532932,345.5521,NaN,1.548,44.954838,170.7,7 / 25,26028,2022-01-10 17:04:58:557
-4.52064,0.491725,-7.458727,-4.140353,-1.055,-8.826939,-0.715641,-1.055251,-0.465086,-0.396267,-1.205178,-0.274031,3.0,-14.325,-15.45,33.375,227.3029,8.8383,167.3003,5.0,23.65102,48.84393,2.3532932,345.5521,NaN,1.548,44.954838,170.7,7 / 25,26034,2022-01-10 17:04:58:563
-4.52064,0.491725,-7.458727,-4.140353,-1.055,-8.826939,-0.715641,-1.055251,-0.465086,-0.396267,-1.205178,-0.274031,3.0,-14.325,-15.45,33.375,227.3029,8.8383,167.3003,5.0,23.65102,48.84393,2.3532932,345.5521,NaN,1.548,44.954838,170.7,7 / 25,26038,2022-01-10 17:04:58:567
-4.52064,0.491725,-7.458727,-4.140353,-1.055,-8.826939,-0.715641,-1.055251,-0.465086,-0.396267,-1.205178,-0.274031,3.0,-14.325,-15.45,33.375,227.3029,8.8383,167.3003,5.0,23.65102,48.84393,2.3532932,345.5521,NaN,1.548,44.954838,170.7,7 / 25,26043,2022-01-10 17:04:58:572
-4.52064,0.491725,-7.458727,-4.140353,-1.055,-8.826939,-0.715641,-1.055251,-0.465086,-0.396267,-1.205178,-0.274031,3.0,-14.325,-15.45,33.375,227.3029,8.8383,167.3003,5.0,23.65102,48.84393,2.3532932,345.5521,NaN,1.548,44.954838,170.7,7 / 25,26047,2022-01-10 17:04:58:576
-4.52064,0.491725,-7.458727,-4.140353,-1.055,-8.826939,-0.715641,-1.055251,-0.465086,-0.396267,-1.205178,-0.274031,3.0,-14.325,-15.45,33.375,227.3029,8.8383,167.3003,5.0,23.65102,48.84393,2.3532932,345.5521,NaN,1.548,44.954838,170.7,7 / 25,26052,2022-01-10 17:04:58:581
-4.52064,0.491725,-7.458727,-4.140353,-1.055,-8.826939,-0.715641,-1.055251,-0.465086,-0.396267,-1.205178,-0.274031,3.0,-2.625,-16.35,37.65,224.0762,6.1758,154.8707,5.0,23.65102,48.84393,2.3532932,345.5521,NaN,1.548,44.954838,170.7,7 / 25,26058,2022-01-10 17:04:58:587
-4.52064,0.491725,-7.458727,-4.140353,-1.055,-8.826939,-0.715641,-1.055251,-0.465086,-0.396267,-1.205178,-0.274031,3.0,-2.625,-16.35,37.65,224.0762,6.1758,154.8707,5.0,23.65102,48.84393,2.3532932,345.5521,NaN,1.548,44.954838,170.7,7 / 25,26063,2022-01-10 17:04:58:592
-4.52064,0.491725,-7.458727,-5.370943,-0.561099,-8.185873,-0.715641,-1.055251,-0.465086,-0.396267,-1.205178,-0.274031,3.0,-2.625,-16.35,37.65,224.0762,6.1758,154.8707,5.0,23.65102,48.84393,2.3532932,345.5521,NaN,1.548,44.954838,170.7,7 / 25,26067,2022-01-10 17:04:58:596
-4.52064,0.491725,-7.458727,-5.370943,-0.561099,-8.185873,-0.715641,-1.055251,-0.465086,-0.396267,-1.205178,-0.274031,3.0,-2.625,-16.35,37.65,224.0762,6.1758,154.8707,5.0,23.65102,48.84393,2.3532932,345.5521,NaN,1.548,44.954838,170.7,7 / 25,26072,2022-01-10 17:04:58:601
-4.52064,0.491725,-7.458727,-5.370943,-0.561099,-8.185873,-0.715641,-1.055251,-0.465086,-0.396267,-1.205178,-0.274031,3.0,-2.625,-16.35,37.65,224.0762,6.1758,154.8707,5.0,23.65102,48.84393,2.3532932,345.5521,NaN,1.548,44.954838,170.7,7 / 25,26077,2022-01-10 17:04:58:606
-4.52064,0.491725,-7.458727,-5.370943,-0.561099,-8.185873,-0.715641,-1.055251,-0.465086,-0.396267,-1.205178,-0.274031,3.0,-2.625,-16.35,37.65,224.0762,6.1758,154.8707,5.0,23.65102,48.84393,2.3532932,345.5521,NaN,1.548,44.954838,170.7,7 / 25,26083,2022-01-10 17:04:58:612
-4.52064,0.491725,-7.458727,-5.370943,-0.561099,-8.185873,-0.715641,-1.055251,-0.465086,-0.396267,-1.205178,-0.274031,3.0,-2.625,-16.35,37.65,224.0762,6.1758,154.8707,5.0,23.65102,48.84393,2.3532932,345.5521,NaN,1.548,44.954838,170.7,7 / 25,26088,2022-01-10 17:04:58:617
-4.52064,0.491725,-7.458727,-5.370943,-0.561099,-8.185873,-0.715641,-1.055251,-0.465086,-0.396267,-1.205178,-0.274031,3.0,-2.625,-16.35,37.65,224.0762,6.1758,154.8707,5.0,23.65102,48.84393,2.3532932,345.5521,NaN,1.548,44.954838,170.7,7 / 25,26092,2022-01-10 17:04:58:621
-4.52064,0.491725,-7.458727,-5.370943,-0.561099,-8.185873,-0.715641,-1.055251,-0.465086,-0.396267,-1.205178,-0.274031,3.0,-2.625,-16.35,37.65,224.0762,6.1758,154.8707,5.0,23.65102,48.84393,2.3532932,345.5521,NaN,1.548,44.954838,170.7,7 / 25,26097,2022-01-10 17:04:58:626
-7.402496,0.309571,-6.869495,-5.370943,-0.561099,-8.185873,-0.715641,-1.055251,-0.465086,-0.396267,-1.205178,-0.274031,3.0,-2.625,-16.35,37.65,224.0762,6.1758,154.8707,5.0,23.65102,48.84393,2.3532932,345.5521,NaN,1.548,44.954838,170.7,7 / 25,26103,2022-01-10 17:04:58:632
-7.402496,0.309571,-6.869495,-5.370943,-0.561099,-8.185873,-0.715641,-1.055251,-0.465086,-0.396267,-1.205178,-0.274031,3.0,-2.625,-16.35,37.65,224.0762,6.1758,154.8707,5.0,23.65102,48.84393,2.3532932,345.5521,NaN,1.548,44.954838,170.7,7 / 25,26107,2022-01-10 17:04:58:636
-7.402496,0.309571,-6.869495,-5.370943,-0.561099,-8.185873,-0.715641,-1.055251,-0.465086,-0.396267,-1.205178,-0.274031,3.0,-2.625,-16.35,37.65,224.0762,6.1758,154.8707,5.0,23.65102,48.84393,2.3532932,345.5521,NaN,1.548,44.954838,170.7,7 / 25,26113,2022-01-10 17:04:58:642
-7.402496,0.309571,-6.869495,-5.370943,-0.561099,-8.185873,-0.401683,1.015776,1.044996,-0.396267,-1.205178,-0.274031,3.0,-2.625,-16.35,37.65,224.0762,6.1758,154.8707,5.0,23.65102,48.84393,2.3532932,345.5521,NaN,1.548,44.954838,170.7,7 / 25,26119,2022-01-10 17:04:58:648
-7.402496,0.309571,-6.869495,-5.370943,-0.561099,-8.185873,-0.401683,1.015776,1.044996,-0.396267,-1.205178,-0.274031,3.0,-2.625,-16.35,37.65,224.0762,6.1758,154.8707,5.0,23.65102,48.84393,2.3532932,345.5521,NaN,1.548,44.954838,170.7,7 / 25,26122,2022-01-10 17:04:58:651
-7.402496,0.309571,-6.869495,-5.370943,-0.561099,-8.185873,-0.401683,1.015776,1.044996,-0.396267,-1.205178,-0.274031,3.0,-2.625,-16.35,37.65,224.0762,6.1758,154.8707,5.0,23.65102,48.84393,2.3532932,345.5521,NaN,1.548,44.954838,170.7,7 / 25,26128,2022-01-10 17:04:58:657
-7.402496,0.309571,-6.869495,-5.370943,-0.561099,-8.185873,-0.401683,1.015776,1.044996,-0.396267,-1.205178,-0.274031,3.0,-2.625,-16.35,37.65,224.0762,6.1758,154.8707,5.0,23.65102,48.84393,2.3532932,345.5521,NaN,1.548,44.954838,170.7,7 / 25,26133,2022-01-10 17:04:58:662
-7.402496,0.309571,-6.869495,-5.370943,-0.561099,-8.185873,-0.401683,1.015776,1.044996,-0.396267,-1.205178,-0.274031,3.0,-2.625,-16.35,37.65,224.0762,6.1758,154.8707,5.0,23.65102,48.84393,2.3532932,345.5521,NaN,1.548,44.954838,170.7,7 / 25,26137,2022-01-10 17:04:58:666
-7.402496,0.309571,-6.869495,-5.370943,-0.561099,-8.185873,-0.401683,1.015776,1.044996,-0.396267,-1.205178,-0.274031,3.0,-2.625,-16.35,37.65,224.0762,6.1758,154.8707,5.0,23.65102,48.84393,2.3532932,345.5521,NaN,1.548,44.954838,170.7,7 / 25,26143,2022-01-10 17:04:58:672
-7.402496,0.309571,-6.869495,-5.370943,-0.561099,-8.185873,-0.401683,1.015776,1.044996,-0.396267,-1.205178,-0.274031,3.0,-2.625,-16.35,37.65,224.0762,6.1758,154.8707,5.0,23.65102,48.84393,2.3532932,345.5521,NaN,1.548,44.954838,170.7,7 / 25,26148,2022-01-10 17:04:58:677
-7.402496,0.309571,-6.869495,-5.370943,-0.561099,-8.185873,-0.401683,1.015776,1.044996,-0.396267,-1.205178,-0.274031,3.0,-2.625,-16.35,37.65,224.0762,6.1758,154.8707,5.0,23.65102,48.84393,2.3532932,345.5521,NaN,1.548,44.954838,170.7,7 / 25,26152,2022-01-10 17:04:58:681
-7.402496,0.309571,-6.869495,-5.370943,-0.561099,-8.185873,-0.401683,1.015776,1.044996,-0.396267,-1.205178,-0.274031,3.0,-2.625,-16.35,37.65,224.0762,6.1758,154.8707,5.0,23.65102,48.84393,2.3532932,345.5521,NaN,1.548,44.954838,170.7,7 / 25,26157,2022-01-10 17:04:58:686
-7.402496,0.309571,-6.869495,-5.370943,-0.561099,-8.185873,-0.401683,1.015776,1.044996,-0.396267,-1.205178,-0.274031,3.0,-2.625,-16.35,37.65,224.0762,6.1758,154.8707,5.0,23.65102,48.84393,2.3532932,345.5521,NaN,1.548,44.954838,170.7,7 / 25,26162,2022-01-10 17:04:58:691
-7.402496,0.309571,-6.869495,-5.370943,-0.561099,-8.185873,-0.401683,1.015776,1.044996,0.15579,0.073901,-0.03462,3.0,-2.625,-16.35,37.65,224.0762,6.1758,154.8707,5.0,23.65102,48.84393,2.3532932,345.5521,NaN,1.548,44.954838,170.7,7 / 25,26167,2022-01-10 17:04:58:696
-7.402496,0.309571,-6.869495,-5.370943,-0.561099,-8.185873,-0.401683,1.015776,1.044996,0.15579,0.073901,-0.03462,3.0,-2.625,-16.35,37.65,224.0762,6.1758,154.8707,5.0,23.65102,48.84393,2.3532932,345.5521,NaN,1.548,44.954838,170.7,7 / 25,26173,2022-01-10 17:04:58:702
-7.402496,0.309571,-6.869495,-5.370943,-0.561099,-8.185873,-0.401683,1.015776,1.044996,0.15579,0.073901,-0.03462,3.0,-2.625,-16.35,37.65,224.0762,6.1758,154.8707,5.0,23.65102,48.84393,2.3532932,345.5521,NaN,1.548,44.954838,170.7,7 / 25,26177,2022-01-10 17:04:58:706
-7.402496,0.309571,-6.869495,-5.370943,-0.561099,-8.185873,-0.401683,1.015776,1.044996,0.15579,0.073901,-0.03462,3.0,-2.625,-16.35,37.65,224.0762,6.1758,154.8707,5.0,23.65102,48.84393,2.3532932,345.5521,NaN,1.548,44.954838,170.7,7 / 25,26182,2022-01-10 17:04:58:711
-6.894619,-0.907179,-7.43121,-6.045889,-0.919582,-7.666288,-0.401683,1.015776,1.044996,0.15579,0.073901,-0.03462,3.0,-2.625,-16.35,37.65,224.0762,6.1758,154.8707,5.0,23.65102,48.84393,2.3532932,345.5521,NaN,1.548,44.954838,170.7,7 / 25,26188,2022-01-10 17:04:58:717
-6.894619,-0.907179,-7.43121,-6.045889,-0.919582,-7.666288,-0.401683,1.015776,1.044996,0.15579,0.073901,-0.03462,3.0,7.5,-17.85,38.025,219.1559,5.3806,141.7395,5.0,23.65102,48.84393,2.3532932,345.5521,NaN,1.548,44.954838,170.7,7 / 25,26193,2022-01-10 17:04:58:722
-6.894619,-0.907179,-7.43121,-6.045889,-0.919582,-7.666288,-0.401683,1.015776,1.044996,0.15579,0.073901,-0.03462,3.0,7.5,-17.85,38.025,219.1559,5.3806,141.7395,5.0,23.65102,48.84393,2.3532932,345.5521,NaN,1.548,44.954838,170.7,7 / 25,26198,2022-01-10 17:04:58:727
-6.894619,-0.907179,-7.43121,-6.045889,-0.919582,-7.666288,-0.401683,1.015776,1.044996,0.15579,0.073901,-0.03462,3.0,7.5,-17.85,38.025,219.1559,5.3806,141.7395,5.0,23.65102,48.84393,2.3532932,345.5521,NaN,1.548,44.954838,170.7,7 / 25,26203,2022-01-10 17:04:58:732
-6.894619,-0.907179,-7.43121,-6.045889,-0.919582,-7.666288,-0.401683,1.015776,1.044996,0.15579,0.073901,-0.03462,3.0,7.5,-17.85,38.025,219.1559,5.3806,141.7395,5.0,23.65102,48.84393,2.3532932,345.5521,NaN,1.548,44.954838,170.7,7 / 25,26208,2022-01-10 17:04:58:737
-6.894619,-0.907179,-7.43121,-6.045889,-0.919582,-7.666288,-0.401683,1.015776,1.044996,0.15579,0.073901,-0.03462,3.0,7.5,-17.85,38.025,219.1559,5.3806,141.7395,5.0,23.65102,48.84393,2.3532932,345.5521,NaN,1.548,44.954838,170.7,7 / 25,26212,2022-01-10 17:04:58:741
-6.894619,-0.907179,-7.43121,-6.045889,-0.919582,-7.666288,-0.401683,1.015776,1.044996,0.15579,0.073901,-0.03462,3.0,7.5,-17.85,38.025,219.1559,5.3806,141.7395,5.0,23.65102,48.84393,2.3532932,345.5521,NaN,1.548,44.954838,170.7,7 / 25,26217,2022-01-10 17:04:58:746
-6.894619,-0.907179,-7.43121,-6.045889,-0.919582,-7.666288,-0.401683,1.015776,1.044996,0.15579,0.073901,-0.03462,3.0,7.5,-17.85,38.025,219.1559,5.3806,141.7395,5.0,23.65102,48.84393,2.3532932,345.5521,NaN,1.548,44.954838,170.7,7 / 25,26222,2022-01-10 17:04:58:751
-6.894619,-0.907179,-7.43121,-6.045889,-0.919582,-7.666288,-0.401683,1.015776,1.044996,0.15579,0.073901,-0.03462,3.0,7.5,-17.85,38.025,219.1559,5.3806,141.7395,5.0,23.65102,48.84393,2.3532932,345.5521,NaN,1.548,44.954838,170.7,7 / 25,26228,2022-01-10 17:04:58:757
-6.894619,-0.907179,-7.43121,-6.045889,-0.919582,-7.666288,-0.401683,1.015776,1.044996,0.15579,0.073901,-0.03462,3.0,7.5,-17.85,38.025,219.1559,5.3806,141.7395,5.0,23.65102,48.84393,2.3532932,345.5521,NaN,1.548,44.954838,170.7,7 / 25,26232,2022-01-10 17:04:58:761
-6.894619,-0.907179,-7.43121,-6.045889,-0.919582,-7.666288,-0.401683,1.015776,1.044996,0.15579,0.073901,-0.03462,3.0,7.5,-17.85,38.025,219.1559,5.3806,141.7395,5.0,23.65102,48.84393,2.3532932,345.5521,NaN,1.548,44.954838,170.7,7 / 25,26237,2022-01-10 17:04:58:766
-6.894619,-0.907179,-7.43121,-6.045889,-0.919582,-7.666288,-0.401683,1.015776,1.044996,0.15579,0.073901,-0.03462,3.0,7.5,-17.85,38.025,219.1559,5.3806,141.7395,5.0,23.65102,48.84393,2.3532932,345.5521,NaN,1.548,44.954838,170.7,7 / 25,26242,2022-01-10 17:04:58:771
-6.894619,-0.907179,-7.43121,-6.045889,-0.919582,-7.666288,-0.911829,0.146627,0.174325,0.15579,0.073901,-0.03462,3.0,7.5,-17.85,38.025,219.1559,5.3806,141.7395,5.0,23.65102,48.84393,2.3532932,345.5521,NaN,1.548,44.954838,170.7,7 / 25,26248,2022-01-10 17:04:58:777
-6.894619,-0.907179,-7.43121,-6.045889,-0.919582,-7.666288,-0.911829,0.146627,0.174325,0.15579,0.073901,-0.03462,3.0,7.5,-17.85,38.025,219.1559,5.3806,141.7395,5.0,23.65102,48.84393,2.3532932,345.5521,NaN,1.548,44.954838,170.7,7 / 25,26253,2022-01-10 17:04:58:782
-6.894619,-0.907179,-7.43121,-6.045889,-0.919582,-7.666288,-0.911829,0.146627,0.174325,0.15579,0.073901,-0.03462,3.0,7.5,-17.85,38.025,219.1559,5.3806,141.7395,5.0,23.65102,48.84393,2.3532932,345.5521,NaN,1.548,44.954838,170.7,7 / 25,26258,2022-01-10 17:04:58:787
-6.894619,-0.907179,-7.43121,-6.045889,-0.919582,-7.666288,-0.911829,0.146627,0.174325,0.15579,0.073901,-0.03462,3.0,7.5,-17.85,38.025,219.1559,5.3806,141.7395,5.0,23.65102,48.84393,2.3532932,345.5521,NaN,1.548,44.954838,170.7,7 / 25,26263,2022-01-10 17:04:58:792
-6.894619,-0.907179,-7.43121,-6.045889,-0.919582,-7.666288,-0.911829,0.146627,0.174325,0.15579,0.073901,-0.03462,3.0,7.5,-17.85,38.025,219.1559,5.3806,141.7395,5.0,23.65102,48.84393,2.3532932,345.5521,NaN,1.548,44.954838,170.7,7 / 25,26267,2022-01-10 17:04:58:796
-6.894619,-0.907179,-7.43121,-6.045889,-0.919582,-7.666288,-0.911829,0.146627,0.174325,0.15579,0.073901,-0.03462,3.0,7.5,-17.85,38.025,219.1559,5.3806,141.7395,5.0,23.65102,48.84393,2.3532932,345.5521,NaN,1.548,44.954838,170.7,7 / 25,26272,2022-01-10 17:04:58:801
-6.894619,-0.907179,-7.43121,-6.045889,-0.919582,-7.666288,-0.911829,0.146627,0.174325,0.15579,0.073901,-0.03462,3.0,7.5,-17.85,38.025,219.1559,5.3806,141.7395,5.0,23.65102,48.84393,2.3532932,345.5521,NaN,1.548,44.954838,170.7,7 / 25,26277,2022-01-10 17:04:58:806
-6.894619,-0.907179,-7.43121,-6.045889,-0.919582,-7.666288,-0.911829,0.146627,0.174325,0.15579,0.073901,-0.03462,3.0,7.5,-17.85,38.025,219.1559,5.3806,141.7395,5.0,23.65102,48.84393,2.3532932,345.5521,NaN,1.548,44.954838,170.7,7 / 25,26283,2022-01-10 17:04:58:812
-6.894619,-0.907179,-7.43121,-6.045889,-0.919582,-7.666288,-0.911829,0.146627,0.174325,0.15579,0.073901,-0.03462,3.0,7.5,-17.85,38.025,219.1559,5.3806,141.7395,5.0,25.29382,48.84393,2.3532932,345.5521,NaN,1.548,44.954838,170.7,7 / 25,26288,2022-01-10 17:04:58:817
-6.894619,-0.907179,-7.43121,-6.045889,-0.919582,-7.666288,-0.911829,0.146627,0.174325,0.15579,0.073901,-0.03462,3.0,7.5,-17.85,38.025,219.1559,5.3806,141.7395,5.0,25.29382,48.84393,2.3532932,345.5521,NaN,1.548,44.954838,170.7,7 / 25,26292,2022-01-10 17:04:58:821
-6.894619,-0.907179,-7.43121,-6.045889,-0.919582,-7.666288,-0.911829,0.146627,0.174325,0.15579,0.073901,-0.03462,3.0,7.5,-17.85,38.025,219.1559,5.3806,141.7395,5.0,25.29382,48.84393,2.3532932,345.5521,NaN,1.548,44.954838,170.7,7 / 25,26298,2022-01-10 17:04:58:827
-5.719444,-1.152742,-6.913762,-4.13898,-1.650737,-8.735806,-0.911829,0.146627,0.174325,0.805982,3.513405,-0.696529,3.0,7.5,-17.85,38.025,219.1559,5.3806,141.7395,5.0,25.29382,48.84393,2.3532932,345.5521,NaN,1.548,44.954838,170.7,7 / 25,26304,2022-01-10 17:04:58:833
-5.719444,-1.152742,-6.913762,-4.13898,-1.650737,-8.735806,-0.911829,0.146627,0.174325,0.805982,3.513405,-0.696529,3.0,7.5,-17.85,38.025,219.1559,5.3806,141.7395,5.0,25.29382,48.84393,2.3532932,345.5521,NaN,1.548,44.954838,170.7,7 / 25,26308,2022-01-10 17:04:58:837
-5.719444,-1.152742,-6.913762,-4.13898,-1.650737,-8.735806,-0.911829,0.146627,0.174325,0.805982,3.513405,-0.696529,3.0,7.5,-17.85,38.025,219.1559,5.3806,141.7395,5.0,25.29382,48.84393,2.3532932,345.5521,NaN,1.548,44.954838,170.7,7 / 25,26312,2022-01-10 17:04:58:841
-5.719444,-1.152742,-6.913762,-4.13898,-1.650737,-8.735806,-0.911829,0.146627,0.174325,0.805982,3.513405,-0.696529,3.0,7.5,-17.85,38.025,219.1559,5.3806,141.7395,5.0,25.29382,48.84393,2.3532932,345.5521,NaN,1.548,44.954838,170.7,7 / 25,26317,2022-01-10 17:04:58:846
-5.719444,-1.152742,-6.913762,-4.13898,-1.650737,-8.735806,-0.911829,0.146627,0.174325,0.805982,3.513405,-0.696529,3.0,7.5,-17.85,38.025,219.1559,5.3806,141.7395,5.0,25.29382,48.84393,2.3532932,345.5521,NaN,1.548,44.954838,170.7,7 / 25,26323,2022-01-10 17:04:58:852
-5.719444,-1.152742,-6.913762,-4.13898,-1.650737,-8.735806,-0.911829,0.146627,0.174325,0.805982,3.513405,-0.696529,3.0,7.5,-17.85,38.025,219.1559,5.3806,141.7395,5.0,25.29382,48.84393,2.3532932,345.5521,NaN,1.548,44.954838,170.7,7 / 25,26327,2022-01-10 17:04:58:856
-5.719444,-1.152742,-6.913762,-4.13898,-1.650737,-8.735806,-0.911829,0.146627,0.174325,0.805982,3.513405,-0.696529,3.0,7.5,-17.85,38.025,219.1559,5.3806,141.7395,5.0,25.29382,48.84393,2.3532932,345.5521,NaN,1.548,44.954838,170.7,7 / 25,26332,2022-01-10 17:04:58:861
-5.719444,-1.152742,-6.913762,-4.13898,-1.650737,-8.735806,-0.911829,0.146627,0.174325,0.805982,3.513405,-0.696529,3.0,12.975,-17.925,37.65,190.4746,9.6906,154.6487,5.0,25.29382,48.84393,2.3532932,345.5521,NaN,1.548,44.954838,170.7,7 / 25,26338,2022-01-10 17:04:58:867
-5.719444,-1.152742,-6.913762,-4.13898,-1.650737,-8.735806,-0.911829,0.146627,0.174325,0.805982,3.513405,-0.696529,3.0,12.975,-17.925,37.65,190.4746,9.6906,154.6487,5.0,25.29382,48.84393,2.3532932,345.5521,NaN,1.548,44.954838,170.7,7 / 25,26342,2022-01-10 17:04:58:871
-5.719444,-1.152742,-6.913762,-4.13898,-1.650737,-8.735806,-0.911829,0.146627,0.174325,0.805982,3.513405,-0.696529,3.0,12.975,-17.925,37.65,190.4746,9.6906,154.6487,5.0,25.29382,48.84393,2.3532932,345.5521,NaN,1.548,44.954838,170.7,7 / 25,26348,2022-01-10 17:04:58:877
-5.719444,-1.152742,-6.913762,-4.13898,-1.650737,-8.735806,-0.911829,0.146627,0.174325,0.805982,3.513405,-0.696529,3.0,12.975,-17.925,37.65,190.4746,9.6906,154.6487,5.0,25.29382,48.84393,2.3532932,345.5521,NaN,1.548,44.954838,170.7,7 / 25,26352,2022-01-10 17:04:58:881
-5.719444,-1.152742,-6.913762,-4.13898,-1.650737,-8.735806,-3.271699,0.934139,2.16023,0.805982,3.513405,-0.696529,3.0,12.975,-17.925,37.65,190.4746,9.6906,154.6487,5.0,25.29382,48.84393,2.3532932,345.5521,NaN,1.548,44.954838,170.7,7 / 25,26357,2022-01-10 17:04:58:886
-5.719444,-1.152742,-6.913762,-4.13898,-1.650737,-8.735806,-3.271699,0.934139,2.16023,0.805982,3.513405,-0.696529,3.0,12.975,-17.925,37.65,190.4746,9.6906,154.6487,5.0,25.29382,48.84393,2.3532932,345.5521,NaN,1.548,44.954838,170.7,7 / 25,26363,2022-01-10 17:04:58:892
-5.719444,-1.152742,-6.913762,-4.13898,-1.650737,-8.735806,-3.271699,0.934139,2.16023,0.805982,3.513405,-0.696529,3.0,12.975,-17.925,37.65,190.4746,9.6906,154.6487,5.0,25.29382,48.84393,2.3532932,345.5521,NaN,1.548,44.954838,170.7,7 / 25,26367,2022-01-10 17:04:58:896
-5.719444,-1.152742,-6.913762,-4.13898,-1.650737,-8.735806,-3.271699,0.934139,2.16023,0.805982,3.513405,-0.696529,3.0,12.975,-17.925,37.65,190.4746,9.6906,154.6487,5.0,25.29382,48.84393,2.3532932,345.5521,NaN,1.548,44.954838,170.7,7 / 25,26373,2022-01-10 17:04:58:902
-5.719444,-1.152742,-6.913762,-4.13898,-1.650737,-8.735806,-3.271699,0.934139,2.16023,0.805982,3.513405,-0.696529,3.0,12.975,-17.925,37.65,190.4746,9.6906,154.6487,5.0,25.29382,48.84393,2.3532932,345.5521,NaN,1.548,44.954838,170.7,7 / 25,26378,2022-01-10 17:04:58:907
-5.719444,-1.152742,-6.913762,-4.13898,-1.650737,-8.735806,-3.271699,0.934139,2.16023,0.805982,3.513405,-0.696529,3.0,12.975,-17.925,37.65,190.4746,9.6906,154.6487,5.0,25.29382,48.84393,2.3532932,345.5521,NaN,1.548,44.954838,170.7,7 / 25,26382,2022-01-10 17:04:58:911
-5.719444,-1.152742,-6.913762,-4.13898,-1.650737,-8.735806,-3.271699,0.934139,2.16023,0.805982,3.513405,-0.696529,3.0,12.975,-17.925,37.65,190.4746,9.6906,154.6487,5.0,25.29382,48.84393,2.3532932,345.5521,NaN,1.548,44.954838,170.7,7 / 25,26387,2022-01-10 17:04:58:916
-5.719444,-1.152742,-6.913762,-4.13898,-1.650737,-8.735806,-3.271699,0.934139,2.16023,0.805982,3.513405,-0.696529,3.0,12.975,-17.925,37.65,190.4746,9.6906,154.6487,5.0,25.29382,48.84393,2.3532932,345.5521,NaN,1.548,44.954838,170.7,7 / 25,26393,2022-01-10 17:04:58:922
1.410569,-3.275176,-7.7677,-4.13898,-1.650737,-8.735806,-3.271699,0.934139,2.16023,0.805982,3.513405,-0.696529,3.0,12.975,-17.925,37.65,190.4746,9.6906,154.6487,5.0,25.29382,48.84393,2.3532932,345.5521,NaN,1.548,44.954838,170.7,7 / 25,26397,2022-01-10 17:04:58:926
1.410569,-3.275176,-7.7677,-4.13898,-1.650737,-8.735806,-3.271699,0.934139,2.16023,0.805982,3.513405,-0.696529,3.0,12.975,-17.925,37.65,190.4746,9.6906,154.6487,5.0,25.29382,48.84393,2.3532932,345.5521,NaN,1.548,44.954838,170.7,7 / 25,26402,2022-01-10 17:04:58:931
1.410569,-3.275176,-7.7677,-4.13898,-1.650737,-8.735806,-3.271699,0.934139,2.16023,0.805982,3.513405,-0.696529,3.0,12.975,-17.925,37.65,190.4746,9.6906,154.6487,5.0,25.29382,48.84393,2.3532932,345.5521,NaN,1.548,44.954838,170.7,7 / 25,26407,2022-01-10 17:04:58:936
1.410569,-3.275176,-7.7677,-4.13898,-1.650737,-8.735806,-3.271699,0.934139,2.16023,0.805982,3.513405,-0.696529,3.0,12.975,-17.925,37.65,190.4746,9.6906,154.6487,5.0,25.29382,48.84393,2.3532932,345.5521,NaN,1.548,44.954838,170.7,7 / 25,26413,2022-01-10 17:04:58:942
1.410569,-3.275176,-7.7677,2.884308,-2.872913,-8.921744,-3.271699,0.934139,2.16023,0.805982,3.513405,-0.696529,3.0,12.975,-17.925,37.65,190.4746,9.6906,154.6487,5.0,25.29382,48.84393,2.3532932,345.5521,NaN,1.548,44.954838,170.7,7 / 25,26418,2022-01-10 17:04:58:947
1.410569,-3.275176,-7.7677,2.884308,-2.872913,-8.921744,-3.271699,0.934139,2.16023,0.805982,3.513405,-0.696529,3.0,12.975,-17.925,37.65,190.4746,9.6906,154.6487,5.0,25.29382,48.84393,2.3532932,345.5521,NaN,1.548,44.954838,170.7,7 / 25,26423,2022-01-10 17:04:58:952
1.410569,-3.275176,-7.7677,2.884308,-2.872913,-8.921744,-3.271699,0.934139,2.16023,0.805982,3.513405,-0.696529,3.0,12.975,-17.925,37.65,190.4746,9.6906,154.6487,5.0,25.29382,48.84393,2.3532932,345.5521,NaN,1.548,44.954838,170.7,7 / 25,26428,2022-01-10 17:04:58:957
1.410569,-3.275176,-7.7677,2.884308,-2.872913,-8.921744,-3.271699,0.934139,2.16023,0.647795,6.681808,-0.854849,3.0,12.975,-17.925,37.65,190.4746,9.6906,154.6487,5.0,25.29382,48.84393,2.3532932,345.5521,NaN,1.548,44.954838,170.7,7 / 25,26433,2022-01-10 17:04:58:962
1.410569,-3.275176,-7.7677,2.884308,-2.872913,-8.921744,-3.271699,0.934139,2.16023,0.647795,6.681808,-0.854849,3.0,12.975,-17.925,37.65,190.4746,9.6906,154.6487,5.0,25.29382,48.84393,2.3532932,345.5521,NaN,1.548,44.954838,170.7,7 / 25,26438,2022-01-10 17:04:58:967
1.410569,-3.275176,-7.7677,2.884308,-2.872913,-8.921744,-3.271699,0.934139,2.16023,0.647795,6.681808,-0.854849,3.0,12.975,-17.925,37.65,190.4746,9.6906,154.6487,5.0,25.29382,48.84393,2.3532932,345.5521,NaN,1.548,44.954838,170.7,7 / 25,26443,2022-01-10 17:04:58:972
1.410569,-3.275176,-7.7677,2.884308,-2.872913,-8.921744,-3.271699,0.934139,2.16023,0.647795,6.681808,-0.854849,3.0,12.975,-17.925,37.65,190.4746,9.6906,154.6487,5.0,25.29382,48.84393,2.3532932,345.5521,NaN,1.548,44.954838,170.7,7 / 25,26447,2022-01-10 17:04:58:976
1.410569,-3.275176,-7.7677,2.884308,-2.872913,-8.921744,-3.271699,0.934139,2.16023,0.647795,6.681808,-0.854849,3.0,8.025,-16.875,37.125,143.6895,17.035,-162.0845,5.0,25.29382,48.84393,2.3532932,345.5521,NaN,1.548,44.954838,170.7,7 / 25,26453,2022-01-10 17:04:58:982
1.410569,-3.275176,-7.7677,2.884308,-2.872913,-8.921744,-3.271699,0.934139,2.16023,0.647795,6.681808,-0.854849,3.0,8.025,-16.875,37.125,143.6895,17.035,-162.0845,5.0,25.29382,48.84393,2.3532932,345.5521,NaN,1.548,44.954838,170.7,7 / 25,26458,2022-01-10 17:04:58:987
1.410569,-3.275176,-7.7677,2.884308,-2.872913,-8.921744,-3.271699,0.934139,2.16023,0.647795,6.681808,-0.854849,3.0,8.025,-16.875,37.125,143.6895,17.035,-162.0845,5.0,25.29382,48.84393,2.3532932,345.5521,NaN,1.548,44.954838,170.7,7 / 25,26462,2022-01-10 17:04:58:991
1.410569,-3.275176,-7.7677,2.884308,-2.872913,-8.921744,-3.271699,0.934139,2.16023,0.647795,6.681808,-0.854849,3.0,8.025,-16.875,37.125,143.6895,17.035,-162.0845,5.0,25.29382,48.84393,2.3532932,345.5521,NaN,1.548,44.954838,170.7,7 / 25,26467,2022-01-10 17:04:58:996
1.410569,-3.275176,-7.7677,2.884308,-2.872913,-8.921744,-3.271699,0.934139,2.16023,0.647795,6.681808,-0.854849,3.0,8.025,-16.875,37.125,143.6895,17.035,-162.0845,5.0,25.29382,48.84393,2.3532932,345.5521,NaN,1.548,44.954838,170.7,7 / 25,26472,2022-01-10 17:04:59:001
1.410569,-3.275176,-7.7677,2.884308,-2.872913,-8.921744,-3.271699,0.934139,2.16023,0.647795,6.681808,-0.854849,3.0,8.025,-16.875,37.125,143.6895,17.035,-162.0845,5.0,25.29382,48.84393,2.3532932,345.5521,NaN,1.548,44.954838,170.7,7 / 25,26478,2022-01-10 17:04:59:007
1.410569,-3.275176,-7.7677,2.884308,-2.872913,-8.921744,-3.271699,0.934139,2.16023,0.647795,6.681808,-0.854849,3.0,8.025,-16.875,37.125,143.6895,17.035,-162.0845,5.0,25.29382,48.84393,2.3532932,345.5521,NaN,1.548,44.954838,170.7,7 / 25,26484,2022-01-10 17:04:59:013
7.872387,-2.957828,-7.857431,2.884308,-2.872913,-8.921744,-3.155409,-0.071486,-1.227804,0.647795,6.681808,-0.854849,3.0,8.025,-16.875,37.125,143.6895,17.035,-162.0845,5.0,25.29382,48.84393,2.3532932,345.5521,NaN,1.548,44.954838,170.7,7 / 25,26488,2022-01-10 17:04:59:017
7.872387,-2.957828,-7.857431,2.884308,-2.872913,-8.921744,-3.155409,-0.071486,-1.227804,0.647795,6.681808,-0.854849,3.0,8.025,-16.875,37.125,143.6895,17.035,-162.0845,5.0,25.29382,48.84393,2.3532932,345.5521,NaN,1.548,44.954838,170.7,7 / 25,26492,2022-01-10 17:04:59:021
7.872387,-2.957828,-7.857431,2.884308,-2.872913,-8.921744,-3.155409,-0.071486,-1.227804,0.647795,6.681808,-0.854849,3.0,8.025,-16.875,37.125,143.6895,17.035,-162.0845,5.0,25.29382,48.84393,2.3532932,345.5521,NaN,1.548,44.954838,170.7,7 / 25,26498,2022-01-10 17:04:59:027
7.872387,-2.957828,-7.857431,2.884308,-2.872913,-8.921744,-3.155409,-0.071486,-1.227804,0.647795,6.681808,-0.854849,3.0,8.025,-16.875,37.125,143.6895,17.035,-162.0845,5.0,25.29382,48.84393,2.3532932,345.5521,NaN,1.548,44.954838,170.7,7 / 25,26502,2022-01-10 17:04:59:031
7.872387,-2.957828,-7.857431,2.884308,-2.872913,-8.921744,-3.155409,-0.071486,-1.227804,0.647795,6.681808,-0.854849,3.0,8.025,-16.875,37.125,143.6895,17.035,-162.0845,5.0,25.29382,48.84393,2.3532932,345.5521,NaN,1.548,44.954838,170.7,7 / 25,26509,2022-01-10 17:04:59:038
7.872387,-2.957828,-7.857431,2.884308,-2.872913,-8.921744,-3.155409,-0.071486,-1.227804,0.647795,6.681808,-0.854849,3.0,8.025,-16.875,37.125,143.6895,17.035,-162.0845,5.0,25.29382,48.84393,2.3532932,345.5521,NaN,1.548,44.954838,170.7,7 / 25,26513,2022-01-10 17:04:59:042
7.872387,-2.957828,-7.857431,2.884308,-2.872913,-8.921744,-3.155409,-0.071486,-1.227804,0.647795,6.681808,-0.854849,3.0,8.025,-16.875,37.125,143.6895,17.035,-162.0845,5.0,25.29382,48.84393,2.3532932,345.5521,NaN,1.548,44.954838,170.7,7 / 25,26518,2022-01-10 17:04:59:047
7.872387,-2.957828,-7.857431,2.884308,-2.872913,-8.921744,-3.155409,-0.071486,-1.227804,0.647795,6.681808,-0.854849,3.0,8.025,-16.875,37.125,143.6895,17.035,-162.0845,5.0,25.29382,48.84393,2.3532932,345.5521,NaN,1.548,44.954838,170.7,7 / 25,26523,2022-01-10 17:04:59:052
7.872387,-2.957828,-7.857431,2.884308,-2.872913,-8.921744,-3.155409,-0.071486,-1.227804,0.647795,6.681808,-0.854849,3.0,8.025,-16.875,37.125,143.6895,17.035,-162.0845,5.0,25.29382,48.84393,2.3532932,345.5521,NaN,1.548,44.954838,170.7,7 / 25,26528,2022-01-10 17:04:59:057
7.872387,-2.957828,-7.857431,2.884308,-2.872913,-8.921744,-3.155409,-0.071486,-1.227804,0.647795,6.681808,-0.854849,3.0,8.025,-16.875,37.125,143.6895,17.035,-162.0845,5.0,25.29382,48.84393,2.3532932,345.5521,NaN,1.548,44.954838,170.7,7 / 25,26533,2022-01-10 17:04:59:062
7.872387,-2.957828,-7.857431,8.698853,-2.08908,-4.016973,-3.155409,-0.071486,-1.227804,0.647795,6.681808,-0.854849,3.0,8.025,-16.875,37.125,143.6895,17.035,-162.0845,5.0,25.29382,48.84393,2.3532932,345.5521,NaN,1.548,44.954838,170.7,7 / 25,26538,2022-01-10 17:04:59:067
7.872387,-2.957828,-7.857431,8.698853,-2.08908,-4.016973,-3.155409,-0.071486,-1.227804,0.647795,6.681808,-0.854849,3.0,8.025,-16.875,37.125,143.6895,17.035,-162.0845,5.0,25.29382,48.84393,2.3532932,345.5521,NaN,1.548,44.954838,170.7,7 / 25,26543,2022-01-10 17:04:59:072
7.872387,-2.957828,-7.857431,8.698853,-2.08908,-4.016973,-3.155409,-0.071486,-1.227804,0.647795,6.681808,-0.854849,3.0,8.025,-16.875,37.125,143.6895,17.035,-162.0845,5.0,25.29382,48.84393,2.3532932,345.5521,NaN,1.548,44.954838,170.7,7 / 25,26547,2022-01-10 17:04:59:076
7.872387,-2.957828,-7.857431,8.698853,-2.08908,-4.016973,-3.155409,-0.071486,-1.227804,0.647795,6.681808,-0.854849,3.0,8.025,-16.875,37.125,143.6895,17.035,-162.0845,5.0,25.29382,48.84393,2.3532932,345.5521,NaN,1.548,44.954838,170.7,7 / 25,26552,2022-01-10 17:04:59:081
7.872387,-2.957828,-7.857431,8.698853,-2.08908,-4.016973,-3.155409,-0.071486,-1.227804,0.417838,6.153452,-2.189054,3.0,8.025,-16.875,37.125,143.6895,17.035,-162.0845,5.0,25.29382,48.84393,2.3532932,345.5521,NaN,1.548,44.954838,170.7,7 / 25,26557,2022-01-10 17:04:59:086
7.872387,-2.957828,-7.857431,8.698853,-2.08908,-4.016973,-3.155409,-0.071486,-1.227804,0.417838,6.153452,-2.189054,3.0,8.025,-16.875,37.125,143.6895,17.035,-162.0845,5.0,25.29382,48.84393,2.3532932,345.5521,NaN,1.548,44.954838,170.7,7 / 25,26563,2022-01-10 17:04:59:092
7.872387,-2.957828,-7.857431,8.698853,-2.08908,-4.016973,-3.155409,-0.071486,-1.227804,0.417838,6.153452,-2.189054,3.0,8.025,-16.875,37.125,143.6895,17.035,-162.0845,5.0,25.29382,48.84393,2.3532932,345.5521,NaN,1.548,44.954838,170.7,7 / 25,26567,2022-01-10 17:04:59:096
7.872387,-2.957828,-7.857431,8.698853,-2.08908,-4.016973,-3.155409,-0.071486,-1.227804,0.417838,6.153452,-2.189054,3.0,8.025,-16.875,37.125,143.6895,17.035,-162.0845,5.0,25.29382,48.84393,2.3532932,345.5521,NaN,1.548,44.954838,170.7,7 / 25,26572,2022-01-10 17:04:59:101
7.872387,-2.957828,-7.857431,8.698853,-2.08908,-4.016973,-3.155409,-0.071486,-1.227804,0.417838,6.153452,-2.189054,3.0,8.025,-16.875,37.125,143.6895,17.035,-162.0845,5.0,25.29382,48.84393,2.3532932,345.5521,NaN,1.548,44.954838,170.7,7 / 25,26577,2022-01-10 17:04:59:106
7.872387,-2.957828,-7.857431,8.698853,-2.08908,-4.016973,-3.155409,-0.071486,-1.227804,0.417838,6.153452,-2.189054,3.0,8.025,-16.875,37.125,143.6895,17.035,-162.0845,5.0,25.29382,48.84393,2.3532932,345.5521,NaN,1.548,44.954838,170.7,7 / 25,26583,2022-01-10 17:04:59:112
10.259526,-0.833001,-1.491626,8.698853,-2.08908,-4.016973,-3.155409,-0.071486,-1.227804,0.417838,6.153452,-2.189054,3.0,8.025,-16.875,37.125,143.6895,17.035,-162.0845,5.0,25.29382,48.84393,2.3532932,345.5521,NaN,1.548,44.954838,170.7,7 / 25,26588,2022-01-10 17:04:59:117
10.259526,-0.833001,-1.491626,8.698853,-2.08908,-4.016973,-3.155409,-0.071486,-1.227804,0.417838,6.153452,-2.189054,3.0,8.025,-16.875,37.125,143.6895,17.035,-162.0845,5.0,25.29382,48.84393,2.3532932,345.5521,NaN,1.548,44.954838,170.7,7 / 25,26592,2022-01-10 17:04:59:121
10.259526,-0.833001,-1.491626,8.698853,-2.08908,-4.016973,-3.155409,-0.071486,-1.227804,0.417838,6.153452,-2.189054,3.0,-4.35,-16.35,31.2,125.9226,12.2998,-114.7866,5.0,25.29382,48.84393,2.3532932,345.5521,NaN,1.548,44.954838,170.7,7 / 25,26598,2022-01-10 17:04:59:127
10.259526,-0.833001,-1.491626,8.698853,-2.08908,-4.016973,-3.155409,-0.071486,-1.227804,0.417838,6.153452,-2.189054,3.0,-4.35,-16.35,31.2,125.9226,12.2998,-114.7866,5.0,25.29382,48.84393,2.3532932,345.5521,NaN,1.548,44.954838,170.7,7 / 25,26602,2022-01-10 17:04:59:131
10.259526,-0.833001,-1.491626,8.698853,-2.08908,-4.016973,0.662158,-1.623481,-4.120784,0.417838,6.153452,-2.189054,3.0,-4.35,-16.35,31.2,125.9226,12.2998,-114.7866,5.0,25.29382,48.84393,2.3532932,345.5521,NaN,1.548,44.954838,170.7,7 / 25,26608,2022-01-10 17:04:59:137
10.259526,-0.833001,-1.491626,8.698853,-2.08908,-4.016973,0.662158,-1.623481,-4.120784,0.417838,6.153452,-2.189054,3.0,-4.35,-16.35,31.2,125.9226,12.2998,-114.7866,5.0,25.29382,48.84393,2.3532932,345.5521,NaN,1.548,44.954838,170.7,7 / 25,26613,2022-01-10 17:04:59:142
10.259526,-0.833001,-1.491626,8.698853,-2.08908,-4.016973,0.662158,-1.623481,-4.120784,0.417838,6.153452,-2.189054,3.0,-4.35,-16.35,31.2,125.9226,12.2998,-114.7866,5.0,25.29382,48.84393,2.3532932,345.5521,NaN,1.548,44.954838,170.7,7 / 25,26617,2022-01-10 17:04:59:146
10.259526,-0.833001,-1.491626,8.698853,-2.08908,-4.016973,0.662158,-1.623481,-4.120784,0.417838,6.153452,-2.189054,3.0,-4.35,-16.35,31.2,125.9226,12.2998,-114.7866,5.0,26.58148,48.84393,2.3532932,345.5521,NaN,1.548,44.954838,170.7,7 / 25,26622,2022-01-10 17:04:59:151
10.259526,-0.833001,-1.491626,8.698853,-2.08908,-4.016973,0.662158,-1.623481,-4.120784,0.417838,6.153452,-2.189054,3.0,-4.35,-16.35,31.2,125.9226,12.2998,-114.7866,5.0,26.58148,48.84393,2.3532932,345.5521,NaN,1.548,44.954838,170.7,7 / 25,26627,2022-01-10 17:04:59:156
10.259526,-0.833001,-1.491626,8.698853,-2.08908,-4.016973,0.662158,-1.623481,-4.120784,0.417838,6.153452,-2.189054,3.0,-4.35,-16.35,31.2,125.9226,12.2998,-114.7866,5.0,26.58148,48.84393,2.3532932,345.5521,NaN,1.548,44.954838,170.7,7 / 25,26633,2022-01-10 17:04:59:162
10.259526,-0.833001,-1.491626,8.698853,-2.08908,-4.016973,0.662158,-1.623481,-4.120784,0.417838,6.153452,-2.189054,3.0,-4.35,-16.35,31.2,125.9226,12.2998,-114.7866,5.0,26.58148,48.84393,2.3532932,345.5521,NaN,1.548,44.954838,170.7,7 / 25,26638,2022-01-10 17:04:59:167
10.259526,-0.833001,-1.491626,8.698853,-2.08908,-4.016973,0.662158,-1.623481,-4.120784,0.417838,6.153452,-2.189054,3.0,-4.35,-16.35,31.2,125.9226,12.2998,-114.7866,5.0,26.58148,48.84393,2.3532932,345.5521,NaN,1.548,44.954838,170.7,7 / 25,26642,2022-01-10 17:04:59:171
10.259526,-0.833001,-1.491626,8.698853,-2.08908,-4.016973,0.662158,-1.623481,-4.120784,0.417838,6.153452,-2.189054,3.0,-4.35,-16.35,31.2,125.9226,12.2998,-114.7866,5.0,26.58148,48.84393,2.3532932,345.5521,NaN,1.548,44.954838,170.7,7 / 25,26648,2022-01-10 17:04:59:177
10.259526,-0.833001,-1.491626,8.698853,-2.08908,-4.016973,0.662158,-1.623481,-4.120784,0.417838,6.153452,-2.189054,3.0,-4.35,-16.35,31.2,125.9226,12.2998,-114.7866,5.0,26.58148,48.84393,2.3532932,345.5521,NaN,1.548,44.954838,170.7,7 / 25,26652,2022-01-10 17:04:59:181
10.259526,-0.833001,-1.491626,8.698853,-2.08908,-4.016973,0.662158,-1.623481,-4.120784,0.417838,6.153452,-2.189054,3.0,-4.35,-16.35,31.2,125.9226,12.2998,-114.7866,5.0,26.58148,48.84393,2.3532932,345.5521,NaN,1.548,44.954838,170.7,7 / 25,26658,2022-01-10 17:04:59:187
10.259526,-0.833001,-1.491626,8.698853,-2.08908,-4.016973,0.662158,-1.623481,-4.120784,0.417838,6.153452,-2.189054,3.0,-4.35,-16.35,31.2,125.9226,12.2998,-114.7866,5.0,26.58148,48.84393,2.3532932,345.5521,NaN,1.548,44.954838,170.7,7 / 25,26663,2022-01-10 17:04:59:192
10.259526,-0.833001,-1.491626,8.698853,-2.08908,-4.016973,0.662158,-1.623481,-4.120784,0.417838,6.153452,-2.189054,3.0,-4.35,-16.35,31.2,125.9226,12.2998,-114.7866,5.0,26.58148,48.84393,2.3532932,345.5521,NaN,1.548,44.954838,170.7,7 / 25,26667,2022-01-10 17:04:59:196
8.170593,-0.215055,0.614058,9.594378,0.483719,1.97087,0.662158,-1.623481,-4.120784,0.417838,6.153452,-2.189054,3.0,-4.35,-16.35,31.2,125.9226,12.2998,-114.7866,5.0,26.58148,48.84393,2.3532932,345.5521,NaN,1.548,44.954838,170.7,7 / 25,26673,2022-01-10 17:04:59:202
8.170593,-0.215055,0.614058,9.594378,0.483719,1.97087,0.662158,-1.623481,-4.120784,0.417838,6.153452,-2.189054,3.0,-4.35,-16.35,31.2,125.9226,12.2998,-114.7866,5.0,26.58148,48.84393,2.3532932,345.5521,NaN,1.548,44.954838,170.7,7 / 25,26678,2022-01-10 17:04:59:207
8.170593,-0.215055,0.614058,9.594378,0.483719,1.97087,0.662158,-1.623481,-4.120784,0.417838,6.153452,-2.189054,3.0,-4.35,-16.35,31.2,125.9226,12.2998,-114.7866,5.0,26.58148,48.84393,2.3532932,345.5521,NaN,1.548,44.954838,170.7,7 / 25,26683,2022-01-10 17:04:59:212
8.170593,-0.215055,0.614058,9.594378,0.483719,1.97087,0.662158,-1.623481,-4.120784,0.417838,6.153452,-2.189054,3.0,-4.35,-16.35,31.2,125.9226,12.2998,-114.7866,5.0,26.58148,48.84393,2.3532932,345.5521,NaN,1.548,44.954838,170.7,7 / 25,26687,2022-01-10 17:04:59:216
8.170593,-0.215055,0.614058,9.594378,0.483719,1.97087,0.662158,-1.623481,-4.120784,0.417838,6.153452,-2.189054,3.0,-4.35,-16.35,31.2,125.9226,12.2998,-114.7866,5.0,26.58148,48.84393,2.3532932,345.5521,NaN,1.548,44.954838,170.7,7 / 25,26693,2022-01-10 17:04:59:222
8.170593,-0.215055,0.614058,9.594378,0.483719,1.97087,0.662158,-1.623481,-4.120784,0.417838,6.153452,-2.189054,3.0,-4.35,-16.35,31.2,125.9226,12.2998,-114.7866,5.0,26.58148,48.84393,2.3532932,345.5521,NaN,1.548,44.954838,170.7,7 / 25,26697,2022-01-10 17:04:59:226
8.170593,-0.215055,0.614058,9.594378,0.483719,1.97087,0.662158,-1.623481,-4.120784,0.417838,6.153452,-2.189054,3.0,-4.35,-16.35,31.2,125.9226,12.2998,-114.7866,5.0,26.58148,48.84393,2.3532932,345.5521,NaN,1.548,44.954838,170.7,7 / 25,26703,2022-01-10 17:04:59:232
8.170593,-0.215055,0.614058,9.594378,0.483719,1.97087,0.662158,-1.623481,-4.120784,0.417838,6.153452,-2.189054,13.0,-4.35,-16.35,31.2,125.9226,12.2998,-114.7866,5.0,26.58148,48.84393,2.3532932,345.5521,NaN,1.548,44.954838,170.7,7 / 25,26708,2022-01-10 17:04:59:237
8.170593,-0.215055,0.614058,9.594378,0.483719,1.97087,0.662158,-1.623481,-4.120784,-0.487344,3.94083,-1.164433,13.0,-4.35,-16.35,31.2,125.9226,12.2998,-114.7866,5.0,26.58148,48.84393,2.3532932,345.5521,NaN,1.548,44.954838,170.7,7 / 25,26713,2022-01-10 17:04:59:242
8.170593,-0.215055,0.614058,9.594378,0.483719,1.97087,0.662158,-1.623481,-4.120784,-0.487344,3.94083,-1.164433,13.0,-4.35,-16.35,31.2,125.9226,12.2998,-114.7866,5.0,26.58148,48.84393,2.3532932,345.5521,NaN,1.548,44.954838,170.7,7 / 25,26718,2022-01-10 17:04:59:247
8.170593,-0.215055,0.614058,9.594378,0.483719,1.97087,0.662158,-1.623481,-4.120784,-0.487344,3.94083,-1.164433,13.0,-4.35,-16.35,31.2,125.9226,12.2998,-114.7866,5.0,26.58148,48.84393,2.3532932,345.5521,NaN,1.548,44.954838,170.7,7 / 25,26722,2022-01-10 17:04:59:251
8.170593,-0.215055,0.614058,9.594378,0.483719,1.97087,0.662158,-1.623481,-4.120784,-0.487344,3.94083,-1.164433,13.0,-4.35,-16.35,31.2,125.9226,12.2998,-114.7866,5.0,26.58148,48.84393,2.3532932,345.5521,NaN,1.548,44.954838,170.7,7 / 25,26728,2022-01-10 17:04:59:257
8.170593,-0.215055,0.614058,9.594378,0.483719,1.97087,0.712607,-2.215844,-4.043224,-0.487344,3.94083,-1.164433,13.0,-16.95,-17.925,20.775,125.8975,-2.8273,-78.3918,5.0,26.58148,48.84393,2.3532932,345.5521,NaN,1.548,44.954838,170.7,7 / 25,26733,2022-01-10 17:04:59:262
8.170593,-0.215055,0.614058,9.594378,0.483719,1.97087,0.712607,-2.215844,-4.043224,-0.487344,3.94083,-1.164433,13.0,-16.95,-17.925,20.775,125.8975,-2.8273,-78.3918,5.0,26.58148,48.84393,2.3532932,345.5521,NaN,1.548,44.954838,170.7,7 / 25,26737,2022-01-10 17:04:59:266
8.170593,-0.215055,0.614058,9.594378,0.483719,1.97087,0.712607,-2.215844,-4.043224,-0.487344,3.94083,-1.164433,13.0,-16.95,-17.925,20.775,125.8975,-2.8273,-78.3918,5.0,26.58148,48.84393,2.3532932,345.5521,NaN,1.548,44.954838,170.7,7 / 25,26743,2022-01-10 17:04:59:272
8.170593,-0.215055,0.614058,9.594378,0.483719,1.97087,0.712607,-2.215844,-4.043224,-0.487344,3.94083,-1.164433,13.0,-16.95,-17.925,20.775,125.8975,-2.8273,-78.3918,5.0,26.58148,48.84393,2.3532932,345.5521,NaN,1.548,44.954838,170.7,7 / 25,26747,2022-01-10 17:04:59:276
8.170593,-0.215055,0.614058,9.594378,0.483719,1.97087,0.712607,-2.215844,-4.043224,-0.487344,3.94083,-1.164433,13.0,-16.95,-17.925,20.775,125.8975,-2.8273,-78.3918,5.0,26.58148,48.84393,2.3532932,345.5521,NaN,1.548,44.954838,170.7,7 / 25,26753,2022-01-10 17:04:59:282
7.472187,2.115853,4.264609,9.594378,0.483719,1.97087,0.712607,-2.215844,-4.043224,-0.487344,3.94083,-1.164433,13.0,-16.95,-17.925,20.775,125.8975,-2.8273,-78.3918,5.0,26.58148,48.84393,2.3532932,345.5521,NaN,1.548,44.954838,170.7,7 / 25,26757,2022-01-10 17:04:59:286
7.472187,2.115853,4.264609,9.594378,0.483719,1.97087,0.712607,-2.215844,-4.043224,-0.487344,3.94083,-1.164433,13.0,-16.95,-17.925,20.775,125.8975,-2.8273,-78.3918,5.0,26.58148,48.84393,2.3532932,345.5521,NaN,1.548,44.954838,170.7,7 / 25,26763,2022-01-10 17:04:59:292
7.472187,2.115853,4.264609,9.594378,0.483719,1.97087,0.712607,-2.215844,-4.043224,-0.487344,3.94083,-1.164433,13.0,-16.95,-17.925,20.775,125.8975,-2.8273,-78.3918,5.0,26.58148,48.84393,2.3532932,345.5521,NaN,1.548,44.954838,170.7,7 / 25,26767,2022-01-10 17:04:59:296
7.472187,2.115853,4.264609,9.594378,0.483719,1.97087,0.712607,-2.215844,-4.043224,-0.487344,3.94083,-1.164433,13.0,-16.95,-17.925,20.775,125.8975,-2.8273,-78.3918,5.0,26.58148,48.84393,2.3532932,345.5521,NaN,1.548,44.954838,170.7,7 / 25,26773,2022-01-10 17:04:59:302
7.472187,2.115853,4.264609,9.594378,0.483719,1.97087,0.712607,-2.215844,-4.043224,-0.487344,3.94083,-1.164433,13.0,-16.95,-17.925,20.775,125.8975,-2.8273,-78.3918,5.0,26.58148,48.84393,2.3532932,345.5521,NaN,1.548,44.954838,170.7,7 / 25,26778,2022-01-10 17:04:59:307
7.472187,2.115853,4.264609,7.812969,0.892663,5.859272,0.712607,-2.215844,-4.043224,-0.487344,3.94083,-1.164433,13.0,-16.95,-17.925,20.775,125.8975,-2.8273,-78.3918,5.0,26.58148,48.84393,2.3532932,345.5521,NaN,1.548,44.954838,170.7,7 / 25,26783,2022-01-10 17:04:59:312
7.472187,2.115853,4.264609,7.812969,0.892663,5.859272,0.712607,-2.215844,-4.043224,-0.487344,3.94083,-1.164433,13.0,-16.95,-17.925,20.775,125.8975,-2.8273,-78.3918,5.0,26.58148,48.84393,2.3532932,345.5521,NaN,1.548,44.954838,170.7,7 / 25,26788,2022-01-10 17:04:59:317
7.472187,2.115853,4.264609,7.812969,0.892663,5.859272,0.712607,-2.215844,-4.043224,-0.487344,3.94083,-1.164433,13.0,-16.95,-17.925,20.775,125.8975,-2.8273,-78.3918,5.0,26.58148,48.84393,2.3532932,345.5521,NaN,1.548,44.954838,170.7,7 / 25,26792,2022-01-10 17:04:59:321
7.472187,2.115853,4.264609,7.812969,0.892663,5.859272,0.712607,-2.215844,-4.043224,-0.487344,3.94083,-1.164433,13.0,-16.95,-17.925,20.775,125.8975,-2.8273,-78.3918,5.0,26.58148,48.84393,2.3532932,345.5521,NaN,1.548,44.954838,170.7,7 / 25,26798,2022-01-10 17:04:59:327
7.472187,2.115853,4.264609,7.812969,0.892663,5.859272,0.712607,-2.215844,-4.043224,-0.487344,3.94083,-1.164433,13.0,-16.95,-17.925,20.775,125.8975,-2.8273,-78.3918,5.0,26.58148,48.84393,2.3532932,345.5521,NaN,1.548,44.954838,170.7,7 / 25,26802,2022-01-10 17:04:59:331
7.472187,2.115853,4.264609,7.812969,0.892663,5.859272,0.712607,-2.215844,-4.043224,-0.487344,3.94083,-1.164433,13.0,-16.95,-17.925,20.775,125.8975,-2.8273,-78.3918,5.0,26.58148,48.84393,2.3532932,345.5521,NaN,1.548,44.954838,170.7,7 / 25,26808,2022-01-10 17:04:59:337
7.472187,2.115853,4.264609,7.812969,0.892663,5.859272,0.712607,-2.215844,-4.043224,-0.487344,3.94083,-1.164433,13.0,-16.95,-17.925,20.775,125.8975,-2.8273,-78.3918,5.0,26.58148,48.84393,2.3532932,345.5521,NaN,1.548,44.954838,170.7,7 / 25,26813,2022-01-10 17:04:59:342
7.472187,2.115853,4.264609,7.812969,0.892663,5.859272,0.712607,-2.215844,-4.043224,-0.487344,3.94083,-1.164433,13.0,-16.95,-17.925,20.775,125.8975,-2.8273,-78.3918,5.0,26.58148,48.84393,2.3532932,345.5521,NaN,1.548,44.954838,170.7,7 / 25,26818,2022-01-10 17:04:59:347
7.472187,2.115853,4.264609,7.812969,0.892663,5.859272,0.712607,-2.215844,-4.043224,-0.487344,3.94083,-1.164433,13.0,-16.95,-17.925,20.775,125.8975,-2.8273,-78.3918,5.0,26.58148,48.84393,2.3532932,345.5521,NaN,1.548,44.954838,170.7,7 / 25,26822,2022-01-10 17:04:59:351
7.472187,2.115853,4.264609,7.812969,0.892663,5.859272,0.712607,-2.215844,-4.043224,-0.487344,3.94083,-1.164433,13.0,-16.95,-17.925,20.775,125.8975,-2.8273,-78.3918,5.0,26.58148,48.84393,2.3532932,345.5521,NaN,1.548,44.954838,170.7,7 / 25,26828,2022-01-10 17:04:59:357
7.472187,2.115853,4.264609,7.812969,0.892663,5.859272,0.712607,-2.215844,-4.043224,-0.487344,3.94083,-1.164433,13.0,-16.95,-17.925,20.775,125.8975,-2.8273,-78.3918,5.0,26.58148,48.84393,2.3532932,345.5521,NaN,1.548,44.954838,170.7,7 / 25,26833,2022-01-10 17:04:59:362
7.472187,2.115853,4.264609,7.812969,0.892663,5.859272,0.712607,-2.215844,-4.043224,-0.487344,3.94083,-1.164433,13.0,-16.95,-17.925,20.775,125.8975,-2.8273,-78.3918,5.0,26.58148,48.84393,2.3532932,345.5521,NaN,1.548,44.954838,170.7,7 / 25,26837,2022-01-10 17:04:59:366
7.472187,2.115853,4.264609,7.812969,0.892663,5.859272,0.712607,-2.215844,-4.043224,-0.487344,3.94083,-1.164433,13.0,-16.95,-17.925,20.775,125.8975,-2.8273,-78.3918,5.0,26.58148,48.84393,2.3532932,345.5521,NaN,1.548,44.954838,170.7,7 / 25,26842,2022-01-10 17:04:59:371
7.931011,0.379262,6.365507,7.812969,0.892663,5.859272,1.361917,2.179038,-1.462174,-0.547663,3.533378,0.551258,13.0,-16.95,-17.925,20.775,125.8975,-2.8273,-78.3918,5.0,26.58148,48.84393,2.3532932,345.5521,NaN,1.548,44.954838,170.7,7 / 25,26848,2022-01-10 17:04:59:377
7.931011,0.379262,6.365507,7.812969,0.892663,5.859272,1.361917,2.179038,-1.462174,-0.547663,3.533378,0.551258,13.0,-16.95,-17.925,20.775,125.8975,-2.8273,-78.3918,5.0,26.58148,48.84393,2.3532932,345.5521,NaN,1.548,44.954838,170.7,7 / 25,26853,2022-01-10 17:04:59:382
7.931011,0.379262,6.365507,7.812969,0.892663,5.859272,1.361917,2.179038,-1.462174,-0.547663,3.533378,0.551258,13.0,-25.875,-20.625,5.55,133.4835,-5.2226,-53.1322,5.0,26.58148,48.84393,2.3532932,345.5521,NaN,1.548,44.954838,170.7,7 / 25,26857,2022-01-10 17:04:59:386
7.931011,0.379262,6.365507,7.812969,0.892663,5.859272,1.361917,2.179038,-1.462174,-0.547663,3.533378,0.551258,13.0,-25.875,-20.625,5.55,133.4835,-5.2226,-53.1322,5.0,26.58148,48.843925,2.3532996,332.3992,NaN,3.492,44.954838,126.2,7 / 25,26863,2022-01-10 17:04:59:392
7.931011,0.379262,6.365507,7.812969,0.892663,5.859272,1.361917,2.179038,-1.462174,-0.547663,3.533378,0.551258,13.0,-25.875,-20.625,5.55,133.4835,-5.2226,-53.1322,5.0,26.58148,48.843925,2.3532996,332.3992,NaN,3.492,44.954838,126.2,7 / 25,26868,2022-01-10 17:04:59:397
7.931011,0.379262,6.365507,7.812969,0.892663,5.859272,1.361917,2.179038,-1.462174,-0.547663,3.533378,0.551258,13.0,-25.875,-20.625,5.55,133.4835,-5.2226,-53.1322,5.0,26.58148,48.843925,2.3532996,332.3992,NaN,3.492,44.954838,126.2,7 / 25,26872,2022-01-10 17:04:59:401
7.931011,0.379262,6.365507,7.812969,0.892663,5.859272,1.361917,2.179038,-1.462174,-0.547663,3.533378,0.551258,13.0,-25.875,-20.625,5.55,133.4835,-5.2226,-53.1322,5.0,26.58148,48.843925,2.3532996,332.3992,NaN,3.492,44.954838,126.2,7 / 25,26878,2022-01-10 17:04:59:407
7.931011,0.379262,6.365507,7.812969,0.892663,5.859272,1.361917,2.179038,-1.462174,-0.547663,3.533378,0.551258,15.0,-25.875,-20.625,5.55,133.4835,-5.2226,-53.1322,5.0,26.58148,48.843925,2.3532996,332.3992,NaN,3.492,44.954838,126.2,7 / 25,26883,2022-01-10 17:04:59:412
7.931011,0.379262,6.365507,7.812969,0.892663,5.859272,1.361917,2.179038,-1.462174,-0.547663,3.533378,0.551258,15.0,-25.875,-20.625,5.55,133.4835,-5.2226,-53.1322,5.0,26.58148,48.843925,2.3532996,332.3992,NaN,3.492,44.954838,126.2,7 / 25,26887,2022-01-10 17:04:59:416
7.931011,0.379262,6.365507,7.812969,0.892663,5.859272,1.361917,2.179038,-1.462174,-0.547663,3.533378,0.551258,15.0,-25.875,-20.625,5.55,133.4835,-5.2226,-53.1322,5.0,26.58148,48.843925,2.3532996,332.3992,NaN,3.492,44.954838,126.2,7 / 25,26893,2022-01-10 17:04:59:422
7.931011,0.379262,6.365507,7.812969,0.892663,5.859272,1.361917,2.179038,-1.462174,-0.547663,3.533378,0.551258,15.0,-25.875,-20.625,5.55,133.4835,-5.2226,-53.1322,5.0,26.58148,48.843925,2.3532996,332.3992,NaN,3.492,44.954838,126.2,7 / 25,26898,2022-01-10 17:04:59:427
7.931011,0.379262,6.365507,7.812969,0.892663,5.859272,1.361917,2.179038,-1.462174,-0.547663,3.533378,0.551258,15.0,-25.875,-20.625,5.55,133.4835,-5.2226,-53.1322,5.0,26.58148,48.843925,2.3532996,332.3992,NaN,3.492,44.954838,126.2,7 / 25,26902,2022-01-10 17:04:59:431
7.931011,0.379262,6.365507,7.812969,0.892663,5.859272,1.361917,2.179038,-1.462174,-0.547663,3.533378,0.551258,15.0,-25.875,-20.625,5.55,133.4835,-5.2226,-53.1322,5.0,26.58148,48.843925,2.3532996,332.3992,NaN,3.492,44.954838,126.2,7 / 25,26908,2022-01-10 17:04:59:437
7.931011,0.379262,6.365507,7.812969,0.892663,5.859272,1.361917,2.179038,-1.462174,-0.547663,3.533378,0.551258,15.0,-25.875,-20.625,5.55,133.4835,-5.2226,-53.1322,5.0,26.58148,48.843925,2.3532996,332.3992,NaN,3.492,44.954838,126.2,7 / 25,26912,2022-01-10 17:04:59:441
7.931011,0.379262,6.365507,5.224511,0.152247,8.297693,1.361917,2.179038,-1.462174,-0.547663,3.533378,0.551258,15.0,-25.875,-20.625,5.55,133.4835,-5.2226,-53.1322,5.0,26.58148,48.843925,2.3532996,332.3992,NaN,3.492,44.954838,126.2,7 / 25,26918,2022-01-10 17:04:59:447
7.931011,0.379262,6.365507,5.224511,0.152247,8.297693,1.361917,2.179038,-1.462174,-0.547663,3.533378,0.551258,15.0,-25.875,-20.625,5.55,133.4835,-5.2226,-53.1322,5.0,26.58148,48.843925,2.3532996,332.3992,NaN,3.492,44.954838,126.2,7 / 25,26923,2022-01-10 17:04:59:452
7.931011,0.379262,6.365507,5.224511,0.152247,8.297693,1.361917,2.179038,-1.462174,-0.547663,3.533378,0.551258,15.0,-25.875,-20.625,5.55,133.4835,-5.2226,-53.1322,5.0,26.58148,48.843925,2.3532996,332.3992,NaN,3.492,44.954838,126.2,7 / 25,26928,2022-01-10 17:04:59:457
7.931011,0.379262,6.365507,5.224511,0.152247,8.297693,1.361917,2.179038,-1.462174,-0.547663,3.533378,0.551258,15.0,-25.875,-20.625,5.55,133.4835,-5.2226,-53.1322,5.0,26.58148,48.843925,2.3532996,332.3992,NaN,3.492,44.954838,126.2,7 / 25,26933,2022-01-10 17:04:59:462
7.931011,0.379262,6.365507,5.224511,0.152247,8.297693,1.361917,2.179038,-1.462174,-0.547663,3.533378,0.551258,15.0,-25.875,-20.625,5.55,133.4835,-5.2226,-53.1322,5.0,31.46581,48.843925,2.3532996,332.3992,NaN,3.492,44.954838,126.2,7 / 25,26938,2022-01-10 17:04:59:467
7.931011,0.379262,6.365507,5.224511,0.152247,8.297693,1.361917,2.179038,-1.462174,-0.547663,3.533378,0.551258,15.0,-25.875,-20.625,5.55,133.4835,-5.2226,-53.1322,5.0,31.46581,48.843925,2.3532996,332.3992,NaN,3.492,44.954838,126.2,7 / 25,26943,2022-01-10 17:04:59:472
7.931011,0.379262,6.365507,5.224511,0.152247,8.297693,1.361917,2.179038,-1.462174,-0.547663,3.533378,0.551258,15.0,-25.875,-20.625,5.55,133.4835,-5.2226,-53.1322,5.0,31.46581,48.843925,2.3532996,332.3992,NaN,3.492,44.954838,126.2,7 / 25,26948,2022-01-10 17:04:59:477
7.931011,0.379262,6.365507,5.224511,0.152247,8.297693,1.361917,2.179038,-1.462174,-0.547663,3.533378,0.551258,15.0,-25.875,-20.625,5.55,133.4835,-5.2226,-53.1322,5.0,31.46581,48.843925,2.3532996,332.3992,NaN,3.492,44.954838,126.2,7 / 25,26953,2022-01-10 17:04:59:482
7.931011,0.379262,6.365507,5.224511,0.152247,8.297693,1.361917,2.179038,-1.462174,-0.547663,3.533378,0.551258,15.0,-25.875,-20.625,5.55,133.4835,-5.2226,-53.1322,5.0,31.46581,48.843925,2.3532996,332.3992,NaN,3.492,44.954838,126.2,7 / 25,26959,2022-01-10 17:04:59:488
7.931011,0.379262,6.365507,5.224511,0.152247,8.297693,1.361917,2.179038,-1.462174,-0.547663,3.533378,0.551258,15.0,-25.875,-20.625,5.55,133.4835,-5.2226,-53.1322,5.0,31.46581,48.843925,2.3532996,332.3992,NaN,3.492,44.954838,126.2,7 / 25,26963,2022-01-10 17:04:59:492
4.82423,-0.668794,9.516854,5.224511,0.152247,8.297693,0.938915,0.545364,0.416325,0.360981,1.636198,0.211848,15.0,-25.875,-20.625,5.55,133.4835,-5.2226,-53.1322,5.0,31.46581,48.843925,2.3532996,332.3992,NaN,3.492,44.954838,126.2,7 / 25,26967,2022-01-10 17:04:59:496
4.82423,-0.668794,9.516854,5.224511,0.152247,8.297693,0.938915,0.545364,0.416325,0.360981,1.636198,0.211848,15.0,-25.875,-20.625,5.55,133.4835,-5.2226,-53.1322,5.0,31.46581,48.843925,2.3532996,332.3992,NaN,3.492,44.954838,126.2,7 / 25,26974,2022-01-10 17:04:59:503
4.82423,-0.668794,9.516854,5.224511,0.152247,8.297693,0.938915,0.545364,0.416325,0.360981,1.636198,0.211848,15.0,-25.875,-20.625,5.55,133.4835,-5.2226,-53.1322,5.0,31.46581,48.843925,2.3532996,332.3992,NaN,3.492,44.954838,126.2,7 / 25,26978,2022-01-10 17:04:59:507
4.82423,-0.668794,9.516854,5.224511,0.152247,8.297693,0.938915,0.545364,0.416325,0.360981,1.636198,0.211848,15.0,-25.875,-20.625,5.55,133.4835,-5.2226,-53.1322,5.0,31.46581,48.843925,2.3532996,332.3992,NaN,3.492,44.954838,126.2,7 / 25,26983,2022-01-10 17:04:59:512
4.82423,-0.668794,9.516854,5.224511,0.152247,8.297693,0.938915,0.545364,0.416325,0.360981,1.636198,0.211848,15.0,-25.875,-20.625,5.55,133.4835,-5.2226,-53.1322,5.0,31.46581,48.843925,2.3532996,332.3992,NaN,3.492,44.954838,126.2,7 / 25,26988,2022-01-10 17:04:59:517
4.82423,-0.668794,9.516854,5.224511,0.152247,8.297693,0.938915,0.545364,0.416325,0.360981,1.636198,0.211848,15.0,-25.575,-23.925,-11.175,145.6725,-0.8895,-32.1959,5.0,31.46581,48.843925,2.3532996,332.3992,NaN,3.492,44.954838,126.2,7 / 25,26993,2022-01-10 17:04:59:522
4.82423,-0.668794,9.516854,5.224511,0.152247,8.297693,0.938915,0.545364,0.416325,0.360981,1.636198,0.211848,15.0,-25.575,-23.925,-11.175,145.6725,-0.8895,-32.1959,5.0,31.46581,48.843925,2.3532996,332.3992,NaN,3.492,44.954838,126.2,7 / 25,26997,2022-01-10 17:04:59:526
4.82423,-0.668794,9.516854,5.224511,0.152247,8.297693,0.938915,0.545364,0.416325,0.360981,1.636198,0.211848,15.0,-25.575,-23.925,-11.175,145.6725,-0.8895,-32.1959,5.0,31.46581,48.843925,2.3532996,332.3992,NaN,3.492,44.954838,126.2,7 / 25,27004,2022-01-10 17:04:59:533
4.82423,-0.668794,9.516854,5.224511,0.152247,8.297693,0.938915,0.545364,0.416325,0.360981,1.636198,0.211848,15.0,-25.575,-23.925,-11.175,145.6725,-0.8895,-32.1959,5.0,31.46581,48.843925,2.3532996,332.3992,NaN,3.492,44.954838,126.2,7 / 25,27008,2022-01-10 17:04:59:537
4.82423,-0.668794,9.516854,5.224511,0.152247,8.297693,0.938915,0.545364,0.416325,0.360981,1.636198,0.211848,15.0,-25.575,-23.925,-11.175,145.6725,-0.8895,-32.1959,5.0,31.46581,48.843925,2.3532996,332.3992,NaN,3.492,44.954838,126.2,7 / 25,27013,2022-01-10 17:04:59:542
4.82423,-0.668794,9.516854,5.224511,0.152247,8.297693,0.938915,0.545364,0.416325,0.360981,1.636198,0.211848,15.0,-25.575,-23.925,-11.175,145.6725,-0.8895,-32.1959,5.0,31.46581,48.843925,2.3532996,332.3992,NaN,3.492,44.954838,126.2,7 / 25,27018,2022-01-10 17:04:59:547
4.82423,-0.668794,9.516854,5.224511,0.152247,8.297693,0.938915,0.545364,0.416325,0.360981,1.636198,0.211848,15.0,-25.575,-23.925,-11.175,145.6725,-0.8895,-32.1959,5.0,31.46581,48.843925,2.3532996,332.3992,NaN,3.492,44.954838,126.2,7 / 25,27023,2022-01-10 17:04:59:552
4.82423,-0.668794,9.516854,3.165305,0.442275,9.271225,0.938915,0.545364,0.416325,0.360981,1.636198,0.211848,15.0,-25.575,-23.925,-11.175,145.6725,-0.8895,-32.1959,5.0,31.46581,48.843925,2.3532996,332.3992,NaN,3.492,44.954838,126.2,7 / 25,27028,2022-01-10 17:04:59:557
4.82423,-0.668794,9.516854,3.165305,0.442275,9.271225,0.938915,0.545364,0.416325,0.360981,1.636198,0.211848,15.0,-25.575,-23.925,-11.175,145.6725,-0.8895,-32.1959,5.0,31.46581,48.843925,2.3532996,332.3992,NaN,3.492,44.954838,126.2,7 / 25,27033,2022-01-10 17:04:59:562
4.82423,-0.668794,9.516854,3.165305,0.442275,9.271225,0.938915,0.545364,0.416325,0.360981,1.636198,0.211848,15.0,-25.575,-23.925,-11.175,145.6725,-0.8895,-32.1959,5.0,31.46581,48.843925,2.3532996,332.3992,NaN,3.492,44.954838,126.2,7 / 25,27038,2022-01-10 17:04:59:567
4.82423,-0.668794,9.516854,3.165305,0.442275,9.271225,0.938915,0.545364,0.416325,0.360981,1.636198,0.211848,15.0,-25.575,-23.925,-11.175,145.6725,-0.8895,-32.1959,5.0,31.46581,48.843925,2.3532996,332.3992,NaN,3.492,44.954838,126.2,7 / 25,27044,2022-01-10 17:04:59:573
4.82423,-0.668794,9.516854,3.165305,0.442275,9.271225,0.938915,0.545364,0.416325,0.360981,1.636198,0.211848,15.0,-25.575,-23.925,-11.175,145.6725,-0.8895,-32.1959,5.0,31.46581,48.843925,2.3532996,332.3992,NaN,3.492,44.954838,126.2,7 / 25,27049,2022-01-10 17:04:59:578
4.82423,-0.668794,9.516854,3.165305,0.442275,9.271225,0.938915,0.545364,0.416325,0.360981,1.636198,0.211848,15.0,-25.575,-23.925,-11.175,145.6725,-0.8895,-32.1959,5.0,31.46581,48.843925,2.3532996,332.3992,NaN,3.492,44.954838,126.2,7 / 25,27053,2022-01-10 17:04:59:582
4.82423,-0.668794,9.516854,3.165305,0.442275,9.271225,0.938915,0.545364,0.416325,0.360981,1.636198,0.211848,15.0,-25.575,-23.925,-11.175,145.6725,-0.8895,-32.1959,5.0,31.46581,48.843925,2.3532996,332.3992,NaN,3.492,44.954838,126.2,7 / 25,27057,2022-01-10 17:04:59:586
4.82423,-0.668794,9.516854,3.165305,0.442275,9.271225,0.938915,0.545364,0.416325,0.360981,1.636198,0.211848,15.0,-25.575,-23.925,-11.175,145.6725,-0.8895,-32.1959,5.0,31.46581,48.843925,2.3532996,332.3992,NaN,3.492,44.954838,126.2,7 / 25,27063,2022-01-10 17:04:59:592
4.82423,-0.668794,9.516854,3.165305,0.442275,9.271225,0.938915,0.545364,0.416325,0.360981,1.636198,0.211848,15.0,-25.575,-23.925,-11.175,145.6725,-0.8895,-32.1959,5.0,31.46581,48.843925,2.3532996,332.3992,NaN,3.492,44.954838,126.2,7 / 25,27068,2022-01-10 17:04:59:597
4.82423,-0.668794,9.516854,3.165305,0.442275,9.271225,0.938915,0.545364,0.416325,0.360981,1.636198,0.211848,15.0,-25.575,-23.925,-11.175,145.6725,-0.8895,-32.1959,5.0,31.46581,48.843925,2.3532996,332.3992,NaN,3.492,44.954838,126.2,7 / 25,27073,2022-01-10 17:04:59:602
4.82423,-0.668794,9.516854,3.165305,0.442275,9.271225,0.938915,0.545364,0.416325,0.360981,1.636198,0.211848,15.0,-25.575,-23.925,-11.175,145.6725,-0.8895,-32.1959,5.0,31.46581,48.843925,2.3532996,332.3992,NaN,3.492,44.954838,126.2,7 / 25,27077,2022-01-10 17:04:59:606
4.82423,-0.668794,9.516854,3.165305,0.442275,9.271225,0.938915,0.545364,0.416325,0.360981,1.636198,0.211848,15.0,-25.575,-23.925,-11.175,145.6725,-0.8895,-32.1959,5.0,31.46581,48.843925,2.3532996,332.3992,NaN,3.492,44.954838,126.2,7 / 25,27082,2022-01-10 17:04:59:611
4.82423,-0.668794,9.516854,3.165305,0.442275,9.271225,0.938915,0.545364,0.416325,0.360981,1.636198,0.211848,15.0,-25.575,-23.925,-11.175,145.6725,-0.8895,-32.1959,5.0,31.46581,48.843925,2.3532996,332.3992,NaN,3.492,44.954838,126.2,7 / 25,27087,2022-01-10 17:04:59:616
4.82423,-0.668794,9.516854,3.165305,0.442275,9.271225,0.938915,0.545364,0.416325,0.360981,1.636198,0.211848,15.0,-25.575,-23.925,-11.175,145.6725,-0.8895,-32.1959,5.0,31.46581,48.843925,2.3532996,332.3992,NaN,3.492,44.954838,126.2,7 / 25,27093,2022-01-10 17:04:59:622
4.82423,-0.668794,9.516854,3.165305,0.442275,9.271225,0.938915,0.545364,0.416325,0.360981,1.636198,0.211848,15.0,-25.575,-23.925,-11.175,145.6725,-0.8895,-32.1959,5.0,31.46581,48.843925,2.3532996,332.3992,NaN,3.492,44.954838,126.2,7 / 25,27098,2022-01-10 17:04:59:627
1.269093,-1.143171,9.567103,3.165305,0.442275,9.271225,2.0559,-0.892358,0.190548,0.229158,2.390782,0.101463,15.0,-25.575,-23.925,-11.175,145.6725,-0.8895,-32.1959,5.0,31.46581,48.843925,2.3532996,332.3992,NaN,3.492,44.954838,126.2,7 / 25,27102,2022-01-10 17:04:59:631
1.269093,-1.143171,9.567103,3.165305,0.442275,9.271225,2.0559,-0.892358,0.190548,0.229158,2.390782,0.101463,15.0,-25.575,-23.925,-11.175,145.6725,-0.8895,-32.1959,5.0,31.46581,48.843925,2.3532996,332.3992,NaN,3.492,44.954838,126.2,7 / 25,27107,2022-01-10 17:04:59:636
1.269093,-1.143171,9.567103,3.165305,0.442275,9.271225,2.0559,-0.892358,0.190548,0.229158,2.390782,0.101463,31.0,-25.575,-23.925,-11.175,145.6725,-0.8895,-32.1959,5.0,31.46581,48.843925,2.3532996,332.3992,NaN,3.492,44.954838,126.2,7 / 25,27112,2022-01-10 17:04:59:641
1.269093,-1.143171,9.567103,3.165305,0.442275,9.271225,2.0559,-0.892358,0.190548,0.229158,2.390782,0.101463,31.0,-25.575,-23.925,-11.175,145.6725,-0.8895,-32.1959,5.0,31.46581,48.843925,2.3532996,332.3992,NaN,3.492,44.954838,126.2,7 / 25,27118,2022-01-10 17:04:59:647
1.269093,-1.143171,9.567103,3.165305,0.442275,9.271225,2.0559,-0.892358,0.190548,0.229158,2.390782,0.101463,31.0,-25.575,-23.925,-11.175,145.6725,-0.8895,-32.1959,5.0,31.46581,48.843925,2.3532996,332.3992,NaN,3.492,44.954838,126.2,7 / 25,27122,2022-01-10 17:04:59:651
1.269093,-1.143171,9.567103,3.165305,0.442275,9.271225,2.0559,-0.892358,0.190548,0.229158,2.390782,0.101463,31.0,-25.575,-23.925,-11.175,145.6725,-0.8895,-32.1959,5.0,31.46581,48.843925,2.3532996,332.3992,NaN,3.492,44.954838,126.2,7 / 25,27128,2022-01-10 17:04:59:657
1.269093,-1.143171,9.567103,3.165305,0.442275,9.271225,2.0559,-0.892358,0.190548,0.229158,2.390782,0.101463,31.0,-25.575,-23.925,-11.175,145.6725,-0.8895,-32.1959,5.0,31.46581,48.843925,2.3532996,332.3992,NaN,3.492,44.954838,126.2,7 / 25,27133,2022-01-10 17:04:59:662
1.269093,-1.143171,9.567103,3.165305,0.442275,9.271225,2.0559,-0.892358,0.190548,0.229158,2.390782,0.101463,31.0,-17.925,-26.4,-22.725,158.7773,-2.5849,-18.8505,5.0,31.46581,48.843925,2.3532996,332.3992,NaN,3.492,44.954838,126.2,7 / 25,27138,2022-01-10 17:04:59:667
1.269093,-1.143171,9.567103,3.165305,0.442275,9.271225,2.0559,-0.892358,0.190548,0.229158,2.390782,0.101463,31.0,-17.925,-26.4,-22.725,158.7773,-2.5849,-18.8505,5.0,31.46581,48.843925,2.3532996,332.3992,NaN,3.492,44.954838,126.2,7 / 25,27143,2022-01-10 17:04:59:672
1.269093,-1.143171,9.567103,3.165305,0.442275,9.271225,2.0559,-0.892358,0.190548,0.229158,2.390782,0.101463,31.0,-17.925,-26.4,-22.725,158.7773,-2.5849,-18.8505,5.0,31.46581,48.843925,2.3532996,332.3992,NaN,3.492,44.954838,126.2,7 / 25,27148,2022-01-10 17:04:59:677
1.269093,-1.143171,9.567103,3.165305,0.442275,9.271225,2.0559,-0.892358,0.190548,0.229158,2.390782,0.101463,31.0,-17.925,-26.4,-22.725,158.7773,-2.5849,-18.8505,5.0,31.46581,48.843925,2.3532996,332.3992,NaN,3.492,44.954838,126.2,7 / 25,27152,2022-01-10 17:04:59:681
1.269093,-1.143171,9.567103,0.99442,0.284582,9.751949,2.0559,-0.892358,0.190548,0.229158,2.390782,0.101463,31.0,-17.925,-26.4,-22.725,158.7773,-2.5849,-18.8505,5.0,31.46581,48.843925,2.3532996,332.3992,NaN,3.492,44.954838,126.2,7 / 25,27157,2022-01-10 17:04:59:686
1.269093,-1.143171,9.567103,0.99442,0.284582,9.751949,2.0559,-0.892358,0.190548,0.229158,2.390782,0.101463,31.0,-17.925,-26.4,-22.725,158.7773,-2.5849,-18.8505,5.0,31.46581,48.843925,2.3532996,332.3992,NaN,3.492,44.954838,126.2,7 / 25,27163,2022-01-10 17:04:59:692
1.269093,-1.143171,9.567103,0.99442,0.284582,9.751949,2.0559,-0.892358,0.190548,0.229158,2.390782,0.101463,31.0,-17.925,-26.4,-22.725,158.7773,-2.5849,-18.8505,5.0,31.46581,48.843925,2.3532996,332.3992,NaN,3.492,44.954838,126.2,7 / 25,27167,2022-01-10 17:04:59:696
1.269093,-1.143171,9.567103,0.99442,0.284582,9.751949,2.0559,-0.892358,0.190548,0.229158,2.390782,0.101463,31.0,-17.925,-26.4,-22.725,158.7773,-2.5849,-18.8505,5.0,31.46581,48.843925,2.3532996,332.3992,NaN,3.492,44.954838,126.2,7 / 25,27173,2022-01-10 17:04:59:702
1.269093,-1.143171,9.567103,0.99442,0.284582,9.751949,2.0559,-0.892358,0.190548,0.229158,2.390782,0.101463,31.0,-17.925,-26.4,-22.725,158.7773,-2.5849,-18.8505,5.0,31.46581,48.843925,2.3532996,332.3992,NaN,3.492,44.954838,126.2,7 / 25,27178,2022-01-10 17:04:59:707
1.269093,-1.143171,9.567103,0.99442,0.284582,9.751949,2.0559,-0.892358,0.190548,0.229158,2.390782,0.101463,31.0,-17.925,-26.4,-22.725,158.7773,-2.5849,-18.8505,5.0,31.46581,48.843925,2.3532996,332.3992,NaN,3.492,44.954838,126.2,7 / 25,27183,2022-01-10 17:04:59:712
1.269093,-1.143171,9.567103,0.99442,0.284582,9.751949,2.0559,-0.892358,0.190548,0.229158,2.390782,0.101463,31.0,-17.925,-26.4,-22.725,158.7773,-2.5849,-18.8505,5.0,31.46581,48.843925,2.3532996,332.3992,NaN,3.492,44.954838,126.2,7 / 25,27188,2022-01-10 17:04:59:717
1.269093,-1.143171,9.567103,0.99442,0.284582,9.751949,2.0559,-0.892358,0.190548,0.229158,2.390782,0.101463,31.0,-17.925,-26.4,-22.725,158.7773,-2.5849,-18.8505,5.0,31.46581,48.843925,2.3532996,332.3992,NaN,3.492,44.954838,126.2,7 / 25,27193,2022-01-10 17:04:59:722
1.269093,-1.143171,9.567103,0.99442,0.284582,9.751949,2.0559,-0.892358,0.190548,0.229158,2.390782,0.101463,31.0,-17.925,-26.4,-22.725,158.7773,-2.5849,-18.8505,5.0,31.46581,48.843925,2.3532996,332.3992,NaN,3.492,44.954838,126.2,7 / 25,27198,2022-01-10 17:04:59:727
1.269093,-1.143171,9.567103,0.99442,0.284582,9.751949,2.0559,-0.892358,0.190548,0.229158,2.390782,0.101463,31.0,-17.925,-26.4,-22.725,158.7773,-2.5849,-18.8505,5.0,31.46581,48.843925,2.3532996,332.3992,NaN,3.492,44.954838,126.2,7 / 25,27203,2022-01-10 17:04:59:732
1.269093,-1.143171,9.567103,0.99442,0.284582,9.751949,2.0559,-0.892358,0.190548,0.229158,2.390782,0.101463,31.0,-17.925,-26.4,-22.725,158.7773,-2.5849,-18.8505,5.0,31.46581,48.843925,2.3532996,332.3992,NaN,3.492,44.954838,126.2,7 / 25,27208,2022-01-10 17:04:59:737
1.269093,-1.143171,9.567103,0.99442,0.284582,9.751949,2.0559,-0.892358,0.190548,0.229158,2.390782,0.101463,31.0,-17.925,-26.4,-22.725,158.7773,-2.5849,-18.8505,5.0,31.46581,48.843925,2.3532996,332.3992,NaN,3.492,44.954838,126.2,7 / 25,27216,2022-01-10 17:04:59:745
1.269093,-1.143171,9.567103,0.99442,0.284582,9.751949,2.0559,-0.892358,0.190548,0.229158,2.390782,0.101463,31.0,-17.925,-26.4,-22.725,158.7773,-2.5849,-18.8505,5.0,31.46581,48.843925,2.3532996,332.3992,NaN,3.492,44.954838,126.2,7 / 25,27218,2022-01-10 17:04:59:747
1.428515,0.938585,8.991031,0.99442,0.284582,9.751949,-0.429466,0.784956,-1.55916,0.229158,2.390782,0.101463,31.0,-17.925,-26.4,-22.725,158.7773,-2.5849,-18.8505,5.0,31.46581,48.843925,2.3532996,332.3992,NaN,3.492,44.954838,126.2,7 / 25,27223,2022-01-10 17:04:59:752
1.428515,0.938585,8.991031,0.99442,0.284582,9.751949,-0.429466,0.784956,-1.55916,0.229158,2.390782,0.101463,31.0,-17.925,-26.4,-22.725,158.7773,-2.5849,-18.8505,5.0,31.46581,48.843925,2.3532996,332.3992,NaN,3.492,44.954838,126.2,7 / 25,27228,2022-01-10 17:04:59:757
1.428515,0.938585,8.991031,0.99442,0.284582,9.751949,-0.429466,0.784956,-1.55916,-1.065766,0.259917,0.070705,31.0,-17.925,-26.4,-22.725,158.7773,-2.5849,-18.8505,5.0,31.46581,48.843925,2.3532996,332.3992,NaN,3.492,44.954838,126.2,7 / 25,27234,2022-01-10 17:04:59:763
1.428515,0.938585,8.991031,0.99442,0.284582,9.751949,-0.429466,0.784956,-1.55916,-1.065766,0.259917,0.070705,31.0,-17.925,-26.4,-22.725,158.7773,-2.5849,-18.8505,5.0,31.46581,48.843925,2.3532996,332.3992,NaN,3.492,44.954838,126.2,7 / 25,27237,2022-01-10 17:04:59:766
1.428515,0.938585,8.991031,0.99442,0.284582,9.751949,-0.429466,0.784956,-1.55916,-1.065766,0.259917,0.070705,31.0,-17.925,-26.4,-22.725,158.7773,-2.5849,-18.8505,5.0,31.46581,48.843925,2.3532996,332.3992,NaN,3.492,44.954838,126.2,7 / 25,27242,2022-01-10 17:04:59:771
1.428515,0.938585,8.991031,0.99442,0.284582,9.751949,-0.429466,0.784956,-1.55916,-1.065766,0.259917,0.070705,31.0,-17.925,-26.4,-22.725,158.7773,-2.5849,-18.8505,5.0,31.46581,48.843925,2.3532996,332.3992,NaN,3.492,44.954838,126.2,7 / 25,27248,2022-01-10 17:04:59:777
1.428515,0.938585,8.991031,0.99442,0.284582,9.751949,-0.429466,0.784956,-1.55916,-1.065766,0.259917,0.070705,31.0,-17.925,-26.4,-22.725,158.7773,-2.5849,-18.8505,5.0,31.46581,48.843925,2.3532996,332.3992,NaN,3.492,44.954838,126.2,7 / 25,27253,2022-01-10 17:04:59:782
1.428515,0.938585,8.991031,0.99442,0.284582,9.751949,-0.429466,0.784956,-1.55916,-1.065766,0.259917,0.070705,31.0,-10.35,-25.875,-29.4,164.4165,-1.6629,-5.8224,5.0,31.46581,48.843925,2.3532996,332.3992,NaN,3.492,44.954838,126.2,7 / 25,27258,2022-01-10 17:04:59:787
1.428515,0.938585,8.991031,0.99442,0.284582,9.751949,-0.429466,0.784956,-1.55916,-1.065766,0.259917,0.070705,31.0,-10.35,-25.875,-29.4,164.4165,-1.6629,-5.8224,5.0,31.46581,48.843925,2.3532996,332.3992,NaN,3.492,44.954838,126.2,7 / 25,27262,2022-01-10 17:04:59:791
1.428515,0.938585,8.991031,0.99442,0.284582,9.751949,-0.429466,0.784956,-1.55916,-1.065766,0.259917,0.070705,31.0,-10.35,-25.875,-29.4,164.4165,-1.6629,-5.8224,5.0,24.49071,48.843925,2.3532996,332.3992,NaN,3.492,44.954838,126.2,7 / 25,27268,2022-01-10 17:04:59:797
1.428515,0.938585,8.991031,0.933755,-0.9261,9.718067,-0.429466,0.784956,-1.55916,-1.065766,0.259917,0.070705,31.0,-10.35,-25.875,-29.4,164.4165,-1.6629,-5.8224,5.0,24.49071,48.843925,2.3532996,332.3992,NaN,3.492,44.954838,126.2,7 / 25,27273,2022-01-10 17:04:59:802
1.428515,0.938585,8.991031,0.933755,-0.9261,9.718067,-0.429466,0.784956,-1.55916,-1.065766,0.259917,0.070705,31.0,-10.35,-25.875,-29.4,164.4165,-1.6629,-5.8224,5.0,24.49071,48.843925,2.3532996,332.3992,NaN,3.492,44.954838,126.2,7 / 25,27278,2022-01-10 17:04:59:807
1.428515,0.938585,8.991031,0.933755,-0.9261,9.718067,-0.429466,0.784956,-1.55916,-1.065766,0.259917,0.070705,31.0,-10.35,-25.875,-29.4,164.4165,-1.6629,-5.8224,5.0,24.49071,48.843925,2.3532996,332.3992,NaN,3.492,44.954838,126.2,7 / 25,27284,2022-01-10 17:04:59:813
1.428515,0.938585,8.991031,0.933755,-0.9261,9.718067,-0.429466,0.784956,-1.55916,-1.065766,0.259917,0.070705,31.0,-10.35,-25.875,-29.4,164.4165,-1.6629,-5.8224,5.0,24.49071,48.843925,2.3532996,332.3992,NaN,3.492,44.954838,126.2,7 / 25,27288,2022-01-10 17:04:59:817
1.428515,0.938585,8.991031,0.933755,-0.9261,9.718067,-0.429466,0.784956,-1.55916,-1.065766,0.259917,0.070705,31.0,-10.35,-25.875,-29.4,164.4165,-1.6629,-5.8224,5.0,24.49071,48.843925,2.3532996,332.3992,NaN,3.492,44.954838,126.2,7 / 25,27293,2022-01-10 17:04:59:822
1.428515,0.938585,8.991031,0.933755,-0.9261,9.718067,-0.429466,0.784956,-1.55916,-1.065766,0.259917,0.070705,31.0,-10.35,-25.875,-29.4,164.4165,-1.6629,-5.8224,5.0,24.49071,48.843925,2.3532996,332.3992,NaN,3.492,44.954838,126.2,7 / 25,27298,2022-01-10 17:04:59:827
1.428515,0.938585,8.991031,0.933755,-0.9261,9.718067,-0.429466,0.784956,-1.55916,-1.065766,0.259917,0.070705,31.0,-10.35,-25.875,-29.4,164.4165,-1.6629,-5.8224,5.0,24.49071,48.843925,2.3532996,332.3992,NaN,3.492,44.954838,126.2,7 / 25,27303,2022-01-10 17:04:59:832
1.428515,0.938585,8.991031,0.933755,-0.9261,9.718067,-0.429466,0.784956,-1.55916,-1.065766,0.259917,0.070705,31.0,-10.35,-25.875,-29.4,164.4165,-1.6629,-5.8224,5.0,24.49071,48.843925,2.3532996,332.3992,NaN,3.492,44.954838,126.2,7 / 25,27308,2022-01-10 17:04:59:837
1.428515,0.938585,8.991031,0.933755,-0.9261,9.718067,-0.429466,0.784956,-1.55916,-1.065766,0.259917,0.070705,31.0,-10.35,-25.875,-29.4,164.4165,-1.6629,-5.8224,5.0,24.49071,48.843925,2.3532996,332.3992,NaN,3.492,44.954838,126.2,7 / 25,27312,2022-01-10 17:04:59:841
1.428515,0.938585,8.991031,0.933755,-0.9261,9.718067,-0.429466,0.784956,-1.55916,-1.065766,0.259917,0.070705,31.0,-10.35,-25.875,-29.4,164.4165,-1.6629,-5.8224,5.0,24.49071,48.843925,2.3532996,332.3992,NaN,3.492,44.954838,126.2,7 / 25,27317,2022-01-10 17:04:59:846
1.428515,0.938585,8.991031,0.933755,-0.9261,9.718067,-0.429466,0.784956,-1.55916,-1.065766,0.259917,0.070705,31.0,-10.35,-25.875,-29.4,164.4165,-1.6629,-5.8224,5.0,24.49071,48.843925,2.3532996,332.3992,NaN,3.492,44.954838,126.2,7 / 25,27323,2022-01-10 17:04:59:852
1.428515,0.938585,8.991031,0.933755,-0.9261,9.718067,-0.429466,0.784956,-1.55916,-1.065766,0.259917,0.070705,31.0,-10.35,-25.875,-29.4,164.4165,-1.6629,-5.8224,5.0,24.49071,48.843925,2.3532996,332.3992,NaN,3.492,44.954838,126.2,7 / 25,27327,2022-01-10 17:04:59:856
-0.425623,-0.583849,10.110872,0.933755,-0.9261,9.718067,0.533947,0.621977,0.625695,-1.065766,0.259917,0.070705,31.0,-10.35,-25.875,-29.4,164.4165,-1.6629,-5.8224,5.0,24.49071,48.843925,2.3532996,332.3992,NaN,3.492,44.954838,126.2,7 / 25,27333,2022-01-10 17:04:59:862
-0.425623,-0.583849,10.110872,0.933755,-0.9261,9.718067,0.533947,0.621977,0.625695,-1.065766,0.259917,0.070705,31.0,-10.35,-25.875,-29.4,164.4165,-1.6629,-5.8224,5.0,24.49071,48.843925,2.3532996,332.3992,NaN,3.492,44.954838,126.2,7 / 25,27338,2022-01-10 17:04:59:867
-0.425623,-0.583849,10.110872,0.933755,-0.9261,9.718067,0.533947,0.621977,0.625695,-1.065766,0.259917,0.070705,31.0,-10.35,-25.875,-29.4,164.4165,-1.6629,-5.8224,5.0,24.49071,48.843925,2.3532996,332.3992,NaN,3.492,44.954838,126.2,7 / 25,27342,2022-01-10 17:04:59:871
-0.425623,-0.583849,10.110872,0.933755,-0.9261,9.718067,0.533947,0.621977,0.625695,-1.065766,0.259917,0.070705,31.0,-10.35,-25.875,-29.4,164.4165,-1.6629,-5.8224,5.0,24.49071,48.843925,2.3532996,332.3992,NaN,3.492,44.954838,126.2,7 / 25,27347,2022-01-10 17:04:59:876
-0.425623,-0.583849,10.110872,0.933755,-0.9261,9.718067,0.533947,0.621977,0.625695,-1.065766,0.259917,0.070705,75.0,-10.35,-25.875,-29.4,164.4165,-1.6629,-5.8224,5.0,24.49071,48.843925,2.3532996,332.3992,NaN,3.492,44.954838,126.2,7 / 25,27352,2022-01-10 17:04:59:881
-0.425623,-0.583849,10.110872,0.933755,-0.9261,9.718067,0.533947,0.621977,0.625695,-1.065766,0.259917,0.070705,75.0,-10.35,-25.875,-29.4,164.4165,-1.6629,-5.8224,5.0,24.49071,48.843925,2.3532996,332.3992,NaN,3.492,44.954838,126.2,7 / 25,27357,2022-01-10 17:04:59:886
-0.425623,-0.583849,10.110872,0.933755,-0.9261,9.718067,0.533947,0.621977,0.625695,-1.065766,0.259917,0.070705,75.0,-10.35,-25.875,-29.4,164.4165,-1.6629,-5.8224,5.0,24.49071,48.843925,2.3532996,332.3992,NaN,3.492,44.954838,126.2,7 / 25,27363,2022-01-10 17:04:59:892
-0.425623,-0.583849,10.110872,0.933755,-0.9261,9.718067,0.533947,0.621977,0.625695,-0.705051,0.857379,-0.276694,75.0,-10.35,-25.875,-29.4,164.4165,-1.6629,-5.8224,5.0,24.49071,48.843925,2.3532996,332.3992,NaN,3.492,44.954838,126.2,7 / 25,27368,2022-01-10 17:04:59:897
-0.425623,-0.583849,10.110872,0.933755,-0.9261,9.718067,0.533947,0.621977,0.625695,-0.705051,0.857379,-0.276694,75.0,-10.35,-25.875,-29.4,164.4165,-1.6629,-5.8224,5.0,24.49071,48.843925,2.3532996,332.3992,NaN,3.492,44.954838,126.2,7 / 25,27373,2022-01-10 17:04:59:902
-0.425623,-0.583849,10.110872,0.933755,-0.9261,9.718067,0.533947,0.621977,0.625695,-0.705051,0.857379,-0.276694,75.0,-10.35,-25.875,-29.4,164.4165,-1.6629,-5.8224,5.0,24.49071,48.843925,2.3532996,332.3992,NaN,3.492,44.954838,126.2,7 / 25,27377,2022-01-10 17:04:59:906
-0.425623,-0.583849,10.110872,0.933755,-0.9261,9.718067,0.533947,0.621977,0.625695,-0.705051,0.857379,-0.276694,75.0,-10.35,-25.875,-29.4,164.4165,-1.6629,-5.8224,5.0,24.49071,48.843925,2.3532996,332.3992,NaN,3.492,44.954838,126.2,7 / 25,27383,2022-01-10 17:04:59:912
-0.425623,-0.583849,10.110872,0.933755,-0.9261,9.718067,0.533947,0.621977,0.625695,-0.705051,0.857379,-0.276694,75.0,-10.35,-25.875,-29.4,164.4165,-1.6629,-5.8224,5.0,24.49071,48.843925,2.3532996,332.3992,NaN,3.492,44.954838,126.2,7 / 25,27387,2022-01-10 17:04:59:916
-0.425623,-0.583849,10.110872,0.933755,-0.9261,9.718067,0.533947,0.621977,0.625695,-0.705051,0.857379,-0.276694,75.0,-10.35,-25.875,-29.4,164.4165,-1.6629,-5.8224,5.0,24.49071,48.843925,2.3532996,332.3992,NaN,3.492,44.954838,126.2,7 / 25,27393,2022-01-10 17:04:59:922
-0.425623,-0.583849,10.110872,0.933755,-0.9261,9.718067,0.533947,0.621977,0.625695,-0.705051,0.857379,-0.276694,75.0,-4.275,-24.0,-32.4,178.0417,5.4189,-5.4884,5.0,24.49071,48.843925,2.3532996,332.3992,NaN,3.492,44.954838,126.2,7 / 25,27398,2022-01-10 17:04:59:927
-0.425623,-0.583849,10.110872,0.933755,-0.9261,9.718067,0.533947,0.621977,0.625695,-0.705051,0.857379,-0.276694,75.0,-4.275,-24.0,-32.4,178.0417,5.4189,-5.4884,5.0,24.49071,48.843925,2.3532996,332.3992,NaN,3.492,44.954838,126.2,7 / 25,27403,2022-01-10 17:04:59:932
-0.425623,-0.583849,10.110872,-0.043549,-1.68347,9.660975,0.533947,0.621977,0.625695,-0.705051,0.857379,-0.276694,75.0,-4.275,-24.0,-32.4,178.0417,5.4189,-5.4884,5.0,24.49071,48.843925,2.3532996,332.3992,NaN,3.492,44.954838,126.2,7 / 25,27407,2022-01-10 17:04:59:936
-0.425623,-0.583849,10.110872,-0.043549,-1.68347,9.660975,0.533947,0.621977,0.625695,-0.705051,0.857379,-0.276694,75.0,-4.275,-24.0,-32.4,178.0417,5.4189,-5.4884,5.0,24.49071,48.843925,2.3532996,332.3992,NaN,3.492,44.954838,126.2,7 / 25,27413,2022-01-10 17:04:59:942
-0.425623,-0.583849,10.110872,-0.043549,-1.68347,9.660975,0.533947,0.621977,0.625695,-0.705051,0.857379,-0.276694,75.0,-4.275,-24.0,-32.4,178.0417,5.4189,-5.4884,5.0,24.49071,48.843925,2.3532996,332.3992,NaN,3.492,44.954838,126.2,7 / 25,27418,2022-01-10 17:04:59:947
-0.425623,-0.583849,10.110872,-0.043549,-1.68347,9.660975,0.533947,0.621977,0.625695,-0.705051,0.857379,-0.276694,75.0,-4.275,-24.0,-32.4,178.0417,5.4189,-5.4884,5.0,24.49071,48.843925,2.3532996,332.3992,NaN,3.492,44.954838,126.2,7 / 25,27423,2022-01-10 17:04:59:952
-0.425623,-0.583849,10.110872,-0.043549,-1.68347,9.660975,0.533947,0.621977,0.625695,-0.705051,0.857379,-0.276694,75.0,-4.275,-24.0,-32.4,178.0417,5.4189,-5.4884,5.0,24.49071,48.843925,2.3532996,332.3992,NaN,3.492,44.954838,126.2,7 / 25,27428,2022-01-10 17:04:59:957
-1.089033,-0.781556,10.647463,-0.043549,-1.68347,9.660975,0.533947,0.621977,0.625695,-0.705051,0.857379,-0.276694,75.0,-4.275,-24.0,-32.4,178.0417,5.4189,-5.4884,5.0,24.49071,48.843925,2.3532996,332.3992,NaN,3.492,44.954838,126.2,7 / 25,27433,2022-01-10 17:04:59:962
-1.089033,-0.781556,10.647463,-0.043549,-1.68347,9.660975,0.533947,0.621977,0.625695,-0.705051,0.857379,-0.276694,75.0,-4.275,-24.0,-32.4,178.0417,5.4189,-5.4884,5.0,24.49071,48.843925,2.3532996,332.3992,NaN,3.492,44.954838,126.2,7 / 25,27438,2022-01-10 17:04:59:967
-1.089033,-0.781556,10.647463,-0.043549,-1.68347,9.660975,0.533947,0.621977,0.625695,-0.705051,0.857379,-0.276694,75.0,-4.275,-24.0,-32.4,178.0417,5.4189,-5.4884,5.0,24.49071,48.843925,2.3532996,332.3992,NaN,3.492,44.954838,126.2,7 / 25,27443,2022-01-10 17:04:59:972
-1.089033,-0.781556,10.647463,-0.043549,-1.68347,9.660975,0.533947,0.621977,0.625695,-0.705051,0.857379,-0.276694,75.0,-4.275,-24.0,-32.4,178.0417,5.4189,-5.4884,5.0,24.49071,48.843925,2.3532996,332.3992,NaN,3.492,44.954838,126.2,7 / 25,27448,2022-01-10 17:04:59:977
-1.089033,-0.781556,10.647463,-0.043549,-1.68347,9.660975,0.533947,0.621977,0.625695,-0.705051,0.857379,-0.276694,75.0,-4.275,-24.0,-32.4,178.0417,5.4189,-5.4884,5.0,24.49071,48.843925,2.3532996,332.3992,NaN,3.492,44.954838,126.2,7 / 25,27453,2022-01-10 17:04:59:982
-1.089033,-0.781556,10.647463,-0.043549,-1.68347,9.660975,0.533947,0.621977,0.625695,-0.705051,0.857379,-0.276694,75.0,-4.275,-24.0,-32.4,178.0417,5.4189,-5.4884,5.0,24.49071,48.843925,2.3532996,332.3992,NaN,3.492,44.954838,126.2,7 / 25,27458,2022-01-10 17:04:59:987
-1.089033,-0.781556,10.647463,-0.043549,-1.68347,9.660975,0.533947,0.621977,0.625695,-0.705051,0.857379,-0.276694,75.0,-4.275,-24.0,-32.4,178.0417,5.4189,-5.4884,5.0,24.49071,48.843925,2.3532996,332.3992,NaN,3.492,44.954838,126.2,7 / 25,27463,2022-01-10 17:04:59:992
-1.089033,-0.781556,10.647463,-0.043549,-1.68347,9.660975,-0.957153,-0.292755,1.998742,-0.705051,0.857379,-0.276694,75.0,-4.275,-24.0,-32.4,178.0417,5.4189,-5.4884,5.0,24.49071,48.843925,2.3532996,332.3992,NaN,3.492,44.954838,126.2,7 / 25,27468,2022-01-10 17:04:59:997
-1.089033,-0.781556,10.647463,-0.043549,-1.68347,9.660975,-0.957153,-0.292755,1.998742,-0.705051,0.857379,-0.276694,75.0,-4.275,-24.0,-32.4,178.0417,5.4189,-5.4884,5.0,24.49071,48.843925,2.3532996,332.3992,NaN,3.492,44.954838,126.2,7 / 25,27472,2022-01-10 17:05:00:001
-1.089033,-0.781556,10.647463,-0.043549,-1.68347,9.660975,-0.957153,-0.292755,1.998742,-0.705051,0.857379,-0.276694,75.0,-4.275,-24.0,-32.4,178.0417,5.4189,-5.4884,5.0,24.49071,48.843925,2.3532996,332.3992,NaN,3.492,44.954838,126.2,7 / 25,27479,2022-01-10 17:05:00:008
-1.089033,-0.781556,10.647463,-0.043549,-1.68347,9.660975,-0.957153,-0.292755,1.998742,-0.705051,0.857379,-0.276694,75.0,-4.275,-24.0,-32.4,178.0417,5.4189,-5.4884,5.0,24.49071,48.843925,2.3532996,332.3992,NaN,3.492,44.954838,126.2,7 / 25,27484,2022-01-10 17:05:00:013
-1.089033,-0.781556,10.647463,-0.043549,-1.68347,9.660975,-0.957153,-0.292755,1.998742,-0.705051,0.857379,-0.276694,75.0,-4.275,-24.0,-32.4,178.0417,5.4189,-5.4884,5.0,24.49071,48.843925,2.3532996,332.3992,NaN,3.492,44.954838,126.2,7 / 25,27487,2022-01-10 17:05:00:016
-1.089033,-0.781556,10.647463,-0.043549,-1.68347,9.660975,-0.957153,-0.292755,1.998742,-0.705051,0.857379,-0.276694,75.0,-4.275,-24.0,-32.4,178.0417,5.4189,-5.4884,5.0,24.49071,48.843925,2.3532996,332.3992,NaN,3.492,44.954838,126.2,7 / 25,27492,2022-01-10 17:05:00:021
-1.089033,-0.781556,10.647463,-0.043549,-1.68347,9.660975,-0.957153,-0.292755,1.998742,1.580273,0.074699,-0.169771,75.0,-4.275,-24.0,-32.4,178.0417,5.4189,-5.4884,5.0,24.49071,48.843925,2.3532996,332.3992,NaN,3.492,44.954838,126.2,7 / 25,27497,2022-01-10 17:05:00:026
-1.089033,-0.781556,10.647463,-0.043549,-1.68347,9.660975,-0.957153,-0.292755,1.998742,1.580273,0.074699,-0.169771,75.0,-4.275,-24.0,-32.4,178.0417,5.4189,-5.4884,5.0,24.49071,48.843925,2.3532996,332.3992,NaN,3.492,44.954838,126.2,7 / 25,27502,2022-01-10 17:05:00:031
-1.089033,-0.781556,10.647463,-0.043549,-1.68347,9.660975,-0.957153,-0.292755,1.998742,1.580273,0.074699,-0.169771,75.0,-4.275,-24.0,-32.4,178.0417,5.4189,-5.4884,5.0,24.49071,48.843925,2.3532996,332.3992,NaN,3.492,44.954838,126.2,7 / 25,27509,2022-01-10 17:05:00:038
-1.089033,-0.781556,10.647463,-0.043549,-1.68347,9.660975,-0.957153,-0.292755,1.998742,1.580273,0.074699,-0.169771,75.0,-4.275,-24.0,-32.4,178.0417,5.4189,-5.4884,5.0,24.49071,48.843925,2.3532996,332.3992,NaN,3.492,44.954838,126.2,7 / 25,27513,2022-01-10 17:05:00:042
-0.345464,-0.407677,11.099108,-0.011841,-0.16655,9.805228,-0.957153,-0.292755,1.998742,1.580273,0.074699,-0.169771,75.0,-4.275,-24.0,-32.4,178.0417,5.4189,-5.4884,5.0,24.49071,48.843925,2.3532996,332.3992,NaN,3.492,44.954838,126.2,7 / 25,27517,2022-01-10 17:05:00:046
-0.345464,-0.407677,11.099108,-0.011841,-0.16655,9.805228,-0.957153,-0.292755,1.998742,1.580273,0.074699,-0.169771,75.0,-4.275,-24.0,-32.4,178.0417,5.4189,-5.4884,5.0,24.49071,48.843925,2.3532996,332.3992,NaN,3.492,44.954838,126.2,7 / 25,27523,2022-01-10 17:05:00:052
-0.345464,-0.407677,11.099108,-0.011841,-0.16655,9.805228,-0.957153,-0.292755,1.998742,1.580273,0.074699,-0.169771,75.0,-4.275,-24.0,-32.4,178.0417,5.4189,-5.4884,5.0,24.49071,48.843925,2.3532996,332.3992,NaN,3.492,44.954838,126.2,7 / 25,27527,2022-01-10 17:05:00:056
-0.345464,-0.407677,11.099108,-0.011841,-0.16655,9.805228,-0.957153,-0.292755,1.998742,1.580273,0.074699,-0.169771,75.0,-0.15,-23.325,-33.75,179.9002,0.9731,0.0692,5.0,24.49071,48.843925,2.3532996,332.3992,NaN,3.492,44.954838,126.2,7 / 25,27533,2022-01-10 17:05:00:062
-0.345464,-0.407677,11.099108,-0.011841,-0.16655,9.805228,-0.957153,-0.292755,1.998742,1.580273,0.074699,-0.169771,75.0,-0.15,-23.325,-33.75,179.9002,0.9731,0.0692,5.0,24.49071,48.843925,2.3532996,332.3992,NaN,3.492,44.954838,126.2,7 / 25,27537,2022-01-10 17:05:00:066
-0.345464,-0.407677,11.099108,-0.011841,-0.16655,9.805228,-0.957153,-0.292755,1.998742,1.580273,0.074699,-0.169771,75.0,-0.15,-23.325,-33.75,179.9002,0.9731,0.0692,5.0,24.49071,48.843925,2.3532996,332.3992,NaN,3.492,44.954838,126.2,7 / 25,27543,2022-01-10 17:05:00:072
-0.345464,-0.407677,11.099108,-0.011841,-0.16655,9.805228,-0.957153,-0.292755,1.998742,1.580273,0.074699,-0.169771,75.0,-0.15,-23.325,-33.75,179.9002,0.9731,0.0692,5.0,24.49071,48.843925,2.3532996,332.3992,NaN,3.492,44.954838,126.2,7 / 25,27548,2022-01-10 17:05:00:077
-0.345464,-0.407677,11.099108,-0.011841,-0.16655,9.805228,-0.957153,-0.292755,1.998742,1.580273,0.074699,-0.169771,75.0,-0.15,-23.325,-33.75,179.9002,0.9731,0.0692,5.0,24.49071,48.843925,2.3532996,332.3992,NaN,3.492,44.954838,126.2,7 / 25,27553,2022-01-10 17:05:00:082
-0.345464,-0.407677,11.099108,-0.011841,-0.16655,9.805228,-0.957153,-0.292755,1.998742,1.580273,0.074699,-0.169771,75.0,-0.15,-23.325,-33.75,179.9002,0.9731,0.0692,5.0,24.49071,48.843925,2.3532996,332.3992,NaN,3.492,44.954838,126.2,7 / 25,27557,2022-01-10 17:05:00:086
-0.345464,-0.407677,11.099108,-0.011841,-0.16655,9.805228,-0.957153,-0.292755,1.998742,1.580273,0.074699,-0.169771,75.0,-0.15,-23.325,-33.75,179.9002,0.9731,0.0692,5.0,24.49071,48.843925,2.3532996,332.3992,NaN,3.492,44.954838,126.2,7 / 25,27563,2022-01-10 17:05:00:092
-0.345464,-0.407677,11.099108,-0.011841,-0.16655,9.805228,-0.957153,-0.292755,1.998742,1.580273,0.074699,-0.169771,75.0,-0.15,-23.325,-33.75,179.9002,0.9731,0.0692,5.0,24.49071,48.843925,2.3532996,332.3992,NaN,3.492,44.954838,126.2,7 / 25,27568,2022-01-10 17:05:00:097
-0.345464,-0.407677,11.099108,-0.011841,-0.16655,9.805228,-0.957153,-0.292755,1.998742,1.580273,0.074699,-0.169771,75.0,-0.15,-23.325,-33.75,179.9002,0.9731,0.0692,5.0,24.49071,48.843925,2.3532996,332.3992,NaN,3.492,44.954838,126.2,7 / 25,27572,2022-01-10 17:05:00:101
-0.345464,-0.407677,11.099108,-0.011841,-0.16655,9.805228,-0.957153,-0.292755,1.998742,1.580273,0.074699,-0.169771,75.0,-0.15,-23.325,-33.75,179.9002,0.9731,0.0692,5.0,24.49071,48.843925,2.3532996,332.3992,NaN,3.492,44.954838,126.2,7 / 25,27578,2022-01-10 17:05:00:107
-0.345464,-0.407677,11.099108,-0.011841,-0.16655,9.805228,-0.957153,-0.292755,1.998742,1.580273,0.074699,-0.169771,75.0,-0.15,-23.325,-33.75,179.9002,0.9731,0.0692,5.0,24.49071,48.843925,2.3532996,332.3992,NaN,3.492,44.954838,126.2,7 / 25,27583,2022-01-10 17:05:00:112
-0.345464,-0.407677,11.099108,-0.011841,-0.16655,9.805228,-0.172358,-1.803404,1.344132,1.580273,0.074699,-0.169771,75.0,-0.15,-23.325,-33.75,179.9002,0.9731,0.0692,5.0,24.85071,48.843925,2.3532996,332.3992,NaN,3.492,44.954838,126.2,7 / 25,27589,2022-01-10 17:05:00:118
-0.345464,-0.407677,11.099108,-0.011841,-0.16655,9.805228,-0.172358,-1.803404,1.344132,1.580273,0.074699,-0.169771,75.0,-0.15,-23.325,-33.75,179.9002,0.9731,0.0692,5.0,24.85071,48.843925,2.3532996,332.3992,NaN,3.492,44.954838,126.2,7 / 25,27593,2022-01-10 17:05:00:122
-0.345464,-0.407677,11.099108,-0.011841,-0.16655,9.805228,-0.172358,-1.803404,1.344132,1.580273,0.074699,-0.169771,75.0,-0.15,-23.325,-33.75,179.9002,0.9731,0.0692,5.0,24.85071,48.843925,2.3532996,332.3992,NaN,3.492,44.954838,126.2,7 / 25,27598,2022-01-10 17:05:00:127
-0.345464,-0.407677,11.099108,-0.011841,-0.16655,9.805228,-0.172358,-1.803404,1.344132,1.580273,0.074699,-0.169771,75.0,-0.15,-23.325,-33.75,179.9002,0.9731,0.0692,5.0,24.85071,48.843925,2.3532996,332.3992,NaN,3.492,44.954838,126.2,7 / 25,27603,2022-01-10 17:05:00:132
-0.345464,-0.407677,11.099108,-0.011841,-0.16655,9.805228,-0.172358,-1.803404,1.344132,1.580273,0.074699,-0.169771,75.0,-0.15,-23.325,-33.75,179.9002,0.9731,0.0692,5.0,24.85071,48.843925,2.3532996,332.3992,NaN,3.492,44.954838,126.2,7 / 25,27608,2022-01-10 17:05:00:137
-0.345464,-0.407677,11.099108,-0.011841,-0.16655,9.805228,-0.172358,-1.803404,1.344132,1.580273,0.074699,-0.169771,75.0,-0.15,-23.325,-33.75,179.9002,0.9731,0.0692,5.0,24.85071,48.843925,2.3532996,332.3992,NaN,3.492,44.954838,126.2,7 / 25,27613,2022-01-10 17:05:00:142
-0.345464,-0.407677,11.099108,-0.011841,-0.16655,9.805228,-0.172358,-1.803404,1.344132,1.580273,0.074699,-0.169771,75.0,-0.15,-23.325,-33.75,179.9002,0.9731,0.0692,5.0,24.85071,48.843925,2.3532996,332.3992,NaN,3.492,44.954838,126.2,7 / 25,27618,2022-01-10 17:05:00:147
-0.345464,-0.407677,11.099108,-0.011841,-0.16655,9.805228,-0.172358,-1.803404,1.344132,1.580273,0.074699,-0.169771,75.0,-0.15,-23.325,-33.75,179.9002,0.9731,0.0692,5.0,24.85071,48.843925,2.3532996,332.3992,NaN,3.492,44.954838,126.2,7 / 25,27623,2022-01-10 17:05:00:152
0.145663,2.132603,9.134899,-0.011841,-0.16655,9.805228,-0.172358,-1.803404,1.344132,3.619529,0.510779,0.03462,75.0,-0.15,-23.325,-33.75,179.9002,0.9731,0.0692,5.0,24.85071,48.843925,2.3532996,332.3992,NaN,3.492,44.954838,126.2,7 / 25,27628,2022-01-10 17:05:00:157
0.145663,2.132603,9.134899,-0.011841,-0.16655,9.805228,-0.172358,-1.803404,1.344132,3.619529,0.510779,0.03462,75.0,-0.15,-23.325,-33.75,179.9002,0.9731,0.0692,5.0,24.85071,48.843925,2.3532996,332.3992,NaN,3.492,44.954838,126.2,7 / 25,27633,2022-01-10 17:05:00:162
0.145663,2.132603,9.134899,-0.011841,-0.16655,9.805228,-0.172358,-1.803404,1.344132,3.619529,0.510779,0.03462,75.0,-0.15,-23.325,-33.75,179.9002,0.9731,0.0692,5.0,24.85071,48.843925,2.3532996,332.3992,NaN,3.492,44.954838,126.2,7 / 25,27639,2022-01-10 17:05:00:168
0.145663,2.132603,9.134899,-0.011841,-0.16655,9.805228,-0.172358,-1.803404,1.344132,3.619529,0.510779,0.03462,33.0,-0.15,-23.325,-33.75,179.9002,0.9731,0.0692,5.0,24.85071,48.843925,2.3532996,332.3992,NaN,3.492,44.954838,126.2,7 / 25,27643,2022-01-10 17:05:00:172
0.145663,2.132603,9.134899,-0.011841,-0.16655,9.805228,-0.172358,-1.803404,1.344132,3.619529,0.510779,0.03462,33.0,-0.15,-23.325,-33.75,179.9002,0.9731,0.0692,5.0,24.85071,48.843925,2.3532996,332.3992,NaN,3.492,44.954838,126.2,7 / 25,27648,2022-01-10 17:05:00:177
0.145663,2.132603,9.134899,-0.428018,3.309035,9.221577,-0.172358,-1.803404,1.344132,3.619529,0.510779,0.03462,33.0,-0.15,-23.325,-33.75,179.9002,0.9731,0.0692,5.0,24.85071,48.843925,2.3532996,332.3992,NaN,3.492,44.954838,126.2,7 / 25,27653,2022-01-10 17:05:00:182
0.145663,2.132603,9.134899,-0.428018,3.309035,9.221577,-0.172358,-1.803404,1.344132,3.619529,0.510779,0.03462,33.0,2.25,-24.75,-32.4,182.3154,-19.7202,2.6575,5.0,24.85071,48.843925,2.3532996,332.3992,NaN,3.492,44.954838,126.2,7 / 25,27658,2022-01-10 17:05:00:187
0.145663,2.132603,9.134899,-0.428018,3.309035,9.221577,-0.172358,-1.803404,1.344132,3.619529,0.510779,0.03462,33.0,2.25,-24.75,-32.4,182.3154,-19.7202,2.6575,5.0,24.85071,48.843925,2.3532996,332.3992,NaN,3.492,44.954838,126.2,7 / 25,27663,2022-01-10 17:05:00:192
0.145663,2.132603,9.134899,-0.428018,3.309035,9.221577,-0.172358,-1.803404,1.344132,3.619529,0.510779,0.03462,33.0,2.25,-24.75,-32.4,182.3154,-19.7202,2.6575,5.0,24.85071,48.843925,2.3532996,332.3992,NaN,3.492,44.954838,126.2,7 / 25,27668,2022-01-10 17:05:00:197
0.145663,2.132603,9.134899,-0.428018,3.309035,9.221577,-0.172358,-1.803404,1.344132,3.619529,0.510779,0.03462,33.0,2.25,-24.75,-32.4,182.3154,-19.7202,2.6575,5.0,24.85071,48.843925,2.3532996,332.3992,NaN,3.492,44.954838,126.2,7 / 25,27673,2022-01-10 17:05:00:202
0.145663,2.132603,9.134899,-0.428018,3.309035,9.221577,-0.172358,-1.803404,1.344132,3.619529,0.510779,0.03462,33.0,2.25,-24.75,-32.4,182.3154,-19.7202,2.6575,5.0,24.85071,48.843925,2.3532996,332.3992,NaN,3.492,44.954838,126.2,7 / 25,27678,2022-01-10 17:05:00:207
0.145663,2.132603,9.134899,-0.428018,3.309035,9.221577,-0.172358,-1.803404,1.344132,3.619529,0.510779,0.03462,33.0,2.25,-24.75,-32.4,182.3154,-19.7202,2.6575,5.0,24.85071,48.843925,2.3532996,332.3992,NaN,3.492,44.954838,126.2,7 / 25,27684,2022-01-10 17:05:00:213
0.145663,2.132603,9.134899,-0.428018,3.309035,9.221577,-0.172358,-1.803404,1.344132,3.619529,0.510779,0.03462,33.0,2.25,-24.75,-32.4,182.3154,-19.7202,2.6575,5.0,24.85071,48.843925,2.3532996,332.3992,NaN,3.492,44.954838,126.2,7 / 25,27688,2022-01-10 17:05:00:217
0.145663,2.132603,9.134899,-0.428018,3.309035,9.221577,-0.172358,-1.803404,1.344132,3.619529,0.510779,0.03462,33.0,2.25,-24.75,-32.4,182.3154,-19.7202,2.6575,5.0,24.85071,48.843925,2.3532996,332.3992,NaN,3.492,44.954838,126.2,7 / 25,27693,2022-01-10 17:05:00:222
0.145663,2.132603,9.134899,-0.428018,3.309035,9.221577,-0.172358,-1.803404,1.344132,3.619529,0.510779,0.03462,33.0,2.25,-24.75,-32.4,182.3154,-19.7202,2.6575,5.0,24.85071,48.843925,2.3532996,332.3992,NaN,3.492,44.954838,126.2,7 / 25,27697,2022-01-10 17:05:00:226
0.145663,2.132603,9.134899,-0.428018,3.309035,9.221577,1.213907,-2.538823,1.548657,3.619529,0.510779,0.03462,33.0,2.25,-24.75,-32.4,182.3154,-19.7202,2.6575,5.0,24.85071,48.843925,2.3532996,332.3992,NaN,3.492,44.954838,126.2,7 / 25,27702,2022-01-10 17:05:00:231
0.145663,2.132603,9.134899,-0.428018,3.309035,9.221577,1.213907,-2.538823,1.548657,3.619529,0.510779,0.03462,33.0,2.25,-24.75,-32.4,182.3154,-19.7202,2.6575,5.0,24.85071,48.843925,2.3532996,332.3992,NaN,3.492,44.954838,126.2,7 / 25,27708,2022-01-10 17:05:00:237
0.145663,2.132603,9.134899,-0.428018,3.309035,9.221577,1.213907,-2.538823,1.548657,3.619529,0.510779,0.03462,33.0,2.25,-24.75,-32.4,182.3154,-19.7202,2.6575,5.0,24.85071,48.843925,2.3532996,332.3992,NaN,3.492,44.954838,126.2,7 / 25,27712,2022-01-10 17:05:00:241
0.145663,2.132603,9.134899,-0.428018,3.309035,9.221577,1.213907,-2.538823,1.548657,3.619529,0.510779,0.03462,33.0,2.25,-24.75,-32.4,182.3154,-19.7202,2.6575,5.0,24.85071,48.843925,2.3532996,332.3992,NaN,3.492,44.954838,126.2,7 / 25,27717,2022-01-10 17:05:00:246
0.145663,2.132603,9.134899,-0.428018,3.309035,9.221577,1.213907,-2.538823,1.548657,3.619529,0.510779,0.03462,33.0,2.25,-24.75,-32.4,182.3154,-19.7202,2.6575,5.0,24.85071,48.843925,2.3532996,332.3992,NaN,3.492,44.954838,126.2,7 / 25,27723,2022-01-10 17:05:00:252
0.145663,2.132603,9.134899,-0.428018,3.309035,9.221577,1.213907,-2.538823,1.548657,3.619529,0.510779,0.03462,33.0,2.25,-24.75,-32.4,182.3154,-19.7202,2.6575,5.0,24.85071,48.843925,2.3532996,332.3992,NaN,3.492,44.954838,126.2,7 / 25,27727,2022-01-10 17:05:00:256
0.145663,2.132603,9.134899,-0.428018,3.309035,9.221577,1.213907,-2.538823,1.548657,3.619529,0.510779,0.03462,33.0,2.25,-24.75,-32.4,182.3154,-19.7202,2.6575,5.0,24.85071,48.843925,2.3532996,332.3992,NaN,3.492,44.954838,126.2,7 / 25,27733,2022-01-10 17:05:00:262
-1.971985,4.268198,4.754539,-0.428018,3.309035,9.221577,1.213907,-2.538823,1.548657,3.619529,0.510779,0.03462,33.0,2.25,-24.75,-32.4,182.3154,-19.7202,2.6575,5.0,24.85071,48.843925,2.3532996,332.3992,NaN,3.492,44.954838,126.2,7 / 25,27738,2022-01-10 17:05:00:267
-1.971985,4.268198,4.754539,-0.428018,3.309035,9.221577,1.213907,-2.538823,1.548657,3.619529,0.510779,0.03462,33.0,2.25,-24.75,-32.4,182.3154,-19.7202,2.6575,5.0,24.85071,48.843925,2.3532996,332.3992,NaN,3.492,44.954838,126.2,7 / 25,27743,2022-01-10 17:05:00:272
-1.971985,4.268198,4.754539,-0.428018,3.309035,9.221577,1.213907,-2.538823,1.548657,3.619529,0.510779,0.03462,33.0,2.25,-24.75,-32.4,182.3154,-19.7202,2.6575,5.0,24.85071,48.843925,2.3532996,332.3992,NaN,3.492,44.954838,126.2,7 / 25,27748,2022-01-10 17:05:00:277
-1.971985,4.268198,4.754539,-0.428018,3.309035,9.221577,1.213907,-2.538823,1.548657,3.619529,0.510779,0.03462,33.0,2.25,-24.75,-32.4,182.3154,-19.7202,2.6575,5.0,24.85071,48.843925,2.3532996,332.3992,NaN,3.492,44.954838,126.2,7 / 25,27752,2022-01-10 17:05:00:281
-1.971985,4.268198,4.754539,-1.006631,7.6581,6.0424,1.213907,-2.538823,1.548657,3.619529,0.510779,0.03462,33.0,2.25,-24.75,-32.4,182.3154,-19.7202,2.6575,5.0,24.85071,48.843925,2.3532996,332.3992,NaN,3.492,44.954838,126.2,7 / 25,27757,2022-01-10 17:05:00:286
-1.971985,4.268198,4.754539,-1.006631,7.6581,6.0424,1.213907,-2.538823,1.548657,3.619529,0.510779,0.03462,33.0,2.25,-24.75,-32.4,182.3154,-19.7202,2.6575,5.0,24.85071,48.843925,2.3532996,332.3992,NaN,3.492,44.954838,126.2,7 / 25,27762,2022-01-10 17:05:00:291
-1.971985,4.268198,4.754539,-1.006631,7.6581,6.0424,1.213907,-2.538823,1.548657,3.619529,0.510779,0.03462,33.0,2.25,-24.75,-32.4,182.3154,-19.7202,2.6575,5.0,24.85071,48.843925,2.3532996,332.3992,NaN,3.492,44.954838,126.2,7 / 25,27768,2022-01-10 17:05:00:297
-1.971985,4.268198,4.754539,-1.006631,7.6581,6.0424,1.213907,-2.538823,1.548657,3.619529,0.510779,0.03462,33.0,2.25,-24.75,-32.4,182.3154,-19.7202,2.6575,5.0,24.85071,48.843925,2.3532996,332.3992,NaN,3.492,44.954838,126.2,7 / 25,27773,2022-01-10 17:05:00:302
-1.971985,4.268198,4.754539,-1.006631,7.6581,6.0424,1.213907,-2.538823,1.548657,3.619529,0.510779,0.03462,33.0,2.25,-24.75,-32.4,182.3154,-19.7202,2.6575,5.0,24.85071,48.843925,2.3532996,332.3992,NaN,3.492,44.954838,126.2,7 / 25,27778,2022-01-10 17:05:00:307
-1.971985,4.268198,4.754539,-1.006631,7.6581,6.0424,1.213907,-2.538823,1.548657,4.754002,0.242607,0.677488,33.0,2.25,-24.75,-32.4,182.3154,-19.7202,2.6575,5.0,24.85071,48.843925,2.3532996,332.3992,NaN,3.492,44.954838,126.2,7 / 25,27783,2022-01-10 17:05:00:312
-1.971985,4.268198,4.754539,-1.006631,7.6581,6.0424,1.213907,-2.538823,1.548657,4.754002,0.242607,0.677488,33.0,2.25,-24.75,-32.4,182.3154,-19.7202,2.6575,5.0,24.85071,48.843925,2.3532996,332.3992,NaN,3.492,44.954838,126.2,7 / 25,27788,2022-01-10 17:05:00:317
-1.971985,4.268198,4.754539,-1.006631,7.6581,6.0424,1.213907,-2.538823,1.548657,4.754002,0.242607,0.677488,33.0,2.25,-24.75,-32.4,182.3154,-19.7202,2.6575,5.0,24.85071,48.843925,2.3532996,332.3992,NaN,3.492,44.954838,126.2,7 / 25,27792,2022-01-10 17:05:00:321
-1.971985,4.268198,4.754539,-1.006631,7.6581,6.0424,1.213907,-2.538823,1.548657,4.754002,0.242607,0.677488,33.0,2.25,-24.75,-32.4,182.3154,-19.7202,2.6575,5.0,24.85071,48.843925,2.3532996,332.3992,NaN,3.492,44.954838,126.2,7 / 25,27798,2022-01-10 17:05:00:327
-1.971985,4.268198,4.754539,-1.006631,7.6581,6.0424,1.213907,-2.538823,1.548657,4.754002,0.242607,0.677488,33.0,3.975,-28.8,-25.35,5.6089,-51.3439,9.4583,5.0,24.85071,48.843925,2.3532996,332.3992,NaN,3.492,44.954838,126.2,7 / 25,27803,2022-01-10 17:05:00:332
-1.971985,4.268198,4.754539,-1.006631,7.6581,6.0424,1.213907,-2.538823,1.548657,4.754002,0.242607,0.677488,33.0,3.975,-28.8,-25.35,5.6089,-51.3439,9.4583,5.0,24.85071,48.843925,2.3532996,332.3992,NaN,3.492,44.954838,126.2,7 / 25,27808,2022-01-10 17:05:00:337
-1.971985,4.268198,4.754539,-1.006631,7.6581,6.0424,1.213907,-2.538823,1.548657,4.754002,0.242607,0.677488,7.0,3.975,-28.8,-25.35,5.6089,-51.3439,9.4583,5.0,24.85071,48.843925,2.3532996,332.3992,NaN,3.492,44.954838,126.2,7 / 25,27815,2022-01-10 17:05:00:344
-1.971985,4.268198,4.754539,-1.006631,7.6581,6.0424,1.213907,-2.538823,1.548657,4.754002,0.242607,0.677488,7.0,3.975,-28.8,-25.35,5.6089,-51.3439,9.4583,5.0,24.85071,48.843925,2.3532996,332.3992,NaN,3.492,44.954838,126.2,7 / 25,27818,2022-01-10 17:05:00:347
-1.971985,4.268198,4.754539,-1.006631,7.6581,6.0424,1.213907,-2.538823,1.548657,4.754002,0.242607,0.677488,7.0,3.975,-28.8,-25.35,5.6089,-51.3439,9.4583,5.0,24.85071,48.843925,2.3532996,332.3992,NaN,3.492,44.954838,126.2,7 / 25,27822,2022-01-10 17:05:00:351
-1.971985,4.268198,4.754539,-1.006631,7.6581,6.0424,1.213907,-2.538823,1.548657,4.754002,0.242607,0.677488,7.0,3.975,-28.8,-25.35,5.6089,-51.3439,9.4583,5.0,24.85071,48.843925,2.3532996,332.3992,NaN,3.492,44.954838,126.2,7 / 25,27827,2022-01-10 17:05:00:356
-1.951347,7.168,2.797509,-1.006631,7.6581,6.0424,0.07035,-3.255943,1.898843,4.754002,0.242607,0.677488,7.0,3.975,-28.8,-25.35,5.6089,-51.3439,9.4583,5.0,24.85071,48.843925,2.3532996,332.3992,NaN,3.492,44.954838,126.2,7 / 25,27834,2022-01-10 17:05:00:363
-1.951347,7.168,2.797509,-1.006631,7.6581,6.0424,0.07035,-3.255943,1.898843,4.754002,0.242607,0.677488,7.0,3.975,-28.8,-25.35,5.6089,-51.3439,9.4583,5.0,24.85071,48.843925,2.3532996,332.3992,NaN,3.492,44.954838,126.2,7 / 25,27837,2022-01-10 17:05:00:366
-1.951347,7.168,2.797509,-1.006631,7.6581,6.0424,0.07035,-3.255943,1.898843,4.754002,0.242607,0.677488,7.0,3.975,-28.8,-25.35,5.6089,-51.3439,9.4583,5.0,24.85071,48.843925,2.3532996,332.3992,NaN,3.492,44.954838,126.2,7 / 25,27843,2022-01-10 17:05:00:372
-1.951347,7.168,2.797509,-1.006631,7.6581,6.0424,0.07035,-3.255943,1.898843,4.754002,0.242607,0.677488,7.0,3.975,-28.8,-25.35,5.6089,-51.3439,9.4583,5.0,24.85071,48.843925,2.3532996,332.3992,NaN,3.492,44.954838,126.2,7 / 25,27849,2022-01-10 17:05:00:378
-1.951347,7.168,2.797509,-1.006631,7.6581,6.0424,0.07035,-3.255943,1.898843,4.754002,0.242607,0.677488,7.0,3.975,-28.8,-25.35,5.6089,-51.3439,9.4583,5.0,24.85071,48.843925,2.3532996,332.3992,NaN,3.492,44.954838,126.2,7 / 25,27854,2022-01-10 17:05:00:383
-1.951347,7.168,2.797509,-1.006631,7.6581,6.0424,0.07035,-3.255943,1.898843,4.754002,0.242607,0.677488,7.0,3.975,-28.8,-25.35,5.6089,-51.3439,9.4583,5.0,24.85071,48.843925,2.3532996,332.3992,NaN,3.492,44.954838,126.2,7 / 25,27857,2022-01-10 17:05:00:386
-1.951347,7.168,2.797509,-1.006631,7.6581,6.0424,0.07035,-3.255943,1.898843,4.754002,0.242607,0.677488,7.0,3.975,-28.8,-25.35,5.6089,-51.3439,9.4583,5.0,24.85071,48.84393,2.3533108,341.7727,NaN,1.512,41.496777,120.4,7 / 25,27863,2022-01-10 17:05:00:392
-1.951347,7.168,2.797509,-1.006631,7.6581,6.0424,0.07035,-3.255943,1.898843,4.754002,0.242607,0.677488,7.0,3.975,-28.8,-25.35,5.6089,-51.3439,9.4583,5.0,24.85071,48.84393,2.3533108,341.7727,NaN,1.512,41.496777,120.4,7 / 25,27868,2022-01-10 17:05:00:397
-1.951347,7.168,2.797509,-1.006631,7.6581,6.0424,0.07035,-3.255943,1.898843,4.754002,0.242607,0.677488,7.0,3.975,-28.8,-25.35,5.6089,-51.3439,9.4583,5.0,24.85071,48.84393,2.3533108,341.7727,NaN,1.512,41.496777,120.4,7 / 25,27873,2022-01-10 17:05:00:402
-1.951347,7.168,2.797509,-1.006631,7.6581,6.0424,0.07035,-3.255943,1.898843,4.754002,0.242607,0.677488,7.0,3.975,-28.8,-25.35,5.6089,-51.3439,9.4583,5.0,24.85071,48.84393,2.3533108,341.7727,NaN,1.512,41.496777,120.4,7 / 25,27877,2022-01-10 17:05:00:406
-1.951347,7.168,2.797509,-1.006631,7.6581,6.0424,0.07035,-3.255943,1.898843,4.754002,0.242607,0.677488,7.0,3.975,-28.8,-25.35,5.6089,-51.3439,9.4583,5.0,24.85071,48.84393,2.3533108,341.7727,NaN,1.512,41.496777,120.4,7 / 25,27883,2022-01-10 17:05:00:412
-1.951347,7.168,2.797509,-1.006631,7.6581,6.0424,0.07035,-3.255943,1.898843,4.754002,0.242607,0.677488,7.0,3.975,-28.8,-25.35,5.6089,-51.3439,9.4583,5.0,24.85071,48.84393,2.3533108,341.7727,NaN,1.512,41.496777,120.4,7 / 25,27888,2022-01-10 17:05:00:417
-1.951347,7.168,2.797509,-1.033971,9.722631,0.756138,0.07035,-3.255943,1.898843,4.754002,0.242607,0.677488,7.0,3.975,-28.8,-25.35,5.6089,-51.3439,9.4583,5.0,24.85071,48.84393,2.3533108,341.7727,NaN,1.512,41.496777,120.4,7 / 25,27893,2022-01-10 17:05:00:422
-1.951347,7.168,2.797509,-1.033971,9.722631,0.756138,0.07035,-3.255943,1.898843,4.754002,0.242607,0.677488,7.0,3.975,-28.8,-25.35,5.6089,-51.3439,9.4583,5.0,24.85071,48.84393,2.3533108,341.7727,NaN,1.512,41.496777,120.4,7 / 25,27898,2022-01-10 17:05:00:427
-1.951347,7.168,2.797509,-1.033971,9.722631,0.756138,0.07035,-3.255943,1.898843,4.754002,0.242607,0.677488,7.0,3.975,-28.8,-25.35,5.6089,-51.3439,9.4583,5.0,24.85071,48.84393,2.3533108,341.7727,NaN,1.512,41.496777,120.4,7 / 25,27903,2022-01-10 17:05:00:432
-1.951347,7.168,2.797509,-1.033971,9.722631,0.756138,0.07035,-3.255943,1.898843,4.976636,-0.059387,0.507317,7.0,3.975,-28.8,-25.35,5.6089,-51.3439,9.4583,5.0,24.85071,48.84393,2.3533108,341.7727,NaN,1.512,41.496777,120.4,7 / 25,27910,2022-01-10 17:05:00:439
-1.951347,7.168,2.797509,-1.033971,9.722631,0.756138,0.07035,-3.255943,1.898843,4.976636,-0.059387,0.507317,7.0,3.975,-28.8,-25.35,5.6089,-51.3439,9.4583,5.0,34.84599,48.84393,2.3533108,341.7727,NaN,1.512,41.496777,120.4,7 / 25,27912,2022-01-10 17:05:00:441
-1.951347,7.168,2.797509,-1.033971,9.722631,0.756138,0.07035,-3.255943,1.898843,4.976636,-0.059387,0.507317,7.0,3.975,-28.8,-25.35,5.6089,-51.3439,9.4583,5.0,34.84599,48.84393,2.3533108,341.7727,NaN,1.512,41.496777,120.4,7 / 25,27917,2022-01-10 17:05:00:446
-1.951347,7.168,2.797509,-1.033971,9.722631,0.756138,0.07035,-3.255943,1.898843,4.976636,-0.059387,0.507317,7.0,3.975,-28.8,-25.35,5.6089,-51.3439,9.4583,5.0,34.84599,48.84393,2.3533108,341.7727,NaN,1.512,41.496777,120.4,7 / 25,27923,2022-01-10 17:05:00:452
-1.951347,7.168,2.797509,-1.033971,9.722631,0.756138,0.07035,-3.255943,1.898843,4.976636,-0.059387,0.507317,7.0,3.975,-28.8,-25.35,5.6089,-51.3439,9.4583,5.0,34.84599,48.84393,2.3533108,341.7727,NaN,1.512,41.496777,120.4,7 / 25,27929,2022-01-10 17:05:00:458
-1.695315,8.375179,0.232104,-1.033971,9.722631,0.756138,0.07035,-3.255943,1.898843,4.976636,-0.059387,0.507317,7.0,4.575,-32.925,-11.175,44.0455,-82.4945,53.8222,5.0,34.84599,48.84393,2.3533108,341.7727,NaN,1.512,41.496777,120.4,7 / 25,27933,2022-01-10 17:05:00:462
-1.695315,8.375179,0.232104,-1.033971,9.722631,0.756138,0.07035,-3.255943,1.898843,4.976636,-0.059387,0.507317,7.0,4.575,-32.925,-11.175,44.0455,-82.4945,53.8222,5.0,34.84599,48.84393,2.3533108,341.7727,NaN,1.512,41.496777,120.4,7 / 25,27938,2022-01-10 17:05:00:467
-1.695315,8.375179,0.232104,-1.033971,9.722631,0.756138,0.07035,-3.255943,1.898843,4.976636,-0.059387,0.507317,7.0,4.575,-32.925,-11.175,44.0455,-82.4945,53.8222,5.0,34.84599,48.84393,2.3533108,341.7727,NaN,1.512,41.496777,120.4,7 / 25,27943,2022-01-10 17:05:00:472
-1.695315,8.375179,0.232104,-1.033971,9.722631,0.756138,0.07035,-3.255943,1.898843,4.976636,-0.059387,0.507317,7.0,4.575,-32.925,-11.175,44.0455,-82.4945,53.8222,5.0,34.84599,48.84393,2.3533108,341.7727,NaN,1.512,41.496777,120.4,7 / 25,27947,2022-01-10 17:05:00:476
-1.695315,8.375179,0.232104,-1.033971,9.722631,0.756138,-1.296061,-2.506272,4.022905,4.976636,-0.059387,0.507317,7.0,4.575,-32.925,-11.175,44.0455,-82.4945,53.8222,5.0,34.84599,48.84393,2.3533108,341.7727,NaN,1.512,41.496777,120.4,7 / 25,27953,2022-01-10 17:05:00:482
-1.695315,8.375179,0.232104,-1.033971,9.722631,0.756138,-1.296061,-2.506272,4.022905,4.976636,-0.059387,0.507317,7.0,4.575,-32.925,-11.175,44.0455,-82.4945,53.8222,5.0,34.84599,48.84393,2.3533108,341.7727,NaN,1.512,41.496777,120.4,7 / 25,27959,2022-01-10 17:05:00:488
-1.695315,8.375179,0.232104,-1.033971,9.722631,0.756138,-1.296061,-2.506272,4.022905,4.976636,-0.059387,0.507317,7.0,4.575,-32.925,-11.175,44.0455,-82.4945,53.8222,5.0,34.84599,48.84393,2.3533108,341.7727,NaN,1.512,41.496777,120.4,7 / 25,27962,2022-01-10 17:05:00:491
-1.695315,8.375179,0.232104,-1.033971,9.722631,0.756138,-1.296061,-2.506272,4.022905,4.976636,-0.059387,0.507317,7.0,4.575,-32.925,-11.175,44.0455,-82.4945,53.8222,5.0,34.84599,48.84393,2.3533108,341.7727,NaN,1.512,41.496777,120.4,7 / 25,27968,2022-01-10 17:05:00:497
-1.695315,8.375179,0.232104,-1.033971,9.722631,0.756138,-1.296061,-2.506272,4.022905,4.976636,-0.059387,0.507317,7.0,4.575,-32.925,-11.175,44.0455,-82.4945,53.8222,5.0,34.84599,48.84393,2.3533108,341.7727,NaN,1.512,41.496777,120.4,7 / 25,27972,2022-01-10 17:05:00:501
-1.695315,8.375179,0.232104,-1.033971,9.722631,0.756138,-1.296061,-2.506272,4.022905,4.976636,-0.059387,0.507317,7.0,4.575,-32.925,-11.175,44.0455,-82.4945,53.8222,5.0,34.84599,48.84393,2.3533108,341.7727,NaN,1.512,41.496777,120.4,7 / 25,27977,2022-01-10 17:05:00:506
-1.695315,8.375179,0.232104,-1.033971,9.722631,0.756138,-1.296061,-2.506272,4.022905,4.976636,-0.059387,0.507317,7.0,4.575,-32.925,-11.175,44.0455,-82.4945,53.8222,5.0,34.84599,48.84393,2.3533108,341.7727,NaN,1.512,41.496777,120.4,7 / 25,27983,2022-01-10 17:05:00:512
-1.695315,8.375179,0.232104,-1.033971,9.722631,0.756138,-1.296061,-2.506272,4.022905,4.976636,-0.059387,0.507317,7.0,4.575,-32.925,-11.175,44.0455,-82.4945,53.8222,5.0,34.84599,48.84393,2.3533108,341.7727,NaN,1.512,41.496777,120.4,7 / 25,27987,2022-01-10 17:05:00:516
-1.695315,8.375179,0.232104,-1.033971,9.722631,0.756138,-1.296061,-2.506272,4.022905,4.976636,-0.059387,0.507317,7.0,4.575,-32.925,-11.175,44.0455,-82.4945,53.8222,5.0,34.84599,48.84393,2.3533108,341.7727,NaN,1.512,41.496777,120.4,7 / 25,27993,2022-01-10 17:05:00:522
-1.695315,8.375179,0.232104,-1.033971,9.722631,0.756138,-1.296061,-2.506272,4.022905,4.976636,-0.059387,0.507317,7.0,4.575,-32.925,-11.175,44.0455,-82.4945,53.8222,5.0,34.84599,48.84393,2.3533108,341.7727,NaN,1.512,41.496777,120.4,7 / 25,27997,2022-01-10 17:05:00:526
-1.695315,8.375179,0.232104,-1.033971,9.722631,0.756138,-1.296061,-2.506272,4.022905,4.976636,-0.059387,0.507317,7.0,4.575,-32.925,-11.175,44.0455,-82.4945,53.8222,5.0,34.84599,48.84393,2.3533108,341.7727,NaN,1.512,41.496777,120.4,7 / 25,28002,2022-01-10 17:05:00:531
-1.695315,8.375179,0.232104,0.04395,8.394938,-5.068871,-1.296061,-2.506272,4.022905,4.976636,-0.059387,0.507317,7.0,4.575,-32.925,-11.175,44.0455,-82.4945,53.8222,5.0,34.84599,48.84393,2.3533108,341.7727,NaN,1.512,41.496777,120.4,7 / 25,28008,2022-01-10 17:05:00:537
-1.695315,8.375179,0.232104,0.04395,8.394938,-5.068871,-1.296061,-2.506272,4.022905,4.976636,-0.059387,0.507317,7.0,4.575,-32.925,-11.175,44.0455,-82.4945,53.8222,5.0,34.84599,48.84393,2.3533108,341.7727,NaN,1.512,41.496777,120.4,7 / 25,28012,2022-01-10 17:05:00:541
-1.695315,8.375179,0.232104,0.04395,8.394938,-5.068871,-1.296061,-2.506272,4.022905,4.976636,-0.059387,0.507317,7.0,4.575,-32.925,-11.175,44.0455,-82.4945,53.8222,5.0,34.84599,48.84393,2.3533108,341.7727,NaN,1.512,41.496777,120.4,7 / 25,28018,2022-01-10 17:05:00:547
-1.695315,8.375179,0.232104,0.04395,8.394938,-5.068871,-1.296061,-2.506272,4.022905,4.976636,-0.059387,0.507317,7.0,4.575,-32.925,-11.175,44.0455,-82.4945,53.8222,5.0,34.84599,48.84393,2.3533108,341.7727,NaN,1.512,41.496777,120.4,7 / 25,28023,2022-01-10 17:05:00:552
-1.695315,8.375179,0.232104,0.04395,8.394938,-5.068871,-1.296061,-2.506272,4.022905,4.976636,-0.059387,0.507317,7.0,4.575,-32.925,-11.175,44.0455,-82.4945,53.8222,5.0,34.84599,48.84393,2.3533108,341.7727,NaN,1.512,41.496777,120.4,7 / 25,28028,2022-01-10 17:05:00:557
0.13011,7.268498,-8.552247,0.04395,8.394938,-5.068871,-1.296061,-2.506272,4.022905,4.976636,-0.059387,0.507317,7.0,4.575,-32.925,-11.175,44.0455,-82.4945,53.8222,5.0,34.84599,48.84393,2.3533108,341.7727,NaN,1.512,41.496777,120.4,7 / 25,28033,2022-01-10 17:05:00:562
0.13011,7.268498,-8.552247,0.04395,8.394938,-5.068871,-1.296061,-2.506272,4.022905,4.976636,-0.059387,0.507317,7.0,4.575,-32.925,-11.175,44.0455,-82.4945,53.8222,5.0,34.84599,48.84393,2.3533108,341.7727,NaN,1.512,41.496777,120.4,7 / 25,28038,2022-01-10 17:05:00:567
0.13011,7.268498,-8.552247,0.04395,8.394938,-5.068871,-1.296061,-2.506272,4.022905,4.976636,-0.059387,0.507317,7.0,4.575,-32.925,-11.175,44.0455,-82.4945,53.8222,5.0,34.84599,48.84393,2.3533108,341.7727,NaN,1.512,41.496777,120.4,7 / 25,28043,2022-01-10 17:05:00:572
0.13011,7.268498,-8.552247,0.04395,8.394938,-5.068871,-1.296061,-2.506272,4.022905,4.976636,-0.059387,0.507317,7.0,4.575,-32.925,-11.175,44.0455,-82.4945,53.8222,5.0,34.84599,48.84393,2.3533108,341.7727,NaN,1.512,41.496777,120.4,7 / 25,28048,2022-01-10 17:05:00:577
0.13011,7.268498,-8.552247,0.04395,8.394938,-5.068871,-1.296061,-2.506272,4.022905,4.342955,-0.067909,0.804917,7.0,4.575,-32.925,-11.175,44.0455,-82.4945,53.8222,5.0,34.84599,48.84393,2.3533108,341.7727,NaN,1.512,41.496777,120.4,7 / 25,28053,2022-01-10 17:05:00:582
0.13011,7.268498,-8.552247,0.04395,8.394938,-5.068871,-1.296061,-2.506272,4.022905,4.342955,-0.067909,0.804917,7.0,4.5,-31.95,7.575,152.4808,-58.8754,-179.5032,5.0,34.84599,48.84393,2.3533108,341.7727,NaN,1.512,41.496777,120.4,7 / 25,28058,2022-01-10 17:05:00:587
0.13011,7.268498,-8.552247,0.04395,8.394938,-5.068871,-1.296061,-2.506272,4.022905,4.342955,-0.067909,0.804917,7.0,4.5,-31.95,7.575,152.4808,-58.8754,-179.5032,5.0,34.84599,48.84393,2.3533108,341.7727,NaN,1.512,41.496777,120.4,7 / 25,28063,2022-01-10 17:05:00:592
0.13011,7.268498,-8.552247,0.04395,8.394938,-5.068871,0.048442,1.454633,1.103317,4.342955,-0.067909,0.804917,7.0,4.5,-31.95,7.575,152.4808,-58.8754,-179.5032,5.0,34.84599,48.84393,2.3533108,341.7727,NaN,1.512,41.496777,120.4,7 / 25,28067,2022-01-10 17:05:00:596
0.13011,7.268498,-8.552247,0.04395,8.394938,-5.068871,0.048442,1.454633,1.103317,4.342955,-0.067909,0.804917,7.0,4.5,-31.95,7.575,152.4808,-58.8754,-179.5032,5.0,34.84599,48.84393,2.3533108,341.7727,NaN,1.512,41.496777,120.4,7 / 25,28074,2022-01-10 17:05:00:603
0.13011,7.268498,-8.552247,0.04395,8.394938,-5.068871,0.048442,1.454633,1.103317,4.342955,-0.067909,0.804917,7.0,4.5,-31.95,7.575,152.4808,-58.8754,-179.5032,5.0,34.84599,48.84393,2.3533108,341.7727,NaN,1.512,41.496777,120.4,7 / 25,28077,2022-01-10 17:05:00:606
0.13011,7.268498,-8.552247,0.04395,8.394938,-5.068871,0.048442,1.454633,1.103317,4.342955,-0.067909,0.804917,7.0,4.5,-31.95,7.575,152.4808,-58.8754,-179.5032,5.0,34.84599,48.84393,2.3533108,341.7727,NaN,1.512,41.496777,120.4,7 / 25,28083,2022-01-10 17:05:00:612
0.13011,7.268498,-8.552247,0.04395,8.394938,-5.068871,0.048442,1.454633,1.103317,4.342955,-0.067909,0.804917,7.0,4.5,-31.95,7.575,152.4808,-58.8754,-179.5032,5.0,34.84599,48.84393,2.3533108,341.7727,NaN,1.512,41.496777,120.4,7 / 25,28087,2022-01-10 17:05:00:616
0.13011,7.268498,-8.552247,0.04395,8.394938,-5.068871,0.048442,1.454633,1.103317,4.342955,-0.067909,0.804917,7.0,4.5,-31.95,7.575,152.4808,-58.8754,-179.5032,5.0,34.84599,48.84393,2.3533108,341.7727,NaN,1.512,41.496777,120.4,7 / 25,28092,2022-01-10 17:05:00:621
0.13011,7.268498,-8.552247,0.04395,8.394938,-5.068871,0.048442,1.454633,1.103317,4.342955,-0.067909,0.804917,7.0,4.5,-31.95,7.575,152.4808,-58.8754,-179.5032,5.0,34.84599,48.84393,2.3533108,341.7727,NaN,1.512,41.496777,120.4,7 / 25,28098,2022-01-10 17:05:00:627
0.13011,7.268498,-8.552247,0.04395,8.394938,-5.068871,0.048442,1.454633,1.103317,4.342955,-0.067909,0.804917,7.0,4.5,-31.95,7.575,152.4808,-58.8754,-179.5032,5.0,34.84599,48.84393,2.3533108,341.7727,NaN,1.512,41.496777,120.4,7 / 25,28102,2022-01-10 17:05:00:631
0.13011,7.268498,-8.552247,0.04395,8.394938,-5.068871,0.048442,1.454633,1.103317,4.342955,-0.067909,0.804917,7.0,4.5,-31.95,7.575,152.4808,-58.8754,-179.5032,5.0,34.84599,48.84393,2.3533108,341.7727,NaN,1.512,41.496777,120.4,7 / 25,28108,2022-01-10 17:05:00:637
0.13011,7.268498,-8.552247,0.04395,8.394938,-5.068871,0.048442,1.454633,1.103317,4.342955,-0.067909,0.804917,7.0,4.5,-31.95,7.575,152.4808,-58.8754,-179.5032,5.0,34.84599,48.84393,2.3533108,341.7727,NaN,1.512,41.496777,120.4,7 / 25,28112,2022-01-10 17:05:00:641
0.13011,7.268498,-8.552247,0.04395,8.394938,-5.068871,0.048442,1.454633,1.103317,4.342955,-0.067909,0.804917,7.0,4.5,-31.95,7.575,152.4808,-58.8754,-179.5032,5.0,34.84599,48.84393,2.3533108,341.7727,NaN,1.512,41.496777,120.4,7 / 25,28117,2022-01-10 17:05:00:646
0.13011,7.268498,-8.552247,0.04395,8.394938,-5.068871,0.048442,1.454633,1.103317,4.342955,-0.067909,0.804917,7.0,4.5,-31.95,7.575,152.4808,-58.8754,-179.5032,5.0,34.84599,48.84393,2.3533108,341.7727,NaN,1.512,41.496777,120.4,7 / 25,28124,2022-01-10 17:05:00:653
0.13011,7.268498,-8.552247,0.04395,8.394938,-5.068871,0.048442,1.454633,1.103317,4.342955,-0.067909,0.804917,7.0,4.5,-31.95,7.575,152.4808,-58.8754,-179.5032,5.0,34.84599,48.84393,2.3533108,341.7727,NaN,1.512,41.496777,120.4,7 / 25,28128,2022-01-10 17:05:00:657
-0.388535,5.294719,-6.223731,0.819647,5.993297,-7.718741,0.048442,1.454633,1.103317,4.342955,-0.067909,0.804917,7.0,4.5,-31.95,7.575,152.4808,-58.8754,-179.5032,5.0,34.84599,48.84393,2.3533108,341.7727,NaN,1.512,41.496777,120.4,7 / 25,28133,2022-01-10 17:05:00:662
-0.388535,5.294719,-6.223731,0.819647,5.993297,-7.718741,0.048442,1.454633,1.103317,4.342955,-0.067909,0.804917,7.0,4.5,-31.95,7.575,152.4808,-58.8754,-179.5032,5.0,34.84599,48.84393,2.3533108,341.7727,NaN,1.512,41.496777,120.4,7 / 25,28138,2022-01-10 17:05:00:667
-0.388535,5.294719,-6.223731,0.819647,5.993297,-7.718741,0.048442,1.454633,1.103317,4.342955,-0.067909,0.804917,7.0,4.5,-31.95,7.575,152.4808,-58.8754,-179.5032,5.0,34.84599,48.84393,2.3533108,341.7727,NaN,1.512,41.496777,120.4,7 / 25,28143,2022-01-10 17:05:00:672
-0.388535,5.294719,-6.223731,0.819647,5.993297,-7.718741,0.048442,1.454633,1.103317,4.342955,-0.067909,0.804917,7.0,4.5,-31.95,7.575,152.4808,-58.8754,-179.5032,5.0,34.84599,48.84393,2.3533108,341.7727,NaN,1.512,41.496777,120.4,7 / 25,28149,2022-01-10 17:05:00:678
-0.388535,5.294719,-6.223731,0.819647,5.993297,-7.718741,0.048442,1.454633,1.103317,4.342955,-0.067909,0.804917,7.0,4.5,-31.95,7.575,152.4808,-58.8754,-179.5032,5.0,34.84599,48.84393,2.3533108,341.7727,NaN,1.512,41.496777,120.4,7 / 25,28154,2022-01-10 17:05:00:683
-0.388535,5.294719,-6.223731,0.819647,5.993297,-7.718741,0.048442,1.454633,1.103317,4.342955,-0.067909,0.804917,7.0,4.5,-31.95,7.575,152.4808,-58.8754,-179.5032,5.0,34.84599,48.84393,2.3533108,341.7727,NaN,1.512,41.496777,120.4,7 / 25,28158,2022-01-10 17:05:00:687
-0.388535,5.294719,-6.223731,0.819647,5.993297,-7.718741,0.048442,1.454633,1.103317,4.342955,-0.067909,0.804917,7.0,4.5,-31.95,7.575,152.4808,-58.8754,-179.5032,5.0,34.84599,48.84393,2.3533108,341.7727,NaN,1.512,41.496777,120.4,7 / 25,28162,2022-01-10 17:05:00:691
-0.388535,5.294719,-6.223731,0.819647,5.993297,-7.718741,0.048442,1.454633,1.103317,5.229629,-0.126763,1.20651,7.0,4.5,-31.95,7.575,152.4808,-58.8754,-179.5032,5.0,34.84599,48.84393,2.3533108,341.7727,NaN,1.512,41.496777,120.4,7 / 25,28168,2022-01-10 17:05:00:697
-0.388535,5.294719,-6.223731,0.819647,5.993297,-7.718741,0.048442,1.454633,1.103317,5.229629,-0.126763,1.20651,2.0,4.5,-31.95,7.575,152.4808,-58.8754,-179.5032,5.0,34.84599,48.84393,2.3533108,341.7727,NaN,1.512,41.496777,120.4,7 / 25,28173,2022-01-10 17:05:00:702
-0.388535,5.294719,-6.223731,0.819647,5.993297,-7.718741,0.048442,1.454633,1.103317,5.229629,-0.126763,1.20651,2.0,4.5,-31.95,7.575,152.4808,-58.8754,-179.5032,5.0,34.84599,48.84393,2.3533108,341.7727,NaN,1.512,41.496777,120.4,7 / 25,28178,2022-01-10 17:05:00:707
-0.388535,5.294719,-6.223731,0.819647,5.993297,-7.718741,0.048442,1.454633,1.103317,5.229629,-0.126763,1.20651,2.0,4.5,-31.95,7.575,152.4808,-58.8754,-179.5032,5.0,34.84599,48.84393,2.3533108,341.7727,NaN,1.512,41.496777,120.4,7 / 25,28185,2022-01-10 17:05:00:714
-0.388535,5.294719,-6.223731,0.819647,5.993297,-7.718741,-1.132366,2.119123,2.481338,5.229629,-0.126763,1.20651,2.0,4.5,-31.95,7.575,152.4808,-58.8754,-179.5032,5.0,34.84599,48.84393,2.3533108,341.7727,NaN,1.512,41.496777,120.4,7 / 25,28188,2022-01-10 17:05:00:717
-0.388535,5.294719,-6.223731,0.819647,5.993297,-7.718741,-1.132366,2.119123,2.481338,5.229629,-0.126763,1.20651,2.0,4.5,-31.95,7.575,152.4808,-58.8754,-179.5032,5.0,34.84599,48.84393,2.3533108,341.7727,NaN,1.512,41.496777,120.4,7 / 25,28193,2022-01-10 17:05:00:722
-0.388535,5.294719,-6.223731,0.819647,5.993297,-7.718741,-1.132366,2.119123,2.481338,5.229629,-0.126763,1.20651,2.0,3.375,-24.075,24.675,125.4044,-37.6724,-173.9385,5.0,34.84599,48.84393,2.3533108,341.7727,NaN,1.512,41.496777,120.4,7 / 25,28197,2022-01-10 17:05:00:726
-0.388535,5.294719,-6.223731,0.819647,5.993297,-7.718741,-1.132366,2.119123,2.481338,5.229629,-0.126763,1.20651,2.0,3.375,-24.075,24.675,125.4044,-37.6724,-173.9385,5.0,34.84599,48.84393,2.3533108,341.7727,NaN,1.512,41.496777,120.4,7 / 25,28202,2022-01-10 17:05:00:731
-0.388535,5.294719,-6.223731,0.819647,5.993297,-7.718741,-1.132366,2.119123,2.481338,5.229629,-0.126763,1.20651,2.0,3.375,-24.075,24.675,125.4044,-37.6724,-173.9385,5.0,34.84599,48.84393,2.3533108,341.7727,NaN,1.512,41.496777,120.4,7 / 25,28208,2022-01-10 17:05:00:737
-0.388535,5.294719,-6.223731,0.819647,5.993297,-7.718741,-1.132366,2.119123,2.481338,5.229629,-0.126763,1.20651,2.0,3.375,-24.075,24.675,125.4044,-37.6724,-173.9385,5.0,34.84599,48.84393,2.3533108,341.7727,NaN,1.512,41.496777,120.4,7 / 25,28212,2022-01-10 17:05:00:741
-0.388535,5.294719,-6.223731,0.819647,5.993297,-7.718741,-1.132366,2.119123,2.481338,5.229629,-0.126763,1.20651,2.0,3.375,-24.075,24.675,125.4044,-37.6724,-173.9385,5.0,34.84599,48.84393,2.3533108,341.7727,NaN,1.512,41.496777,120.4,7 / 25,28218,2022-01-10 17:05:00:747
-0.388535,5.294719,-6.223731,0.819647,5.993297,-7.718741,-1.132366,2.119123,2.481338,5.229629,-0.126763,1.20651,2.0,3.375,-24.075,24.675,125.4044,-37.6724,-173.9385,5.0,34.84599,48.84393,2.3533108,341.7727,NaN,1.512,41.496777,120.4,7 / 25,28222,2022-01-10 17:05:00:751
-0.299701,0.173181,-11.195718,0.819647,5.993297,-7.718741,-1.132366,2.119123,2.481338,5.229629,-0.126763,1.20651,2.0,3.375,-24.075,24.675,125.4044,-37.6724,-173.9385,5.0,34.84599,48.84393,2.3533108,341.7727,NaN,1.512,41.496777,120.4,7 / 25,28228,2022-01-10 17:05:00:757
-0.299701,0.173181,-11.195718,0.819647,5.993297,-7.718741,-1.132366,2.119123,2.481338,5.229629,-0.126763,1.20651,2.0,3.375,-24.075,24.675,125.4044,-37.6724,-173.9385,5.0,28.52657,48.84393,2.3533108,341.7727,NaN,1.512,41.496777,120.4,7 / 25,28232,2022-01-10 17:05:00:761
-0.299701,0.173181,-11.195718,0.819647,5.993297,-7.718741,-1.132366,2.119123,2.481338,5.229629,-0.126763,1.20651,2.0,3.375,-24.075,24.675,125.4044,-37.6724,-173.9385,5.0,28.52657,48.84393,2.3533108,341.7727,NaN,1.512,41.496777,120.4,7 / 25,28238,2022-01-10 17:05:00:767
-0.299701,0.173181,-11.195718,0.819647,5.993297,-7.718741,-1.132366,2.119123,2.481338,5.229629,-0.126763,1.20651,2.0,3.375,-24.075,24.675,125.4044,-37.6724,-173.9385,5.0,28.52657,48.84393,2.3533108,341.7727,NaN,1.512,41.496777,120.4,7 / 25,28243,2022-01-10 17:05:00:772
-0.299701,0.173181,-11.195718,0.270733,-0.779633,-9.771862,-1.132366,2.119123,2.481338,5.229629,-0.126763,1.20651,2.0,3.375,-24.075,24.675,125.4044,-37.6724,-173.9385,5.0,28.52657,48.84393,2.3533108,341.7727,NaN,1.512,41.496777,120.4,7 / 25,28248,2022-01-10 17:05:00:777
-0.299701,0.173181,-11.195718,0.270733,-0.779633,-9.771862,-1.132366,2.119123,2.481338,5.229629,-0.126763,1.20651,2.0,3.375,-24.075,24.675,125.4044,-37.6724,-173.9385,5.0,28.52657,48.84393,2.3533108,341.7727,NaN,1.512,41.496777,120.4,7 / 25,28253,2022-01-10 17:05:00:782
-0.299701,0.173181,-11.195718,0.270733,-0.779633,-9.771862,-1.132366,2.119123,2.481338,5.229629,-0.126763,1.20651,2.0,3.375,-24.075,24.675,125.4044,-37.6724,-173.9385,5.0,28.52657,48.84393,2.3533108,341.7727,NaN,1.512,41.496777,120.4,7 / 25,28257,2022-01-10 17:05:00:786
-0.299701,0.173181,-11.195718,0.270733,-0.779633,-9.771862,-1.132366,2.119123,2.481338,5.229629,-0.126763,1.20651,2.0,3.375,-24.075,24.675,125.4044,-37.6724,-173.9385,5.0,28.52657,48.84393,2.3533108,341.7727,NaN,1.512,41.496777,120.4,7 / 25,28263,2022-01-10 17:05:00:792
-0.299701,0.173181,-11.195718,0.270733,-0.779633,-9.771862,-1.132366,2.119123,2.481338,5.229629,-0.126763,1.20651,2.0,3.375,-24.075,24.675,125.4044,-37.6724,-173.9385,5.0,28.52657,48.84393,2.3533108,341.7727,NaN,1.512,41.496777,120.4,7 / 25,28268,2022-01-10 17:05:00:797
-0.299701,0.173181,-11.195718,0.270733,-0.779633,-9.771862,-1.132366,2.119123,2.481338,5.229629,-0.126763,1.20651,2.0,3.375,-24.075,24.675,125.4044,-37.6724,-173.9385,5.0,28.52657,48.84393,2.3533108,341.7727,NaN,1.512,41.496777,120.4,7 / 25,28272,2022-01-10 17:05:00:801
-0.299701,0.173181,-11.195718,0.270733,-0.779633,-9.771862,-1.132366,2.119123,2.481338,5.229629,-0.126763,1.20651,2.0,3.375,-24.075,24.675,125.4044,-37.6724,-173.9385,5.0,28.52657,48.84393,2.3533108,341.7727,NaN,1.512,41.496777,120.4,7 / 25,28278,2022-01-10 17:05:00:807
-0.299701,0.173181,-11.195718,0.270733,-0.779633,-9.771862,-1.132366,2.119123,2.481338,5.229629,-0.126763,1.20651,2.0,3.375,-24.075,24.675,125.4044,-37.6724,-173.9385,5.0,28.52657,48.84393,2.3533108,341.7727,NaN,1.512,41.496777,120.4,7 / 25,28283,2022-01-10 17:05:00:812
-0.299701,0.173181,-11.195718,0.270733,-0.779633,-9.771862,-1.132366,2.119123,2.481338,5.229629,-0.126763,1.20651,2.0,3.375,-24.075,24.675,125.4044,-37.6724,-173.9385,5.0,28.52657,48.84393,2.3533108,341.7727,NaN,1.512,41.496777,120.4,7 / 25,28288,2022-01-10 17:05:00:817
-0.299701,0.173181,-11.195718,0.270733,-0.779633,-9.771862,-1.132366,2.119123,2.481338,5.229629,-0.126763,1.20651,2.0,3.375,-24.075,24.675,125.4044,-37.6724,-173.9385,5.0,28.52657,48.84393,2.3533108,341.7727,NaN,1.512,41.496777,120.4,7 / 25,28293,2022-01-10 17:05:00:822
-0.299701,0.173181,-11.195718,0.270733,-0.779633,-9.771862,-1.132366,2.119123,2.481338,1.626478,-1.36949,0.577489,2.0,3.375,-24.075,24.675,125.4044,-37.6724,-173.9385,5.0,28.52657,48.84393,2.3533108,341.7727,NaN,1.512,41.496777,120.4,7 / 25,28298,2022-01-10 17:05:00:827
-0.299701,0.173181,-11.195718,0.270733,-0.779633,-9.771862,-1.132366,2.119123,2.481338,1.626478,-1.36949,0.577489,2.0,3.375,-24.075,24.675,125.4044,-37.6724,-173.9385,5.0,28.52657,48.84393,2.3533108,341.7727,NaN,1.512,41.496777,120.4,7 / 25,28303,2022-01-10 17:05:00:832
-0.299701,0.173181,-11.195718,0.270733,-0.779633,-9.771862,-1.132366,2.119123,2.481338,1.626478,-1.36949,0.577489,2.0,3.375,-24.075,24.675,125.4044,-37.6724,-173.9385,5.0,28.52657,48.84393,2.3533108,341.7727,NaN,1.512,41.496777,120.4,7 / 25,28308,2022-01-10 17:05:00:837
-0.299701,0.173181,-11.195718,0.270733,-0.779633,-9.771862,-1.132366,2.119123,2.481338,1.626478,-1.36949,0.577489,2.0,3.375,-24.075,24.675,125.4044,-37.6724,-173.9385,5.0,28.52657,48.84393,2.3533108,341.7727,NaN,1.512,41.496777,120.4,7 / 25,28313,2022-01-10 17:05:00:842
0.271585,-2.071287,-9.317652,0.270733,-0.779633,-9.771862,0.289528,1.745803,-2.763579,1.626478,-1.36949,0.577489,2.0,3.375,-24.075,24.675,125.4044,-37.6724,-173.9385,5.0,28.52657,48.84393,2.3533108,341.7727,NaN,1.512,41.496777,120.4,7 / 25,28318,2022-01-10 17:05:00:847
0.271585,-2.071287,-9.317652,0.270733,-0.779633,-9.771862,0.289528,1.745803,-2.763579,1.626478,-1.36949,0.577489,2.0,3.375,-24.075,24.675,125.4044,-37.6724,-173.9385,5.0,28.52657,48.84393,2.3533108,341.7727,NaN,1.512,41.496777,120.4,7 / 25,28323,2022-01-10 17:05:00:852
0.271585,-2.071287,-9.317652,0.270733,-0.779633,-9.771862,0.289528,1.745803,-2.763579,1.626478,-1.36949,0.577489,2.0,3.375,-24.075,24.675,125.4044,-37.6724,-173.9385,5.0,28.52657,48.84393,2.3533108,341.7727,NaN,1.512,41.496777,120.4,7 / 25,28328,2022-01-10 17:05:00:857
0.271585,-2.071287,-9.317652,0.270733,-0.779633,-9.771862,0.289528,1.745803,-2.763579,1.626478,-1.36949,0.577489,2.0,3.375,-24.075,24.675,125.4044,-37.6724,-173.9385,5.0,28.52657,48.84393,2.3533108,341.7727,NaN,1.512,41.496777,120.4,7 / 25,28333,2022-01-10 17:05:00:862
0.271585,-2.071287,-9.317652,0.270733,-0.779633,-9.771862,0.289528,1.745803,-2.763579,1.626478,-1.36949,0.577489,2.0,3.675,-7.725,34.275,155.152,4.5599,-178.413,5.0,28.52657,48.84393,2.3533108,341.7727,NaN,1.512,41.496777,120.4,7 / 25,28337,2022-01-10 17:05:00:866
0.271585,-2.071287,-9.317652,0.270733,-0.779633,-9.771862,0.289528,1.745803,-2.763579,1.626478,-1.36949,0.577489,2.0,3.675,-7.725,34.275,155.152,4.5599,-178.413,5.0,28.52657,48.84393,2.3533108,341.7727,NaN,1.512,41.496777,120.4,7 / 25,28343,2022-01-10 17:05:00:872
0.271585,-2.071287,-9.317652,0.270733,-0.779633,-9.771862,0.289528,1.745803,-2.763579,1.626478,-1.36949,0.577489,2.0,3.675,-7.725,34.275,155.152,4.5599,-178.413,5.0,28.52657,48.84393,2.3533108,341.7727,NaN,1.512,41.496777,120.4,7 / 25,28347,2022-01-10 17:05:00:876
0.271585,-2.071287,-9.317652,0.270733,-0.779633,-9.771862,0.289528,1.745803,-2.763579,1.626478,-1.36949,0.577489,2.0,3.675,-7.725,34.275,155.152,4.5599,-178.413,5.0,28.52657,48.84393,2.3533108,341.7727,NaN,1.512,41.496777,120.4,7 / 25,28353,2022-01-10 17:05:00:882
0.271585,-2.071287,-9.317652,0.270733,-0.779633,-9.771862,0.289528,1.745803,-2.763579,1.626478,-1.36949,0.577489,2.0,3.675,-7.725,34.275,155.152,4.5599,-178.413,5.0,28.52657,48.84393,2.3533108,341.7727,NaN,1.512,41.496777,120.4,7 / 25,28358,2022-01-10 17:05:00:887
0.271585,-2.071287,-9.317652,0.270733,-0.779633,-9.771862,0.289528,1.745803,-2.763579,1.626478,-1.36949,0.577489,2.0,3.675,-7.725,34.275,155.152,4.5599,-178.413,5.0,28.52657,48.84393,2.3533108,341.7727,NaN,1.512,41.496777,120.4,7 / 25,28362,2022-01-10 17:05:00:891
0.271585,-2.071287,-9.317652,0.270733,-0.779633,-9.771862,0.289528,1.745803,-2.763579,1.626478,-1.36949,0.577489,2.0,3.675,-7.725,34.275,155.152,4.5599,-178.413,5.0,28.52657,48.84393,2.3533108,341.7727,NaN,1.512,41.496777,120.4,7 / 25,28368,2022-01-10 17:05:00:897
0.271585,-2.071287,-9.317652,0.270733,-0.779633,-9.771862,0.289528,1.745803,-2.763579,1.626478,-1.36949,0.577489,2.0,3.675,-7.725,34.275,155.152,4.5599,-178.413,5.0,28.52657,48.84393,2.3533108,341.7727,NaN,1.512,41.496777,120.4,7 / 25,28373,2022-01-10 17:05:00:902
0.271585,-2.071287,-9.317652,-0.180294,-1.713101,-9.65418,0.289528,1.745803,-2.763579,1.626478,-1.36949,0.577489,2.0,3.675,-7.725,34.275,155.152,4.5599,-178.413,5.0,28.52657,48.84393,2.3533108,341.7727,NaN,1.512,41.496777,120.4,7 / 25,28378,2022-01-10 17:05:00:907
0.271585,-2.071287,-9.317652,-0.180294,-1.713101,-9.65418,0.289528,1.745803,-2.763579,1.626478,-1.36949,0.577489,2.0,3.675,-7.725,34.275,155.152,4.5599,-178.413,5.0,28.52657,48.84393,2.3533108,341.7727,NaN,1.512,41.496777,120.4,7 / 25,28384,2022-01-10 17:05:00:913
0.271585,-2.071287,-9.317652,-0.180294,-1.713101,-9.65418,0.289528,1.745803,-2.763579,1.626478,-1.36949,0.577489,2.0,3.675,-7.725,34.275,155.152,4.5599,-178.413,5.0,28.52657,48.84393,2.3533108,341.7727,NaN,1.512,41.496777,120.4,7 / 25,28388,2022-01-10 17:05:00:917
0.271585,-2.071287,-9.317652,-0.180294,-1.713101,-9.65418,0.289528,1.745803,-2.763579,1.626478,-1.36949,0.577489,2.0,3.675,-7.725,34.275,155.152,4.5599,-178.413,5.0,28.52657,48.84393,2.3533108,341.7727,NaN,1.512,41.496777,120.4,7 / 25,28393,2022-01-10 17:05:00:922
0.271585,-2.071287,-9.317652,-0.180294,-1.713101,-9.65418,0.289528,1.745803,-2.763579,1.626478,-1.36949,0.577489,2.0,3.675,-7.725,34.275,155.152,4.5599,-178.413,5.0,28.52657,48.84393,2.3533108,341.7727,NaN,1.512,41.496777,120.4,7 / 25,28398,2022-01-10 17:05:00:927
0.271585,-2.071287,-9.317652,-0.180294,-1.713101,-9.65418,0.289528,1.745803,-2.763579,1.626478,-1.36949,0.577489,2.0,3.675,-7.725,34.275,155.152,4.5599,-178.413,5.0,28.52657,48.84393,2.3533108,341.7727,NaN,1.512,41.496777,120.4,7 / 25,28403,2022-01-10 17:05:00:932
0.271585,-2.071287,-9.317652,-0.180294,-1.713101,-9.65418,0.289528,1.745803,-2.763579,1.626478,-1.36949,0.577489,2.0,3.675,-7.725,34.275,155.152,4.5599,-178.413,5.0,28.52657,48.84393,2.3533108,341.7727,NaN,1.512,41.496777,120.4,7 / 25,28408,2022-01-10 17:05:00:937
0.271585,-2.071287,-9.317652,-0.180294,-1.713101,-9.65418,0.289528,1.745803,-2.763579,1.626478,-1.36949,0.577489,2.0,3.675,-7.725,34.275,155.152,4.5599,-178.413,5.0,28.52657,48.84393,2.3533108,341.7727,NaN,1.512,41.496777,120.4,7 / 25,28412,2022-01-10 17:05:00:941
0.271585,-2.071287,-9.317652,-0.180294,-1.713101,-9.65418,0.289528,1.745803,-2.763579,1.626478,-1.36949,0.577489,2.0,3.675,-7.725,34.275,155.152,4.5599,-178.413,5.0,28.52657,48.84393,2.3533108,341.7727,NaN,1.512,41.496777,120.4,7 / 25,28419,2022-01-10 17:05:00:948
0.271585,-2.071287,-9.317652,-0.180294,-1.713101,-9.65418,0.289528,1.745803,-2.763579,1.626478,-1.36949,0.577489,2.0,3.675,-7.725,34.275,155.152,4.5599,-178.413,5.0,28.52657,48.84393,2.3533108,341.7727,NaN,1.512,41.496777,120.4,7 / 25,28422,2022-01-10 17:05:00:951
0.271585,-2.071287,-9.317652,-0.180294,-1.713101,-9.65418,0.289528,1.745803,-2.763579,1.626478,-1.36949,0.577489,2.0,3.675,-7.725,34.275,155.152,4.5599,-178.413,5.0,28.52657,48.84393,2.3533108,341.7727,NaN,1.512,41.496777,120.4,7 / 25,28428,2022-01-10 17:05:00:957
-0.819542,-2.785246,-8.912666,-0.180294,-1.713101,-9.65418,-0.851063,1.981123,0.652985,4.357602,0.652056,-0.603188,2.0,3.675,-7.725,34.275,155.152,4.5599,-178.413,5.0,28.52657,48.84393,2.3533108,341.7727,NaN,1.512,41.496777,120.4,7 / 25,28434,2022-01-10 17:05:00:963
-0.819542,-2.785246,-8.912666,-0.180294,-1.713101,-9.65418,-0.851063,1.981123,0.652985,4.357602,0.652056,-0.603188,2.0,3.675,-7.725,34.275,155.152,4.5599,-178.413,5.0,28.52657,48.84393,2.3533108,341.7727,NaN,1.512,41.496777,120.4,7 / 25,28438,2022-01-10 17:05:00:967
-0.819542,-2.785246,-8.912666,-0.180294,-1.713101,-9.65418,-0.851063,1.981123,0.652985,4.357602,0.652056,-0.603188,2.0,3.675,-7.725,34.275,155.152,4.5599,-178.413,5.0,28.52657,48.84393,2.3533108,341.7727,NaN,1.512,41.496777,120.4,7 / 25,28443,2022-01-10 17:05:00:972
-0.819542,-2.785246,-8.912666,-0.180294,-1.713101,-9.65418,-0.851063,1.981123,0.652985,4.357602,0.652056,-0.603188,2.0,3.675,-7.725,34.275,155.152,4.5599,-178.413,5.0,28.52657,48.84393,2.3533108,341.7727,NaN,1.512,41.496777,120.4,7 / 25,28447,2022-01-10 17:05:00:976
-0.819542,-2.785246,-8.912666,-0.180294,-1.713101,-9.65418,-0.851063,1.981123,0.652985,4.357602,0.652056,-0.603188,2.0,3.675,-7.725,34.275,155.152,4.5599,-178.413,5.0,28.52657,48.84393,2.3533108,341.7727,NaN,1.512,41.496777,120.4,7 / 25,28453,2022-01-10 17:05:00:982
-0.819542,-2.785246,-8.912666,-0.180294,-1.713101,-9.65418,-0.851063,1.981123,0.652985,4.357602,0.652056,-0.603188,2.0,3.6,9.3,35.775,52.4142,10.0605,178.9301,5.0,28.52657,48.84393,2.3533108,341.7727,NaN,1.512,41.496777,120.4,7 / 25,28458,2022-01-10 17:05:00:987
-0.819542,-2.785246,-8.912666,-0.180294,-1.713101,-9.65418,-0.851063,1.981123,0.652985,4.357602,0.652056,-0.603188,2.0,3.6,9.3,35.775,52.4142,10.0605,178.9301,5.0,28.52657,48.84393,2.3533108,341.7727,NaN,1.512,41.496777,120.4,7 / 25,28463,2022-01-10 17:05:00:992
-0.819542,-2.785246,-8.912666,-0.180294,-1.713101,-9.65418,-0.851063,1.981123,0.652985,4.357602,0.652056,-0.603188,5.0,3.6,9.3,35.775,52.4142,10.0605,178.9301,5.0,28.52657,48.84393,2.3533108,341.7727,NaN,1.512,41.496777,120.4,7 / 25,28467,2022-01-10 17:05:00:996
-0.819542,-2.785246,-8.912666,-0.180294,-1.713101,-9.65418,-0.851063,1.981123,0.652985,4.357602,0.652056,-0.603188,5.0,3.6,9.3,35.775,52.4142,10.0605,178.9301,5.0,28.52657,48.84393,2.3533108,341.7727,NaN,1.512,41.496777,120.4,7 / 25,28473,2022-01-10 17:05:01:002
-0.819542,-2.785246,-8.912666,-0.180294,-1.713101,-9.65418,-0.851063,1.981123,0.652985,4.357602,0.652056,-0.603188,5.0,3.6,9.3,35.775,52.4142,10.0605,178.9301,5.0,28.52657,48.84393,2.3533108,341.7727,NaN,1.512,41.496777,120.4,7 / 25,28478,2022-01-10 17:05:01:007
-0.819542,-2.785246,-8.912666,-0.180294,-1.713101,-9.65418,-0.851063,1.981123,0.652985,4.357602,0.652056,-0.603188,5.0,3.6,9.3,35.775,52.4142,10.0605,178.9301,5.0,28.52657,48.84393,2.3533108,341.7727,NaN,1.512,41.496777,120.4,7 / 25,28483,2022-01-10 17:05:01:012
-0.819542,-2.785246,-8.912666,0.725148,-6.05249,-7.681921,-0.851063,1.981123,0.652985,4.357602,0.652056,-0.603188,5.0,3.6,9.3,35.775,52.4142,10.0605,178.9301,5.0,28.52657,48.84393,2.3533108,341.7727,NaN,1.512,41.496777,120.4,7 / 25,28489,2022-01-10 17:05:01:018
-0.819542,-2.785246,-8.912666,0.725148,-6.05249,-7.681921,-0.851063,1.981123,0.652985,4.357602,0.652056,-0.603188,5.0,3.6,9.3,35.775,52.4142,10.0605,178.9301,5.0,28.52657,48.84393,2.3533108,341.7727,NaN,1.512,41.496777,120.4,7 / 25,28493,2022-01-10 17:05:01:022
-0.819542,-2.785246,-8.912666,0.725148,-6.05249,-7.681921,-0.851063,1.981123,0.652985,4.357602,0.652056,-0.603188,5.0,3.6,9.3,35.775,52.4142,10.0605,178.9301,5.0,28.52657,48.84393,2.3533108,341.7727,NaN,1.512,41.496777,120.4,7 / 25,28497,2022-01-10 17:05:01:026
-0.819542,-2.785246,-8.912666,0.725148,-6.05249,-7.681921,-0.851063,1.981123,0.652985,4.357602,0.652056,-0.603188,5.0,3.6,9.3,35.775,52.4142,10.0605,178.9301,5.0,28.52657,48.84393,2.3533108,341.7727,NaN,1.512,41.496777,120.4,7 / 25,28503,2022-01-10 17:05:01:032
-0.819542,-2.785246,-8.912666,0.725148,-6.05249,-7.681921,-0.851063,1.981123,0.652985,4.357602,0.652056,-0.603188,5.0,3.6,9.3,35.775,52.4142,10.0605,178.9301,5.0,28.52657,48.84393,2.3533108,341.7727,NaN,1.512,41.496777,120.4,7 / 25,28507,2022-01-10 17:05:01:036
-0.819542,-2.785246,-8.912666,0.725148,-6.05249,-7.681921,-0.851063,1.981123,0.652985,4.357602,0.652056,-0.603188,5.0,3.6,9.3,35.775,52.4142,10.0605,178.9301,5.0,28.52657,48.84393,2.3533108,341.7727,NaN,1.512,41.496777,120.4,7 / 25,28512,2022-01-10 17:05:01:041
-0.819542,-2.785246,-8.912666,0.725148,-6.05249,-7.681921,-0.851063,1.981123,0.652985,4.357602,0.652056,-0.603188,5.0,3.6,9.3,35.775,52.4142,10.0605,178.9301,5.0,28.52657,48.84393,2.3533108,341.7727,NaN,1.512,41.496777,120.4,7 / 25,28519,2022-01-10 17:05:01:048
-0.819542,-2.785246,-8.912666,0.725148,-6.05249,-7.681921,-0.851063,1.981123,0.652985,4.357602,0.652056,-0.603188,5.0,3.6,9.3,35.775,52.4142,10.0605,178.9301,5.0,28.52657,48.84393,2.3533108,341.7727,NaN,1.512,41.496777,120.4,7 / 25,28522,2022-01-10 17:05:01:051
-0.819542,-2.785246,-8.912666,0.725148,-6.05249,-7.681921,-0.851063,1.981123,0.652985,4.357602,0.652056,-0.603188,5.0,3.6,9.3,35.775,52.4142,10.0605,178.9301,5.0,28.52657,48.84393,2.3533108,341.7727,NaN,1.512,41.496777,120.4,7 / 25,28528,2022-01-10 17:05:01:057
0.915853,-8.295916,-5.256134,0.725148,-6.05249,-7.681921,-0.851063,1.981123,0.652985,4.357602,0.652056,-0.603188,5.0,3.6,9.3,35.775,52.4142,10.0605,178.9301,5.0,28.52657,48.84393,2.3533108,341.7727,NaN,1.512,41.496777,120.4,7 / 25,28532,2022-01-10 17:05:01:061
0.915853,-8.295916,-5.256134,0.725148,-6.05249,-7.681921,-0.851063,1.981123,0.652985,4.357602,0.652056,-0.603188,5.0,3.6,9.3,35.775,52.4142,10.0605,178.9301,5.0,28.52657,48.84393,2.3533108,341.7727,NaN,1.512,41.496777,120.4,7 / 25,28539,2022-01-10 17:05:01:068
0.915853,-8.295916,-5.256134,0.725148,-6.05249,-7.681921,-0.851063,1.981123,0.652985,4.357602,0.652056,-0.603188,5.0,3.6,9.3,35.775,52.4142,10.0605,178.9301,5.0,28.52657,48.84393,2.3533108,341.7727,NaN,1.512,41.496777,120.4,7 / 25,28543,2022-01-10 17:05:01:072
0.915853,-8.295916,-5.256134,0.725148,-6.05249,-7.681921,-0.851063,1.981123,0.652985,4.357602,0.652056,-0.603188,5.0,3.6,9.3,35.775,52.4142,10.0605,178.9301,5.0,28.52657,48.84393,2.3533108,341.7727,NaN,1.512,41.496777,120.4,7 / 25,28547,2022-01-10 17:05:01:076
0.915853,-8.295916,-5.256134,0.725148,-6.05249,-7.681921,-0.851063,1.981123,0.652985,4.357602,0.652056,-0.603188,5.0,3.6,9.3,35.775,52.4142,10.0605,178.9301,5.0,28.52657,48.84393,2.3533108,341.7727,NaN,1.512,41.496777,120.4,7 / 25,28553,2022-01-10 17:05:01:082
0.915853,-8.295916,-5.256134,0.725148,-6.05249,-7.681921,-0.851063,1.981123,0.652985,4.357602,0.652056,-0.603188,5.0,3.6,9.3,35.775,52.4142,10.0605,178.9301,5.0,28.52657,48.84393,2.3533108,341.7727,NaN,1.512,41.496777,120.4,7 / 25,28558,2022-01-10 17:05:01:087
0.915853,-8.295916,-5.256134,0.725148,-6.05249,-7.681921,-0.876532,1.382711,-2.386247,6.372757,0.235417,0.813039,5.0,3.6,9.3,35.775,52.4142,10.0605,178.9301,5.0,29.0049,48.84393,2.3533108,341.7727,NaN,1.512,41.496777,120.4,7 / 25,28562,2022-01-10 17:05:01:091
0.915853,-8.295916,-5.256134,0.725148,-6.05249,-7.681921,-0.876532,1.382711,-2.386247,6.372757,0.235417,0.813039,5.0,3.6,9.3,35.775,52.4142,10.0605,178.9301,5.0,29.0049,48.84393,2.3533108,341.7727,NaN,1.512,41.496777,120.4,7 / 25,28568,2022-01-10 17:05:01:097
0.915853,-8.295916,-5.256134,0.725148,-6.05249,-7.681921,-0.876532,1.382711,-2.386247,6.372757,0.235417,0.813039,5.0,3.6,9.3,35.775,52.4142,10.0605,178.9301,5.0,29.0049,48.84393,2.3533108,341.7727,NaN,1.512,41.496777,120.4,7 / 25,28573,2022-01-10 17:05:01:102
0.915853,-8.295916,-5.256134,0.725148,-6.05249,-7.681921,-0.876532,1.382711,-2.386247,6.372757,0.235417,0.813039,5.0,3.6,9.3,35.775,52.4142,10.0605,178.9301,5.0,29.0049,48.84393,2.3533108,341.7727,NaN,1.512,41.496777,120.4,7 / 25,28578,2022-01-10 17:05:01:107
0.915853,-8.295916,-5.256134,0.725148,-6.05249,-7.681921,-0.876532,1.382711,-2.386247,6.372757,0.235417,0.813039,5.0,3.6,9.3,35.775,52.4142,10.0605,178.9301,5.0,29.0049,48.84393,2.3533108,341.7727,NaN,1.512,41.496777,120.4,7 / 25,28583,2022-01-10 17:05:01:112
0.915853,-8.295916,-5.256134,0.725148,-6.05249,-7.681921,-0.876532,1.382711,-2.386247,6.372757,0.235417,0.813039,5.0,3.6,9.3,35.775,52.4142,10.0605,178.9301,5.0,29.0049,48.84393,2.3533108,341.7727,NaN,1.512,41.496777,120.4,7 / 25,28589,2022-01-10 17:05:01:118
0.915853,-8.295916,-5.256134,0.725148,-6.05249,-7.681921,-0.876532,1.382711,-2.386247,6.372757,0.235417,0.813039,5.0,3.6,9.3,35.775,52.4142,10.0605,178.9301,5.0,29.0049,48.84393,2.3533108,341.7727,NaN,1.512,41.496777,120.4,7 / 25,28592,2022-01-10 17:05:01:121
0.915853,-8.295916,-5.256134,0.725148,-6.05249,-7.681921,-0.876532,1.382711,-2.386247,6.372757,0.235417,0.813039,5.0,3.9,24.225,26.175,63.9573,38.1107,-174.6074,5.0,29.0049,48.84393,2.3533108,341.7727,NaN,1.512,41.496777,120.4,7 / 25,28597,2022-01-10 17:05:01:126
0.915853,-8.295916,-5.256134,0.725148,-6.05249,-7.681921,-0.876532,1.382711,-2.386247,6.372757,0.235417,0.813039,5.0,3.9,24.225,26.175,63.9573,38.1107,-174.6074,5.0,29.0049,48.84393,2.3533108,341.7727,NaN,1.512,41.496777,120.4,7 / 25,28603,2022-01-10 17:05:01:132
0.915853,-8.295916,-5.256134,0.725148,-6.05249,-7.681921,-0.876532,1.382711,-2.386247,6.372757,0.235417,0.813039,5.0,3.9,24.225,26.175,63.9573,38.1107,-174.6074,5.0,29.0049,48.84393,2.3533108,341.7727,NaN,1.512,41.496777,120.4,7 / 25,28607,2022-01-10 17:05:01:136
0.915853,-8.295916,-5.256134,0.725148,-6.05249,-7.681921,-0.876532,1.382711,-2.386247,6.372757,0.235417,0.813039,5.0,3.9,24.225,26.175,63.9573,38.1107,-174.6074,5.0,29.0049,48.84393,2.3533108,341.7727,NaN,1.512,41.496777,120.4,7 / 25,28613,2022-01-10 17:05:01:142
-0.267398,-8.680562,-2.27378,0.725148,-6.05249,-7.681921,-0.876532,1.382711,-2.386247,6.372757,0.235417,0.813039,5.0,3.9,24.225,26.175,63.9573,38.1107,-174.6074,5.0,29.0049,48.84393,2.3533108,341.7727,NaN,1.512,41.496777,120.4,7 / 25,28617,2022-01-10 17:05:01:146
-0.267398,-8.680562,-2.27378,0.032204,-9.645197,-1.771875,-0.876532,1.382711,-2.386247,6.372757,0.235417,0.813039,5.0,3.9,24.225,26.175,63.9573,38.1107,-174.6074,5.0,29.0049,48.84393,2.3533108,341.7727,NaN,1.512,41.496777,120.4,7 / 25,28623,2022-01-10 17:05:01:152
-0.267398,-8.680562,-2.27378,0.032204,-9.645197,-1.771875,-0.876532,1.382711,-2.386247,6.372757,0.235417,0.813039,5.0,3.9,24.225,26.175,63.9573,38.1107,-174.6074,5.0,29.0049,48.84393,2.3533108,341.7727,NaN,1.512,41.496777,120.4,7 / 25,28628,2022-01-10 17:05:01:157
-0.267398,-8.680562,-2.27378,0.032204,-9.645197,-1.771875,-0.876532,1.382711,-2.386247,6.372757,0.235417,0.813039,5.0,3.9,24.225,26.175,63.9573,38.1107,-174.6074,5.0,29.0049,48.84393,2.3533108,341.7727,NaN,1.512,41.496777,120.4,7 / 25,28632,2022-01-10 17:05:01:161
-0.267398,-8.680562,-2.27378,0.032204,-9.645197,-1.771875,-0.876532,1.382711,-2.386247,6.372757,0.235417,0.813039,5.0,3.9,24.225,26.175,63.9573,38.1107,-174.6074,5.0,29.0049,48.84393,2.3533108,341.7727,NaN,1.512,41.496777,120.4,7 / 25,28639,2022-01-10 17:05:01:168
-0.267398,-8.680562,-2.27378,0.032204,-9.645197,-1.771875,-0.876532,1.382711,-2.386247,6.372757,0.235417,0.813039,5.0,3.9,24.225,26.175,63.9573,38.1107,-174.6074,5.0,29.0049,48.84393,2.3533108,341.7727,NaN,1.512,41.496777,120.4,7 / 25,28643,2022-01-10 17:05:01:172
-0.267398,-8.680562,-2.27378,0.032204,-9.645197,-1.771875,-0.876532,1.382711,-2.386247,6.372757,0.235417,0.813039,5.0,3.9,24.225,26.175,63.9573,38.1107,-174.6074,5.0,29.0049,48.84393,2.3533108,341.7727,NaN,1.512,41.496777,120.4,7 / 25,28648,2022-01-10 17:05:01:177
-0.267398,-8.680562,-2.27378,0.032204,-9.645197,-1.771875,-0.876532,1.382711,-2.386247,6.372757,0.235417,0.813039,5.0,3.9,24.225,26.175,63.9573,38.1107,-174.6074,5.0,29.0049,48.84393,2.3533108,341.7727,NaN,1.512,41.496777,120.4,7 / 25,28652,2022-01-10 17:05:01:181
-0.267398,-8.680562,-2.27378,0.032204,-9.645197,-1.771875,-0.876532,1.382711,-2.386247,6.372757,0.235417,0.813039,5.0,3.9,24.225,26.175,63.9573,38.1107,-174.6074,5.0,29.0049,48.84393,2.3533108,341.7727,NaN,1.512,41.496777,120.4,7 / 25,28658,2022-01-10 17:05:01:187
-0.267398,-8.680562,-2.27378,0.032204,-9.645197,-1.771875,-0.876532,1.382711,-2.386247,6.372757,0.235417,0.813039,5.0,3.9,24.225,26.175,63.9573,38.1107,-174.6074,5.0,29.0049,48.84393,2.3533108,341.7727,NaN,1.512,41.496777,120.4,7 / 25,28663,2022-01-10 17:05:01:192
-0.267398,-8.680562,-2.27378,0.032204,-9.645197,-1.771875,-0.876532,1.382711,-2.386247,6.372757,0.235417,0.813039,5.0,3.9,24.225,26.175,63.9573,38.1107,-174.6074,5.0,29.0049,48.84393,2.3533108,341.7727,NaN,1.512,41.496777,120.4,7 / 25,28667,2022-01-10 17:05:01:196
-0.267398,-8.680562,-2.27378,0.032204,-9.645197,-1.771875,0.13776,0.770799,-4.240775,6.372757,0.235417,0.813039,5.0,3.9,24.225,26.175,63.9573,38.1107,-174.6074,5.0,29.0049,48.84393,2.3533108,341.7727,NaN,1.512,41.496777,120.4,7 / 25,28674,2022-01-10 17:05:01:203
-0.267398,-8.680562,-2.27378,0.032204,-9.645197,-1.771875,0.13776,0.770799,-4.240775,6.372757,0.235417,0.813039,5.0,3.9,24.225,26.175,63.9573,38.1107,-174.6074,5.0,29.0049,48.84393,2.3533108,341.7727,NaN,1.512,41.496777,120.4,7 / 25,28677,2022-01-10 17:05:01:206
-0.267398,-8.680562,-2.27378,0.032204,-9.645197,-1.771875,0.13776,0.770799,-4.240775,6.372757,0.235417,0.813039,5.0,3.9,24.225,26.175,63.9573,38.1107,-174.6074,5.0,29.0049,48.84393,2.3533108,341.7727,NaN,1.512,41.496777,120.4,7 / 25,28684,2022-01-10 17:05:01:213
-0.267398,-8.680562,-2.27378,0.032204,-9.645197,-1.771875,0.13776,0.770799,-4.240775,6.372757,0.235417,0.813039,5.0,3.9,24.225,26.175,63.9573,38.1107,-174.6074,5.0,29.0049,48.84393,2.3533108,341.7727,NaN,1.512,41.496777,120.4,7 / 25,28689,2022-01-10 17:05:01:218
-0.267398,-8.680562,-2.27378,0.032204,-9.645197,-1.771875,0.13776,0.770799,-4.240775,6.372757,0.235417,0.813039,5.0,3.9,24.225,26.175,63.9573,38.1107,-174.6074,5.0,29.0049,48.84393,2.3533108,341.7727,NaN,1.512,41.496777,120.4,7 / 25,28692,2022-01-10 17:05:01:221
0.536291,-10.21496,3.850351,0.032204,-9.645197,-1.771875,0.13776,0.770799,-4.240775,3.211944,-0.673893,-1.136737,5.0,3.9,24.225,26.175,63.9573,38.1107,-174.6074,5.0,29.0049,48.84393,2.3533108,341.7727,NaN,1.512,41.496777,120.4,7 / 25,28698,2022-01-10 17:05:01:227
0.536291,-10.21496,3.850351,0.032204,-9.645197,-1.771875,0.13776,0.770799,-4.240775,3.211944,-0.673893,-1.136737,5.0,3.9,24.225,26.175,63.9573,38.1107,-174.6074,5.0,29.0049,48.84393,2.3533108,341.7727,NaN,1.512,41.496777,120.4,7 / 25,28702,2022-01-10 17:05:01:231
0.536291,-10.21496,3.850351,0.032204,-9.645197,-1.771875,0.13776,0.770799,-4.240775,3.211944,-0.673893,-1.136737,5.0,3.9,24.225,26.175,63.9573,38.1107,-174.6074,5.0,29.0049,48.84393,2.3533108,341.7727,NaN,1.512,41.496777,120.4,7 / 25,28708,2022-01-10 17:05:01:237
0.536291,-10.21496,3.850351,0.032204,-9.645197,-1.771875,0.13776,0.770799,-4.240775,3.211944,-0.673893,-1.136737,5.0,3.9,24.225,26.175,63.9573,38.1107,-174.6074,5.0,29.0049,48.84393,2.3533108,341.7727,NaN,1.512,41.496777,120.4,7 / 25,28713,2022-01-10 17:05:01:242
0.536291,-10.21496,3.850351,0.032204,-9.645197,-1.771875,0.13776,0.770799,-4.240775,3.211944,-0.673893,-1.136737,5.0,3.9,24.225,26.175,63.9573,38.1107,-174.6074,5.0,29.0049,48.84393,2.3533108,341.7727,NaN,1.512,41.496777,120.4,7 / 25,28717,2022-01-10 17:05:01:246
0.536291,-10.21496,3.850351,0.032204,-9.645197,-1.771875,0.13776,0.770799,-4.240775,3.211944,-0.673893,-1.136737,5.0,3.9,24.225,26.175,63.9573,38.1107,-174.6074,5.0,29.0049,48.84393,2.3533108,341.7727,NaN,1.512,41.496777,120.4,7 / 25,28724,2022-01-10 17:05:01:253
0.536291,-10.21496,3.850351,0.032204,-9.645197,-1.771875,0.13776,0.770799,-4.240775,3.211944,-0.673893,-1.136737,5.0,3.9,24.225,26.175,63.9573,38.1107,-174.6074,5.0,29.0049,48.84393,2.3533108,341.7727,NaN,1.512,41.496777,120.4,7 / 25,28727,2022-01-10 17:05:01:256
0.536291,-10.21496,3.850351,0.837902,-9.4291,2.561324,0.13776,0.770799,-4.240775,3.211944,-0.673893,-1.136737,5.0,4.875,31.8,9.075,119.9796,79.5888,-178.9587,5.0,29.0049,48.84393,2.3533108,341.7727,NaN,1.512,41.496777,120.4,7 / 25,28733,2022-01-10 17:05:01:262
0.536291,-10.21496,3.850351,0.837902,-9.4291,2.561324,0.13776,0.770799,-4.240775,3.211944,-0.673893,-1.136737,5.0,4.875,31.8,9.075,119.9796,79.5888,-178.9587,5.0,29.0049,48.84393,2.3533108,341.7727,NaN,1.512,41.496777,120.4,7 / 25,28737,2022-01-10 17:05:01:266
0.536291,-10.21496,3.850351,0.837902,-9.4291,2.561324,0.13776,0.770799,-4.240775,3.211944,-0.673893,-1.136737,5.0,4.875,31.8,9.075,119.9796,79.5888,-178.9587,5.0,29.0049,48.84393,2.3533108,341.7727,NaN,1.512,41.496777,120.4,7 / 25,28743,2022-01-10 17:05:01:272
0.536291,-10.21496,3.850351,0.837902,-9.4291,2.561324,0.13776,0.770799,-4.240775,3.211944,-0.673893,-1.136737,5.0,4.875,31.8,9.075,119.9796,79.5888,-178.9587,5.0,29.0049,48.84393,2.3533108,341.7727,NaN,1.512,41.496777,120.4,7 / 25,28749,2022-01-10 17:05:01:278
0.536291,-10.21496,3.850351,0.837902,-9.4291,2.561324,0.13776,0.770799,-4.240775,3.211944,-0.673893,-1.136737,5.0,4.875,31.8,9.075,119.9796,79.5888,-178.9587,5.0,29.0049,48.84393,2.3533108,341.7727,NaN,1.512,41.496777,120.4,7 / 25,28753,2022-01-10 17:05:01:282
0.536291,-10.21496,3.850351,0.837902,-9.4291,2.561324,0.13776,0.770799,-4.240775,3.211944,-0.673893,-1.136737,5.0,4.875,31.8,9.075,119.9796,79.5888,-178.9587,5.0,29.0049,48.84393,2.3533108,341.7727,NaN,1.512,41.496777,120.4,7 / 25,28758,2022-01-10 17:05:01:287
0.536291,-10.21496,3.850351,0.837902,-9.4291,2.561324,0.13776,0.770799,-4.240775,3.211944,-0.673893,-1.136737,5.0,4.875,31.8,9.075,119.9796,79.5888,-178.9587,5.0,29.0049,48.84393,2.3533108,341.7727,NaN,1.512,41.496777,120.4,7 / 25,28763,2022-01-10 17:05:01:292
0.536291,-10.21496,3.850351,0.837902,-9.4291,2.561324,0.13776,0.770799,-4.240775,3.211944,-0.673893,-1.136737,5.0,4.875,31.8,9.075,119.9796,79.5888,-178.9587,5.0,29.0049,48.84393,2.3533108,341.7727,NaN,1.512,41.496777,120.4,7 / 25,28769,2022-01-10 17:05:01:298
0.536291,-10.21496,3.850351,0.837902,-9.4291,2.561324,0.13776,0.770799,-4.240775,3.211944,-0.673893,-1.136737,5.0,4.875,31.8,9.075,119.9796,79.5888,-178.9587,5.0,29.0049,48.84393,2.3533108,341.7727,NaN,1.512,41.496777,120.4,7 / 25,28772,2022-01-10 17:05:01:301
0.536291,-10.21496,3.850351,0.837902,-9.4291,2.561324,0.13776,0.770799,-4.240775,3.211944,-0.673893,-1.136737,5.0,4.875,31.8,9.075,119.9796,79.5888,-178.9587,5.0,29.0049,48.84393,2.3533108,341.7727,NaN,1.512,41.496777,120.4,7 / 25,28778,2022-01-10 17:05:01:307
0.536291,-10.21496,3.850351,0.837902,-9.4291,2.561324,0.13776,0.770799,-4.240775,3.211944,-0.673893,-1.136737,5.0,4.875,31.8,9.075,119.9796,79.5888,-178.9587,5.0,29.0049,48.84393,2.3533108,341.7727,NaN,1.512,41.496777,120.4,7 / 25,28782,2022-01-10 17:05:01:311
0.536291,-10.21496,3.850351,0.837902,-9.4291,2.561324,0.13776,0.770799,-4.240775,3.211944,-0.673893,-1.136737,5.0,4.875,31.8,9.075,119.9796,79.5888,-178.9587,5.0,29.0049,48.84393,2.3533108,341.7727,NaN,1.512,41.496777,120.4,7 / 25,28787,2022-01-10 17:05:01:316
0.536291,-10.21496,3.850351,0.837902,-9.4291,2.561324,0.13776,0.770799,-4.240775,3.211944,-0.673893,-1.136737,5.0,4.875,31.8,9.075,119.9796,79.5888,-178.9587,5.0,29.0049,48.84393,2.3533108,341.7727,NaN,1.512,41.496777,120.4,7 / 25,28793,2022-01-10 17:05:01:322
0.870389,-9.568001,5.350053,0.837902,-9.4291,2.561324,-0.13882,-2.215446,-0.920399,3.211944,-0.673893,-1.136737,5.0,4.875,31.8,9.075,119.9796,79.5888,-178.9587,5.0,29.0049,48.84393,2.3533108,341.7727,NaN,1.512,41.496777,120.4,7 / 25,28798,2022-01-10 17:05:01:327
0.870389,-9.568001,5.350053,0.837902,-9.4291,2.561324,-0.13882,-2.215446,-0.920399,3.211944,-0.673893,-1.136737,5.0,4.875,31.8,9.075,119.9796,79.5888,-178.9587,5.0,29.0049,48.84393,2.3533108,341.7727,NaN,1.512,41.496777,120.4,7 / 25,28803,2022-01-10 17:05:01:332
0.870389,-9.568001,5.350053,0.837902,-9.4291,2.561324,-0.13882,-2.215446,-0.920399,3.211944,-0.673893,-1.136737,5.0,4.875,31.8,9.075,119.9796,79.5888,-178.9587,5.0,29.0049,48.84393,2.3533108,341.7727,NaN,1.512,41.496777,120.4,7 / 25,28808,2022-01-10 17:05:01:337
0.870389,-9.568001,5.350053,0.837902,-9.4291,2.561324,-0.13882,-2.215446,-0.920399,3.211944,-0.673893,-1.136737,5.0,4.875,31.8,9.075,119.9796,79.5888,-178.9587,5.0,29.0049,48.84393,2.3533108,341.7727,NaN,1.512,41.496777,120.4,7 / 25,28812,2022-01-10 17:05:01:341
0.870389,-9.568001,5.350053,0.837902,-9.4291,2.561324,-0.13882,-2.215446,-0.920399,3.211944,-0.673893,-1.136737,5.0,4.875,31.8,9.075,119.9796,79.5888,-178.9587,5.0,29.0049,48.84393,2.3533108,341.7727,NaN,1.512,41.496777,120.4,7 / 25,28819,2022-01-10 17:05:01:348
0.870389,-9.568001,5.350053,0.837902,-9.4291,2.561324,-0.13882,-2.215446,-0.920399,3.211944,-0.673893,-1.136737,5.0,4.875,31.8,9.075,119.9796,79.5888,-178.9587,5.0,29.0049,48.84393,2.3533108,341.7727,NaN,1.512,41.496777,120.4,7 / 25,28823,2022-01-10 17:05:01:352
0.870389,-9.568001,5.350053,0.837902,-9.4291,2.561324,-0.13882,-2.215446,-0.920399,3.211944,-0.673893,-1.136737,5.0,4.875,31.8,9.075,119.9796,79.5888,-178.9587,5.0,29.0049,48.84393,2.3533108,341.7727,NaN,1.512,41.496777,120.4,7 / 25,28827,2022-01-10 17:05:01:356
0.870389,-9.568001,5.350053,0.837902,-9.4291,2.561324,-0.13882,-2.215446,-0.920399,5.178231,0.093607,0.206655,5.0,4.875,31.8,9.075,119.9796,79.5888,-178.9587,5.0,29.0049,48.84393,2.3533108,341.7727,NaN,1.512,41.496777,120.4,7 / 25,28832,2022-01-10 17:05:01:361
0.870389,-9.568001,5.350053,0.837902,-9.4291,2.561324,-0.13882,-2.215446,-0.920399,5.178231,0.093607,0.206655,5.0,4.875,31.8,9.075,119.9796,79.5888,-178.9587,5.0,29.0049,48.84393,2.3533108,341.7727,NaN,1.512,41.496777,120.4,7 / 25,28837,2022-01-10 17:05:01:366
0.870389,-9.568001,5.350053,0.837902,-9.4291,2.561324,-0.13882,-2.215446,-0.920399,5.178231,0.093607,0.206655,5.0,4.875,31.8,9.075,119.9796,79.5888,-178.9587,5.0,29.0049,48.84393,2.3533108,341.7727,NaN,1.512,41.496777,120.4,7 / 25,28843,2022-01-10 17:05:01:372
0.870389,-9.568001,5.350053,0.837902,-9.4291,2.561324,-0.13882,-2.215446,-0.920399,5.178231,0.093607,0.206655,5.0,4.875,31.8,9.075,119.9796,79.5888,-178.9587,5.0,29.0049,48.84393,2.3533108,341.7727,NaN,1.512,41.496777,120.4,6 / 25,28850,2022-01-10 17:05:01:379
0.870389,-9.568001,5.350053,0.837902,-9.4291,2.561324,-0.13882,-2.215446,-0.920399,5.178231,0.093607,0.206655,5.0,4.875,31.8,9.075,119.9796,79.5888,-178.9587,5.0,29.0049,48.84393,2.3533108,341.7727,NaN,1.512,41.496777,120.4,6 / 25,28852,2022-01-10 17:05:01:381
0.870389,-9.568001,5.350053,0.837902,-9.4291,2.561324,-0.13882,-2.215446,-0.920399,5.178231,0.093607,0.206655,5.0,4.125,29.625,-8.25,288.7032,74.0497,-18.1148,5.0,29.0049,48.84393,2.3533108,341.7727,NaN,1.512,41.496777,120.4,6 / 25,28859,2022-01-10 17:05:01:388
0.870389,-9.568001,5.350053,0.837902,-9.4291,2.561324,-0.13882,-2.215446,-0.920399,5.178231,0.093607,0.206655,5.0,4.125,29.625,-8.25,288.7032,74.0497,-18.1148,5.0,29.0049,48.84393,2.3533108,341.7727,NaN,1.512,41.496777,120.4,6 / 25,28862,2022-01-10 17:05:01:391
0.870389,-9.568001,5.350053,0.837902,-9.4291,2.561324,-0.13882,-2.215446,-0.920399,5.178231,0.093607,0.206655,5.0,4.125,29.625,-8.25,288.7032,74.0497,-18.1148,5.0,29.0049,48.843933,2.353317,354.2297,NaN,1.044,44.954838,211.1,6 / 25,28867,2022-01-10 17:05:01:396
0.870389,-9.568001,5.350053,0.376803,-6.622616,7.222837,-0.13882,-2.215446,-0.920399,5.178231,0.093607,0.206655,22.0,4.125,29.625,-8.25,288.7032,74.0497,-18.1148,5.0,29.0049,48.843933,2.353317,354.2297,NaN,1.044,44.954838,211.1,6 / 25,28872,2022-01-10 17:05:01:401
0.870389,-9.568001,5.350053,0.376803,-6.622616,7.222837,-0.13882,-2.215446,-0.920399,5.178231,0.093607,0.206655,22.0,4.125,29.625,-8.25,288.7032,74.0497,-18.1148,5.0,29.0049,48.843933,2.353317,354.2297,NaN,1.044,44.954838,211.1,6 / 25,28877,2022-01-10 17:05:01:406
0.870389,-9.568001,5.350053,0.376803,-6.622616,7.222837,-0.13882,-2.215446,-0.920399,5.178231,0.093607,0.206655,22.0,4.125,29.625,-8.25,288.7032,74.0497,-18.1148,5.0,24.70651,48.843933,2.353317,354.2297,NaN,1.044,44.954838,211.1,6 / 25,28883,2022-01-10 17:05:01:412
0.870389,-9.568001,5.350053,0.376803,-6.622616,7.222837,-0.13882,-2.215446,-0.920399,5.178231,0.093607,0.206655,22.0,4.125,29.625,-8.25,288.7032,74.0497,-18.1148,5.0,24.70651,48.843933,2.353317,354.2297,NaN,1.044,44.954838,211.1,6 / 25,28888,2022-01-10 17:05:01:417
0.870389,-9.568001,5.350053,0.376803,-6.622616,7.222837,-0.13882,-2.215446,-0.920399,5.178231,0.093607,0.206655,22.0,4.125,29.625,-8.25,288.7032,74.0497,-18.1148,5.0,24.70651,48.843933,2.353317,354.2297,NaN,1.044,44.954838,211.1,6 / 25,28892,2022-01-10 17:05:01:421
0.520738,-5.740082,8.170593,0.376803,-6.622616,7.222837,-0.13882,-2.215446,-0.920399,5.178231,0.093607,0.206655,22.0,4.125,29.625,-8.25,288.7032,74.0497,-18.1148,5.0,24.70651,48.843933,2.353317,354.2297,NaN,1.044,44.954838,211.1,6 / 25,28898,2022-01-10 17:05:01:427
0.520738,-5.740082,8.170593,0.376803,-6.622616,7.222837,-0.13882,-2.215446,-0.920399,5.178231,0.093607,0.206655,22.0,4.125,29.625,-8.25,288.7032,74.0497,-18.1148,5.0,24.70651,48.843933,2.353317,354.2297,NaN,1.044,44.954838,211.1,6 / 25,28902,2022-01-10 17:05:01:431
0.520738,-5.740082,8.170593,0.376803,-6.622616,7.222837,-0.13882,-2.215446,-0.920399,5.178231,0.093607,0.206655,22.0,4.125,29.625,-8.25,288.7032,74.0497,-18.1148,5.0,24.70651,48.843933,2.353317,354.2297,NaN,1.044,44.954838,211.1,6 / 25,28907,2022-01-10 17:05:01:436
0.520738,-5.740082,8.170593,0.376803,-6.622616,7.222837,-0.13882,-2.215446,-0.920399,5.178231,0.093607,0.206655,22.0,4.125,29.625,-8.25,288.7032,74.0497,-18.1148,5.0,24.70651,48.843933,2.353317,354.2297,NaN,1.044,44.954838,211.1,6 / 25,28913,2022-01-10 17:05:01:442
0.520738,-5.740082,8.170593,0.376803,-6.622616,7.222837,0.060477,-3.102591,-1.754264,5.178231,0.093607,0.206655,22.0,4.125,29.625,-8.25,288.7032,74.0497,-18.1148,5.0,24.70651,48.843933,2.353317,354.2297,NaN,1.044,44.954838,211.1,6 / 25,28918,2022-01-10 17:05:01:447
0.520738,-5.740082,8.170593,0.376803,-6.622616,7.222837,0.060477,-3.102591,-1.754264,5.178231,0.093607,0.206655,22.0,4.125,29.625,-8.25,288.7032,74.0497,-18.1148,5.0,24.70651,48.843933,2.353317,354.2297,NaN,1.044,44.954838,211.1,6 / 25,28922,2022-01-10 17:05:01:451
0.520738,-5.740082,8.170593,0.376803,-6.622616,7.222837,0.060477,-3.102591,-1.754264,5.178231,0.093607,0.206655,22.0,4.125,29.625,-8.25,288.7032,74.0497,-18.1148,5.0,24.70651,48.843933,2.353317,354.2297,NaN,1.044,44.954838,211.1,6 / 25,28928,2022-01-10 17:05:01:457
0.520738,-5.740082,8.170593,0.376803,-6.622616,7.222837,0.060477,-3.102591,-1.754264,5.178231,0.093607,0.206655,22.0,4.125,29.625,-8.25,288.7032,74.0497,-18.1148,5.0,24.70651,48.843933,2.353317,354.2297,NaN,1.044,44.954838,211.1,6 / 25,28933,2022-01-10 17:05:01:462
0.520738,-5.740082,8.170593,0.376803,-6.622616,7.222837,0.060477,-3.102591,-1.754264,5.178231,0.093607,0.206655,22.0,4.125,29.625,-8.25,288.7032,74.0497,-18.1148,5.0,24.70651,48.843933,2.353317,354.2297,NaN,1.044,44.954838,211.1,6 / 25,28938,2022-01-10 17:05:01:467
0.520738,-5.740082,8.170593,0.376803,-6.622616,7.222837,0.060477,-3.102591,-1.754264,5.178231,0.093607,0.206655,22.0,4.125,29.625,-8.25,288.7032,74.0497,-18.1148,5.0,24.70651,48.843933,2.353317,354.2297,NaN,1.044,44.954838,211.1,6 / 25,28942,2022-01-10 17:05:01:471
0.520738,-5.740082,8.170593,0.376803,-6.622616,7.222837,0.060477,-3.102591,-1.754264,5.178231,0.093607,0.206655,22.0,4.125,29.625,-8.25,288.7032,74.0497,-18.1148,5.0,24.70651,48.843933,2.353317,354.2297,NaN,1.044,44.954838,211.1,6 / 25,28948,2022-01-10 17:05:01:477
0.520738,-5.740082,8.170593,0.376803,-6.622616,7.222837,0.060477,-3.102591,-1.754264,5.178231,0.093607,0.206655,22.0,4.125,29.625,-8.25,288.7032,74.0497,-18.1148,5.0,24.70651,48.843933,2.353317,354.2297,NaN,1.044,44.954838,211.1,6 / 25,28953,2022-01-10 17:05:01:482
0.520738,-5.740082,8.170593,0.376803,-6.622616,7.222837,0.060477,-3.102591,-1.754264,5.178231,0.093607,0.206655,22.0,4.125,29.625,-8.25,288.7032,74.0497,-18.1148,5.0,24.70651,48.843933,2.353317,354.2297,NaN,1.044,44.954838,211.1,6 / 25,28957,2022-01-10 17:05:01:486
0.520738,-5.740082,8.170593,0.376803,-6.622616,7.222837,0.060477,-3.102591,-1.754264,5.178231,0.093607,0.206655,22.0,4.125,29.625,-8.25,288.7032,74.0497,-18.1148,5.0,24.70651,48.843933,2.353317,354.2297,NaN,1.044,44.954838,211.1,6 / 25,28963,2022-01-10 17:05:01:492
0.520738,-5.740082,8.170593,0.376803,-6.622616,7.222837,0.060477,-3.102591,-1.754264,5.178231,0.093607,0.206655,22.0,4.125,29.625,-8.25,288.7032,74.0497,-18.1148,5.0,24.70651,48.843933,2.353317,354.2297,NaN,1.044,44.954838,211.1,6 / 25,28967,2022-01-10 17:05:01:496
0.520738,-5.740082,8.170593,0.376803,-6.622616,7.222837,0.060477,-3.102591,-1.754264,5.178231,0.093607,0.206655,22.0,4.125,29.625,-8.25,288.7032,74.0497,-18.1148,5.0,24.70651,48.843933,2.353317,354.2297,NaN,1.044,44.954838,211.1,6 / 25,28972,2022-01-10 17:05:01:501
0.520738,-5.740082,8.170593,0.444451,-3.561072,9.126424,0.060477,-3.102591,-1.754264,2.113023,0.536212,-0.637941,22.0,4.125,29.625,-8.25,288.7032,74.0497,-18.1148,5.0,24.70651,48.843933,2.353317,354.2297,NaN,1.044,44.954838,211.1,6 / 25,28978,2022-01-10 17:05:01:507
0.520738,-5.740082,8.170593,0.444451,-3.561072,9.126424,0.060477,-3.102591,-1.754264,2.113023,0.536212,-0.637941,22.0,4.125,29.625,-8.25,288.7032,74.0497,-18.1148,5.0,24.70651,48.843933,2.353317,354.2297,NaN,1.044,44.954838,211.1,6 / 25,28983,2022-01-10 17:05:01:512
0.520738,-5.740082,8.170593,0.444451,-3.561072,9.126424,0.060477,-3.102591,-1.754264,2.113023,0.536212,-0.637941,22.0,4.125,29.625,-8.25,288.7032,74.0497,-18.1148,5.0,24.70651,48.843933,2.353317,354.2297,NaN,1.044,44.954838,211.1,6 / 25,28987,2022-01-10 17:05:01:516
0.520738,-5.740082,8.170593,0.444451,-3.561072,9.126424,0.060477,-3.102591,-1.754264,2.113023,0.536212,-0.637941,22.0,4.125,29.625,-8.25,288.7032,74.0497,-18.1148,5.0,24.70651,48.843933,2.353317,354.2297,NaN,1.044,44.954838,211.1,6 / 25,28992,2022-01-10 17:05:01:521
0.520738,-5.740082,8.170593,0.444451,-3.561072,9.126424,0.060477,-3.102591,-1.754264,2.113023,0.536212,-0.637941,22.0,4.5,20.4,-24.825,327.2525,21.2924,-2.7881,5.0,24.70651,48.843933,2.353317,354.2297,NaN,1.044,44.954838,211.1,6 / 25,28998,2022-01-10 17:05:01:527
0.520738,-5.740082,8.170593,0.444451,-3.561072,9.126424,0.060477,-3.102591,-1.754264,2.113023,0.536212,-0.637941,22.0,4.5,20.4,-24.825,327.2525,21.2924,-2.7881,5.0,24.70651,48.843933,2.353317,354.2297,NaN,1.044,44.954838,211.1,6 / 25,29002,2022-01-10 17:05:01:531
0.520738,-5.740082,8.170593,0.444451,-3.561072,9.126424,0.060477,-3.102591,-1.754264,2.113023,0.536212,-0.637941,22.0,4.5,20.4,-24.825,327.2525,21.2924,-2.7881,5.0,24.70651,48.843933,2.353317,354.2297,NaN,1.044,44.954838,211.1,6 / 25,29007,2022-01-10 17:05:01:536
0.520738,-5.740082,8.170593,0.444451,-3.561072,9.126424,0.060477,-3.102591,-1.754264,2.113023,0.536212,-0.637941,22.0,4.5,20.4,-24.825,327.2525,21.2924,-2.7881,5.0,24.70651,48.843933,2.353317,354.2297,NaN,1.044,44.954838,211.1,6 / 25,29013,2022-01-10 17:05:01:542
0.520738,-5.740082,8.170593,0.444451,-3.561072,9.126424,0.060477,-3.102591,-1.754264,2.113023,0.536212,-0.637941,22.0,4.5,20.4,-24.825,327.2525,21.2924,-2.7881,5.0,24.70651,48.843933,2.353317,354.2297,NaN,1.044,44.954838,211.1,6 / 25,29017,2022-01-10 17:05:01:546
0.520738,-5.740082,8.170593,0.444451,-3.561072,9.126424,0.060477,-3.102591,-1.754264,2.113023,0.536212,-0.637941,22.0,4.5,20.4,-24.825,327.2525,21.2924,-2.7881,5.0,24.70651,48.843933,2.353317,354.2297,NaN,1.044,44.954838,211.1,6 / 25,29023,2022-01-10 17:05:01:552
0.520738,-5.740082,8.170593,0.444451,-3.561072,9.126424,0.060477,-3.102591,-1.754264,2.113023,0.536212,-0.637941,22.0,4.5,20.4,-24.825,327.2525,21.2924,-2.7881,5.0,24.70651,48.843933,2.353317,354.2297,NaN,1.044,44.954838,211.1,6 / 25,29027,2022-01-10 17:05:01:556
-0.898804,-2.132603,12.403495,0.444451,-3.561072,9.126424,0.060477,-3.102591,-1.754264,2.113023,0.536212,-0.637941,22.0,4.5,20.4,-24.825,327.2525,21.2924,-2.7881,5.0,24.70651,48.843933,2.353317,354.2297,NaN,1.044,44.954838,211.1,6 / 25,29033,2022-01-10 17:05:01:562
-0.898804,-2.132603,12.403495,0.444451,-3.561072,9.126424,0.060477,-3.102591,-1.754264,2.113023,0.536212,-0.637941,22.0,4.5,20.4,-24.825,327.2525,21.2924,-2.7881,5.0,24.70651,48.843933,2.353317,354.2297,NaN,1.044,44.954838,211.1,6 / 25,29037,2022-01-10 17:05:01:566
-0.898804,-2.132603,12.403495,0.444451,-3.561072,9.126424,0.060477,-3.102591,-1.754264,2.113023,0.536212,-0.637941,22.0,4.5,20.4,-24.825,327.2525,21.2924,-2.7881,5.0,24.70651,48.843933,2.353317,354.2297,NaN,1.044,44.954838,211.1,6 / 25,29043,2022-01-10 17:05:01:572
-0.898804,-2.132603,12.403495,0.444451,-3.561072,9.126424,-0.340344,-1.577209,0.103519,2.113023,0.536212,-0.637941,90.0,4.5,20.4,-24.825,327.2525,21.2924,-2.7881,5.0,24.70651,48.843933,2.353317,354.2297,NaN,1.044,44.954838,211.1,6 / 25,29047,2022-01-10 17:05:01:576
-0.898804,-2.132603,12.403495,0.444451,-3.561072,9.126424,-0.340344,-1.577209,0.103519,2.113023,0.536212,-0.637941,90.0,4.5,20.4,-24.825,327.2525,21.2924,-2.7881,5.0,24.70651,48.843933,2.353317,354.2297,NaN,1.044,44.954838,211.1,6 / 25,29053,2022-01-10 17:05:01:582
-0.898804,-2.132603,12.403495,0.444451,-3.561072,9.126424,-0.340344,-1.577209,0.103519,2.113023,0.536212,-0.637941,90.0,4.5,20.4,-24.825,327.2525,21.2924,-2.7881,5.0,24.70651,48.843933,2.353317,354.2297,NaN,1.044,44.954838,211.1,6 / 25,29057,2022-01-10 17:05:01:586
-0.898804,-2.132603,12.403495,0.444451,-3.561072,9.126424,-0.340344,-1.577209,0.103519,2.113023,0.536212,-0.637941,90.0,4.5,20.4,-24.825,327.2525,21.2924,-2.7881,5.0,24.70651,48.843933,2.353317,354.2297,NaN,1.044,44.954838,211.1,6 / 25,29063,2022-01-10 17:05:01:592
-0.898804,-2.132603,12.403495,0.444451,-3.561072,9.126424,-0.340344,-1.577209,0.103519,2.113023,0.536212,-0.637941,90.0,4.5,20.4,-24.825,327.2525,21.2924,-2.7881,5.0,24.70651,48.843933,2.353317,354.2297,NaN,1.044,44.954838,211.1,6 / 25,29067,2022-01-10 17:05:01:596
-0.898804,-2.132603,12.403495,0.444451,-3.561072,9.126424,-0.340344,-1.577209,0.103519,2.113023,0.536212,-0.637941,90.0,4.5,20.4,-24.825,327.2525,21.2924,-2.7881,5.0,24.70651,48.843933,2.353317,354.2297,NaN,1.044,44.954838,211.1,6 / 25,29073,2022-01-10 17:05:01:602
-0.898804,-2.132603,12.403495,0.444451,-3.561072,9.126424,-0.340344,-1.577209,0.103519,2.113023,0.536212,-0.637941,90.0,4.5,20.4,-24.825,327.2525,21.2924,-2.7881,5.0,24.70651,48.843933,2.353317,354.2297,NaN,1.044,44.954838,211.1,6 / 25,29078,2022-01-10 17:05:01:607
-0.898804,-2.132603,12.403495,0.444451,-3.561072,9.126424,-0.340344,-1.577209,0.103519,2.113023,0.536212,-0.637941,90.0,4.5,20.4,-24.825,327.2525,21.2924,-2.7881,5.0,24.70651,48.843933,2.353317,354.2297,NaN,1.044,44.954838,211.1,6 / 25,29082,2022-01-10 17:05:01:611
-0.898804,-2.132603,12.403495,0.444451,-3.561072,9.126424,-0.340344,-1.577209,0.103519,2.113023,0.536212,-0.637941,90.0,4.5,20.4,-24.825,327.2525,21.2924,-2.7881,5.0,24.70651,48.843933,2.353317,354.2297,NaN,1.044,44.954838,211.1,6 / 25,29087,2022-01-10 17:05:01:616
-0.898804,-2.132603,12.403495,0.444451,-3.561072,9.126424,-0.340344,-1.577209,0.103519,2.113023,0.536212,-0.637941,90.0,4.5,20.4,-24.825,327.2525,21.2924,-2.7881,5.0,24.70651,48.843933,2.353317,354.2297,NaN,1.044,44.954838,211.1,6 / 25,29092,2022-01-10 17:05:01:621
-0.898804,-2.132603,12.403495,0.444451,-3.561072,9.126424,-0.340344,-1.577209,0.103519,2.113023,0.536212,-0.637941,90.0,4.5,20.4,-24.825,327.2525,21.2924,-2.7881,5.0,24.70651,48.843933,2.353317,354.2297,NaN,1.044,44.954838,211.1,6 / 25,29098,2022-01-10 17:05:01:627
-0.898804,-2.132603,12.403495,0.444451,-3.561072,9.126424,-0.340344,-1.577209,0.103519,2.113023,0.536212,-0.637941,90.0,4.5,20.4,-24.825,327.2525,21.2924,-2.7881,5.0,24.70651,48.843933,2.353317,354.2297,NaN,1.044,44.954838,211.1,6 / 25,29102,2022-01-10 17:05:01:631
-0.898804,-2.132603,12.403495,-1.374306,0.192115,9.707974,-0.340344,-1.577209,0.103519,3.75215,1.588795,1.224352,90.0,4.5,20.4,-24.825,327.2525,21.2924,-2.7881,5.0,24.70651,48.843933,2.353317,354.2297,NaN,1.044,44.954838,211.1,6 / 25,29108,2022-01-10 17:05:01:637
-0.898804,-2.132603,12.403495,-1.374306,0.192115,9.707974,-0.340344,-1.577209,0.103519,3.75215,1.588795,1.224352,90.0,4.5,20.4,-24.825,327.2525,21.2924,-2.7881,5.0,24.70651,48.843933,2.353317,354.2297,NaN,1.044,44.954838,211.1,6 / 25,29113,2022-01-10 17:05:01:642
-0.898804,-2.132603,12.403495,-1.374306,0.192115,9.707974,-0.340344,-1.577209,0.103519,3.75215,1.588795,1.224352,90.0,4.5,20.4,-24.825,327.2525,21.2924,-2.7881,5.0,24.70651,48.843933,2.353317,354.2297,NaN,1.044,44.954838,211.1,6 / 25,29117,2022-01-10 17:05:01:646
-0.898804,-2.132603,12.403495,-1.374306,0.192115,9.707974,-0.340344,-1.577209,0.103519,3.75215,1.588795,1.224352,90.0,4.5,20.4,-24.825,327.2525,21.2924,-2.7881,5.0,24.70651,48.843933,2.353317,354.2297,NaN,1.044,44.954838,211.1,6 / 25,29123,2022-01-10 17:05:01:652
-0.898804,-2.132603,12.403495,-1.374306,0.192115,9.707974,-0.340344,-1.577209,0.103519,3.75215,1.588795,1.224352,90.0,4.5,20.4,-24.825,327.2525,21.2924,-2.7881,5.0,24.70651,48.843933,2.353317,354.2297,NaN,1.044,44.954838,211.1,6 / 25,29127,2022-01-10 17:05:01:656
-0.898804,-2.132603,12.403495,-1.374306,0.192115,9.707974,-0.340344,-1.577209,0.103519,3.75215,1.588795,1.224352,90.0,4.5,20.4,-24.825,327.2525,21.2924,-2.7881,5.0,24.70651,48.843933,2.353317,354.2297,NaN,1.044,44.954838,211.1,6 / 25,29133,2022-01-10 17:05:01:662
-1.327418,-0.528814,11.10509,-1.374306,0.192115,9.707974,-0.340344,-1.577209,0.103519,3.75215,1.588795,1.224352,90.0,6.15,5.775,-33.75,350.0155,-1.1225,8.0575,5.0,24.70651,48.843933,2.353317,354.2297,NaN,1.044,44.954838,211.1,6 / 25,29137,2022-01-10 17:05:01:666
-1.327418,-0.528814,11.10509,-1.374306,0.192115,9.707974,-0.340344,-1.577209,0.103519,3.75215,1.588795,1.224352,90.0,6.15,5.775,-33.75,350.0155,-1.1225,8.0575,5.0,24.70651,48.843933,2.353317,354.2297,NaN,1.044,44.954838,211.1,6 / 25,29143,2022-01-10 17:05:01:672
-1.327418,-0.528814,11.10509,-1.374306,0.192115,9.707974,-0.340344,-1.577209,0.103519,3.75215,1.588795,1.224352,90.0,6.15,5.775,-33.75,350.0155,-1.1225,8.0575,5.0,24.70651,48.843933,2.353317,354.2297,NaN,1.044,44.954838,211.1,6 / 25,29148,2022-01-10 17:05:01:677
-1.327418,-0.528814,11.10509,-1.374306,0.192115,9.707974,-0.340344,-1.577209,0.103519,3.75215,1.588795,1.224352,90.0,6.15,5.775,-33.75,350.0155,-1.1225,8.0575,5.0,24.70651,48.843933,2.353317,354.2297,NaN,1.044,44.954838,211.1,6 / 25,29153,2022-01-10 17:05:01:682
-1.327418,-0.528814,11.10509,-1.374306,0.192115,9.707974,-0.340344,-1.577209,0.103519,3.75215,1.588795,1.224352,90.0,6.15,5.775,-33.75,350.0155,-1.1225,8.0575,5.0,24.70651,48.843933,2.353317,354.2297,NaN,1.044,44.954838,211.1,6 / 25,29157,2022-01-10 17:05:01:686
-1.327418,-0.528814,11.10509,-1.374306,0.192115,9.707974,-0.340344,-1.577209,0.103519,3.75215,1.588795,1.224352,90.0,6.15,5.775,-33.75,350.0155,-1.1225,8.0575,5.0,24.70651,48.843933,2.353317,354.2297,NaN,1.044,44.954838,211.1,6 / 25,29163,2022-01-10 17:05:01:692
-1.327418,-0.528814,11.10509,-1.374306,0.192115,9.707974,1.428392,-3.025795,0.345325,3.75215,1.588795,1.224352,90.0,6.15,5.775,-33.75,350.0155,-1.1225,8.0575,5.0,24.70651,48.843933,2.353317,354.2297,NaN,1.044,44.954838,211.1,6 / 25,29167,2022-01-10 17:05:01:696
-1.327418,-0.528814,11.10509,-1.374306,0.192115,9.707974,1.428392,-3.025795,0.345325,3.75215,1.588795,1.224352,90.0,6.15,5.775,-33.75,350.0155,-1.1225,8.0575,5.0,24.70651,48.843933,2.353317,354.2297,NaN,1.044,44.954838,211.1,6 / 25,29173,2022-01-10 17:05:01:702
-1.327418,-0.528814,11.10509,-1.374306,0.192115,9.707974,1.428392,-3.025795,0.345325,3.75215,1.588795,1.224352,90.0,6.15,5.775,-33.75,350.0155,-1.1225,8.0575,5.0,24.70651,48.843933,2.353317,354.2297,NaN,1.044,44.954838,211.1,6 / 25,29178,2022-01-10 17:05:01:707
-1.327418,-0.528814,11.10509,-1.374306,0.192115,9.707974,1.428392,-3.025795,0.345325,3.75215,1.588795,1.224352,90.0,6.15,5.775,-33.75,350.0155,-1.1225,8.0575,5.0,24.70651,48.843933,2.353317,354.2297,NaN,1.044,44.954838,211.1,6 / 25,29183,2022-01-10 17:05:01:712
-1.327418,-0.528814,11.10509,-1.374306,0.192115,9.707974,1.428392,-3.025795,0.345325,3.75215,1.588795,1.224352,90.0,6.15,5.775,-33.75,350.0155,-1.1225,8.0575,5.0,24.70651,48.843933,2.353317,354.2297,NaN,1.044,44.954838,211.1,6 / 25,29187,2022-01-10 17:05:01:716
-1.327418,-0.528814,11.10509,-1.374306,0.192115,9.707974,1.428392,-3.025795,0.345325,3.75215,1.588795,1.224352,90.0,6.15,5.775,-33.75,350.0155,-1.1225,8.0575,5.0,24.70651,48.843933,2.353317,354.2297,NaN,1.044,44.954838,211.1,6 / 25,29193,2022-01-10 17:05:01:722
-1.327418,-0.528814,11.10509,-1.374306,0.192115,9.707974,1.428392,-3.025795,0.345325,3.75215,1.588795,1.224352,90.0,6.15,5.775,-33.75,350.0155,-1.1225,8.0575,5.0,24.70651,48.843933,2.353317,354.2297,NaN,1.044,44.954838,211.1,6 / 25,29198,2022-01-10 17:05:01:727
-1.327418,-0.528814,11.10509,-1.374306,0.192115,9.707974,1.428392,-3.025795,0.345325,3.75215,1.588795,1.224352,90.0,6.15,5.775,-33.75,350.0155,-1.1225,8.0575,5.0,24.70651,48.843933,2.353317,354.2297,NaN,1.044,44.954838,211.1,6 / 25,29202,2022-01-10 17:05:01:731
-1.327418,-0.528814,11.10509,-1.374306,0.192115,9.707974,1.428392,-3.025795,0.345325,3.75215,1.588795,1.224352,90.0,6.15,5.775,-33.75,350.0155,-1.1225,8.0575,5.0,24.70651,48.843933,2.353317,354.2297,NaN,1.044,44.954838,211.1,6 / 25,29208,2022-01-10 17:05:01:737
-1.327418,-0.528814,11.10509,-1.374306,0.192115,9.707974,1.428392,-3.025795,0.345325,3.75215,1.588795,1.224352,90.0,6.15,5.775,-33.75,350.0155,-1.1225,8.0575,5.0,28.12761,48.843933,2.353317,354.2297,NaN,1.044,44.954838,211.1,6 / 25,29212,2022-01-10 17:05:01:741
-1.327418,-0.528814,11.10509,-1.374306,0.192115,9.707974,1.428392,-3.025795,0.345325,3.75215,1.588795,1.224352,90.0,6.15,5.775,-33.75,350.0155,-1.1225,8.0575,5.0,28.12761,48.843933,2.353317,354.2297,NaN,1.044,44.954838,211.1,6 / 25,29218,2022-01-10 17:05:01:747
-5.078766,5.28754,7.332207,-3.716392,5.58309,7.154575,1.428392,-3.025795,0.345325,3.75215,1.588795,1.224352,30.0,6.15,5.775,-33.75,350.0155,-1.1225,8.0575,5.0,28.12761,48.843933,2.353317,354.2297,NaN,1.044,44.954838,211.1,6 / 25,29223,2022-01-10 17:05:01:752
-5.078766,5.28754,7.332207,-3.716392,5.58309,7.154575,1.428392,-3.025795,0.345325,5.67463,1.766423,0.240876,30.0,6.15,5.775,-33.75,350.0155,-1.1225,8.0575,5.0,28.12761,48.843933,2.353317,354.2297,NaN,1.044,44.954838,211.1,6 / 25,29228,2022-01-10 17:05:01:757
-5.078766,5.28754,7.332207,-3.716392,5.58309,7.154575,1.428392,-3.025795,0.345325,5.67463,1.766423,0.240876,30.0,6.15,5.775,-33.75,350.0155,-1.1225,8.0575,5.0,28.12761,48.843933,2.353317,354.2297,NaN,1.044,44.954838,211.1,6 / 25,29233,2022-01-10 17:05:01:762
-5.078766,5.28754,7.332207,-3.716392,5.58309,7.154575,1.428392,-3.025795,0.345325,5.67463,1.766423,0.240876,30.0,6.15,5.775,-33.75,350.0155,-1.1225,8.0575,5.0,28.12761,48.843933,2.353317,354.2297,NaN,1.044,44.954838,211.1,6 / 25,29238,2022-01-10 17:05:01:767
-5.078766,5.28754,7.332207,-3.716392,5.58309,7.154575,1.428392,-3.025795,0.345325,5.67463,1.766423,0.240876,30.0,6.15,5.775,-33.75,350.0155,-1.1225,8.0575,5.0,28.12761,48.843933,2.353317,354.2297,NaN,1.044,44.954838,211.1,6 / 25,29243,2022-01-10 17:05:01:772
-5.078766,5.28754,7.332207,-3.716392,5.58309,7.154575,1.428392,-3.025795,0.345325,5.67463,1.766423,0.240876,30.0,6.15,5.775,-33.75,350.0155,-1.1225,8.0575,5.0,28.12761,48.843933,2.353317,354.2297,NaN,1.044,44.954838,211.1,6 / 25,29247,2022-01-10 17:05:01:776
-5.078766,5.28754,7.332207,-3.716392,5.58309,7.154575,1.428392,-3.025795,0.345325,5.67463,1.766423,0.240876,30.0,8.925,-11.25,-30.6,35.0636,-34.7026,27.4493,5.0,28.12761,48.843933,2.353317,354.2297,NaN,1.044,44.954838,211.1,6 / 25,29253,2022-01-10 17:05:01:782
-5.078766,5.28754,7.332207,-3.716392,5.58309,7.154575,1.428392,-3.025795,0.345325,5.67463,1.766423,0.240876,30.0,8.925,-11.25,-30.6,35.0636,-34.7026,27.4493,5.0,28.12761,48.843933,2.353317,354.2297,NaN,1.044,44.954838,211.1,6 / 25,29257,2022-01-10 17:05:01:786
-5.078766,5.28754,7.332207,-3.716392,5.58309,7.154575,1.428392,-3.025795,0.345325,5.67463,1.766423,0.240876,30.0,8.925,-11.25,-30.6,35.0636,-34.7026,27.4493,5.0,28.12761,48.843933,2.353317,354.2297,NaN,1.044,44.954838,211.1,6 / 25,29263,2022-01-10 17:05:01:792
-5.078766,5.28754,7.332207,-3.716392,5.58309,7.154575,1.428392,-3.025795,0.345325,5.67463,1.766423,0.240876,30.0,8.925,-11.25,-30.6,35.0636,-34.7026,27.4493,5.0,28.12761,48.843933,2.353317,354.2297,NaN,1.044,44.954838,211.1,6 / 25,29268,2022-01-10 17:05:01:797
-5.078766,5.28754,7.332207,-3.716392,5.58309,7.154575,1.428392,-3.025795,0.345325,5.67463,1.766423,0.240876,30.0,8.925,-11.25,-30.6,35.0636,-34.7026,27.4493,5.0,28.12761,48.843933,2.353317,354.2297,NaN,1.044,44.954838,211.1,6 / 25,29272,2022-01-10 17:05:01:801
-5.078766,5.28754,7.332207,-3.716392,5.58309,7.154575,1.428392,-3.025795,0.345325,5.67463,1.766423,0.240876,30.0,8.925,-11.25,-30.6,35.0636,-34.7026,27.4493,5.0,28.12761,48.843933,2.353317,354.2297,NaN,1.044,44.954838,211.1,6 / 25,29278,2022-01-10 17:05:01:807
-5.078766,5.28754,7.332207,-3.716392,5.58309,7.154575,1.428392,-3.025795,0.345325,5.67463,1.766423,0.240876,30.0,8.925,-11.25,-30.6,35.0636,-34.7026,27.4493,5.0,28.12761,48.843933,2.353317,354.2297,NaN,1.044,44.954838,211.1,6 / 25,29283,2022-01-10 17:05:01:812
-5.078766,5.28754,7.332207,-3.716392,5.58309,7.154575,1.428392,-3.025795,0.345325,5.67463,1.766423,0.240876,30.0,8.925,-11.25,-30.6,35.0636,-34.7026,27.4493,5.0,28.12761,48.843933,2.353317,354.2297,NaN,1.044,44.954838,211.1,6 / 25,29288,2022-01-10 17:05:01:817
-5.078766,5.28754,7.332207,-3.716392,5.58309,7.154575,1.428392,-3.025795,0.345325,5.67463,1.766423,0.240876,30.0,8.925,-11.25,-30.6,35.0636,-34.7026,27.4493,5.0,28.12761,48.843933,2.353317,354.2297,NaN,1.044,44.954838,211.1,6 / 25,29292,2022-01-10 17:05:01:821
-5.078766,5.28754,7.332207,-3.716392,5.58309,7.154575,-0.514911,-2.570703,3.076281,5.67463,1.766423,0.240876,30.0,8.925,-11.25,-30.6,35.0636,-34.7026,27.4493,5.0,28.12761,48.843933,2.353317,354.2297,NaN,1.044,44.954838,211.1,6 / 25,29297,2022-01-10 17:05:01:826
-5.078766,5.28754,7.332207,-3.716392,5.58309,7.154575,-0.514911,-2.570703,3.076281,5.67463,1.766423,0.240876,30.0,8.925,-11.25,-30.6,35.0636,-34.7026,27.4493,5.0,28.12761,48.843933,2.353317,354.2297,NaN,1.044,44.954838,211.1,6 / 25,29303,2022-01-10 17:05:01:832
-5.078766,5.28754,7.332207,-3.716392,5.58309,7.154575,-0.514911,-2.570703,3.076281,5.67463,1.766423,0.240876,30.0,8.925,-11.25,-30.6,35.0636,-34.7026,27.4493,5.0,28.12761,48.843933,2.353317,354.2297,NaN,1.044,44.954838,211.1,6 / 25,29307,2022-01-10 17:05:01:836
-4.870291,6.916454,4.225127,-3.716392,5.58309,7.154575,-0.514911,-2.570703,3.076281,5.67463,1.766423,0.240876,30.0,8.925,-11.25,-30.6,35.0636,-34.7026,27.4493,5.0,28.12761,48.843933,2.353317,354.2297,NaN,1.044,44.954838,211.1,6 / 25,29313,2022-01-10 17:05:01:842
-4.870291,6.916454,4.225127,-3.716392,5.58309,7.154575,-0.514911,-2.570703,3.076281,5.67463,1.766423,0.240876,30.0,8.925,-11.25,-30.6,35.0636,-34.7026,27.4493,5.0,28.12761,48.843933,2.353317,354.2297,NaN,1.044,44.954838,211.1,6 / 25,29318,2022-01-10 17:05:01:847
-4.870291,6.916454,4.225127,-3.716392,5.58309,7.154575,-0.514911,-2.570703,3.076281,5.67463,1.766423,0.240876,30.0,8.925,-11.25,-30.6,35.0636,-34.7026,27.4493,5.0,28.12761,48.843933,2.353317,354.2297,NaN,1.044,44.954838,211.1,6 / 25,29323,2022-01-10 17:05:01:852
-4.870291,6.916454,4.225127,-3.716392,5.58309,7.154575,-0.514911,-2.570703,3.076281,5.67463,1.766423,0.240876,30.0,8.925,-11.25,-30.6,35.0636,-34.7026,27.4493,5.0,28.12761,48.843933,2.353317,354.2297,NaN,1.044,44.954838,211.1,6 / 25,29328,2022-01-10 17:05:01:857
-4.870291,6.916454,4.225127,-3.716392,5.58309,7.154575,-0.514911,-2.570703,3.076281,5.67463,1.766423,0.240876,30.0,8.925,-11.25,-30.6,35.0636,-34.7026,27.4493,5.0,28.12761,48.843933,2.353317,354.2297,NaN,1.044,44.954838,211.1,6 / 25,29333,2022-01-10 17:05:01:862
-4.870291,6.916454,4.225127,-3.716392,5.58309,7.154575,-0.514911,-2.570703,3.076281,5.67463,1.766423,0.240876,30.0,8.925,-11.25,-30.6,35.0636,-34.7026,27.4493,5.0,28.12761,48.843933,2.353317,354.2297,NaN,1.044,44.954838,211.1,6 / 25,29338,2022-01-10 17:05:01:867
-4.870291,6.916454,4.225127,-3.716392,5.58309,7.154575,-0.514911,-2.570703,3.076281,5.67463,1.766423,0.240876,30.0,8.925,-11.25,-30.6,35.0636,-34.7026,27.4493,5.0,28.12761,48.843933,2.353317,354.2297,NaN,1.044,44.954838,211.1,6 / 25,29344,2022-01-10 17:05:01:873
-4.870291,6.916454,4.225127,-3.716392,5.58309,7.154575,-0.514911,-2.570703,3.076281,5.67463,1.766423,0.240876,30.0,8.925,-11.25,-30.6,35.0636,-34.7026,27.4493,5.0,28.12761,48.843933,2.353317,354.2297,NaN,1.044,44.954838,211.1,6 / 25,29348,2022-01-10 17:05:01:877
-4.870291,6.916454,4.225127,-3.641112,8.84218,2.174519,-0.514911,-2.570703,3.076281,5.67463,1.766423,0.240876,30.0,8.925,-11.25,-30.6,35.0636,-34.7026,27.4493,5.0,28.12761,48.843933,2.353317,354.2297,NaN,1.044,44.954838,211.1,6 / 25,29352,2022-01-10 17:05:01:881
-4.870291,6.916454,4.225127,-3.641112,8.84218,2.174519,-0.514911,-2.570703,3.076281,5.67463,1.766423,0.240876,30.0,8.925,-11.25,-30.6,35.0636,-34.7026,27.4493,5.0,28.12761,48.843933,2.353317,354.2297,NaN,1.044,44.954838,211.1,6 / 25,29358,2022-01-10 17:05:01:887
-4.870291,6.916454,4.225127,-3.641112,8.84218,2.174519,-0.514911,-2.570703,3.076281,5.67463,1.766423,0.240876,30.0,8.925,-11.25,-30.6,35.0636,-34.7026,27.4493,5.0,28.12761,48.843933,2.353317,354.2297,NaN,1.044,44.954838,211.1,6 / 25,29363,2022-01-10 17:05:01:892
-4.870291,6.916454,4.225127,-3.641112,8.84218,2.174519,-0.514911,-2.570703,3.076281,5.628159,-1.245923,0.290942,30.0,8.925,-11.25,-30.6,35.0636,-34.7026,27.4493,5.0,28.12761,48.843933,2.353317,354.2297,NaN,1.044,44.954838,211.1,6 / 25,29368,2022-01-10 17:05:01:897
-4.870291,6.916454,4.225127,-3.641112,8.84218,2.174519,-0.514911,-2.570703,3.076281,5.628159,-1.245923,0.290942,30.0,8.925,-11.25,-30.6,35.0636,-34.7026,27.4493,5.0,28.12761,48.843933,2.353317,354.2297,NaN,1.044,44.954838,211.1,6 / 25,29373,2022-01-10 17:05:01:902
-4.870291,6.916454,4.225127,-3.641112,8.84218,2.174519,-0.514911,-2.570703,3.076281,5.628159,-1.245923,0.290942,30.0,8.925,-11.25,-30.6,35.0636,-34.7026,27.4493,5.0,28.12761,48.843933,2.353317,354.2297,NaN,1.044,44.954838,211.1,6 / 25,29379,2022-01-10 17:05:01:908
-4.870291,6.916454,4.225127,-3.641112,8.84218,2.174519,-0.514911,-2.570703,3.076281,5.628159,-1.245923,0.290942,30.0,8.925,-11.25,-30.6,35.0636,-34.7026,27.4493,5.0,28.12761,48.843933,2.353317,354.2297,NaN,1.044,44.954838,211.1,6 / 25,29382,2022-01-10 17:05:01:911
-4.870291,6.916454,4.225127,-3.641112,8.84218,2.174519,-0.514911,-2.570703,3.076281,5.628159,-1.245923,0.290942,30.0,8.925,-11.25,-30.6,35.0636,-34.7026,27.4493,5.0,28.12761,48.843933,2.353317,354.2297,NaN,1.044,44.954838,211.1,6 / 25,29388,2022-01-10 17:05:01:917
-4.870291,6.916454,4.225127,-3.641112,8.84218,2.174519,-0.514911,-2.570703,3.076281,5.628159,-1.245923,0.290942,30.0,8.925,-11.25,-30.6,35.0636,-34.7026,27.4493,5.0,28.12761,48.843933,2.353317,354.2297,NaN,1.044,44.954838,211.1,6 / 25,29392,2022-01-10 17:05:01:921
-5.888437,6.658927,-1.259223,-3.641112,8.84218,2.174519,-0.514911,-2.570703,3.076281,5.628159,-1.245923,0.290942,30.0,11.7,-23.85,-17.4,51.2763,-64.376,59.1538,5.0,28.12761,48.843933,2.353317,354.2297,NaN,1.044,44.954838,211.1,6 / 25,29398,2022-01-10 17:05:01:927
-5.888437,6.658927,-1.259223,-3.641112,8.84218,2.174519,-0.469601,-1.581134,4.764702,5.628159,-1.245923,0.290942,2.0,11.7,-23.85,-17.4,51.2763,-64.376,59.1538,5.0,28.12761,48.843933,2.353317,354.2297,NaN,1.044,44.954838,211.1,6 / 25,29403,2022-01-10 17:05:01:932
-5.888437,6.658927,-1.259223,-3.641112,8.84218,2.174519,-0.469601,-1.581134,4.764702,5.628159,-1.245923,0.290942,2.0,11.7,-23.85,-17.4,51.2763,-64.376,59.1538,5.0,28.12761,48.843933,2.353317,354.2297,NaN,1.044,44.954838,211.1,6 / 25,29408,2022-01-10 17:05:01:937
-5.888437,6.658927,-1.259223,-3.641112,8.84218,2.174519,-0.469601,-1.581134,4.764702,5.628159,-1.245923,0.290942,2.0,11.7,-23.85,-17.4,51.2763,-64.376,59.1538,5.0,28.12761,48.843933,2.353317,354.2297,NaN,1.044,44.954838,211.1,6 / 25,29413,2022-01-10 17:05:01:942
-5.888437,6.658927,-1.259223,-3.641112,8.84218,2.174519,-0.469601,-1.581134,4.764702,5.628159,-1.245923,0.290942,2.0,11.7,-23.85,-17.4,51.2763,-64.376,59.1538,5.0,28.12761,48.843933,2.353317,354.2297,NaN,1.044,44.954838,211.1,6 / 25,29417,2022-01-10 17:05:01:946
-5.888437,6.658927,-1.259223,-3.641112,8.84218,2.174519,-0.469601,-1.581134,4.764702,5.628159,-1.245923,0.290942,2.0,11.7,-23.85,-17.4,51.2763,-64.376,59.1538,5.0,28.12761,48.843933,2.353317,354.2297,NaN,1.044,44.954838,211.1,6 / 25,29424,2022-01-10 17:05:01:953
-5.888437,6.658927,-1.259223,-3.641112,8.84218,2.174519,-0.469601,-1.581134,4.764702,5.628159,-1.245923,0.290942,2.0,11.7,-23.85,-17.4,51.2763,-64.376,59.1538,5.0,28.12761,48.843933,2.353317,354.2297,NaN,1.044,44.954838,211.1,6 / 25,29427,2022-01-10 17:05:01:956
-5.888437,6.658927,-1.259223,-3.641112,8.84218,2.174519,-0.469601,-1.581134,4.764702,5.628159,-1.245923,0.290942,2.0,11.7,-23.85,-17.4,51.2763,-64.376,59.1538,5.0,28.12761,48.843933,2.353317,354.2297,NaN,1.044,44.954838,211.1,6 / 25,29433,2022-01-10 17:05:01:962
-5.888437,6.658927,-1.259223,-3.641112,8.84218,2.174519,-0.469601,-1.581134,4.764702,5.628159,-1.245923,0.290942,2.0,11.7,-23.85,-17.4,51.2763,-64.376,59.1538,5.0,28.12761,48.843933,2.353317,354.2297,NaN,1.044,44.954838,211.1,6 / 25,29437,2022-01-10 17:05:01:966
-5.888437,6.658927,-1.259223,-3.641112,8.84218,2.174519,-0.469601,-1.581134,4.764702,5.628159,-1.245923,0.290942,2.0,11.7,-23.85,-17.4,51.2763,-64.376,59.1538,5.0,28.12761,48.843933,2.353317,354.2297,NaN,1.044,44.954838,211.1,6 / 25,29443,2022-01-10 17:05:01:972
-5.888437,6.658927,-1.259223,-3.641112,8.84218,2.174519,-0.469601,-1.581134,4.764702,5.628159,-1.245923,0.290942,2.0,11.7,-23.85,-17.4,51.2763,-64.376,59.1538,5.0,28.12761,48.843933,2.353317,354.2297,NaN,1.044,44.954838,211.1,6 / 25,29448,2022-01-10 17:05:01:977
-5.888437,6.658927,-1.259223,-3.641112,8.84218,2.174519,-0.469601,-1.581134,4.764702,5.628159,-1.245923,0.290942,2.0,11.7,-23.85,-17.4,51.2763,-64.376,59.1538,5.0,28.12761,48.843933,2.353317,354.2297,NaN,1.044,44.954838,211.1,6 / 25,29452,2022-01-10 17:05:01:981
-5.888437,6.658927,-1.259223,-3.641112,8.84218,2.174519,-0.469601,-1.581134,4.764702,5.628159,-1.245923,0.290942,2.0,11.7,-23.85,-17.4,51.2763,-64.376,59.1538,5.0,28.12761,48.843933,2.353317,354.2297,NaN,1.044,44.954838,211.1,6 / 25,29457,2022-01-10 17:05:01:986
-5.888437,6.658927,-1.259223,-3.641112,8.84218,2.174519,-0.469601,-1.581134,4.764702,5.628159,-1.245923,0.290942,2.0,11.7,-23.85,-17.4,51.2763,-64.376,59.1538,5.0,28.12761,48.843933,2.353317,354.2297,NaN,1.044,44.954838,211.1,6 / 25,29463,2022-01-10 17:05:01:992
-5.888437,6.658927,-1.259223,-3.079868,8.420725,-3.971923,-0.469601,-1.581134,4.764702,5.628159,-1.245923,0.290942,2.0,11.7,-23.85,-17.4,51.2763,-64.376,59.1538,5.0,28.12761,48.843933,2.353317,354.2297,NaN,1.044,44.954838,211.1,6 / 25,29467,2022-01-10 17:05:01:996
-5.888437,6.658927,-1.259223,-3.079868,8.420725,-3.971923,-0.469601,-1.581134,4.764702,5.628159,-1.245923,0.290942,2.0,11.7,-23.85,-17.4,51.2763,-64.376,59.1538,5.0,28.12761,48.843933,2.353317,354.2297,NaN,1.044,44.954838,211.1,6 / 25,29472,2022-01-10 17:05:02:001
-5.888437,6.658927,-1.259223,-3.079868,8.420725,-3.971923,-0.469601,-1.581134,4.764702,5.628159,-1.245923,0.290942,2.0,11.7,-23.85,-17.4,51.2763,-64.376,59.1538,5.0,28.12761,48.843933,2.353317,354.2297,NaN,1.044,44.954838,211.1,6 / 25,29478,2022-01-10 17:05:02:007
-5.888437,6.658927,-1.259223,-3.079868,8.420725,-3.971923,-0.469601,-1.581134,4.764702,5.628159,-1.245923,0.290942,2.0,11.7,-23.85,-17.4,51.2763,-64.376,59.1538,5.0,28.12761,48.843933,2.353317,354.2297,NaN,1.044,44.954838,211.1,6 / 25,29483,2022-01-10 17:05:02:012
-5.888437,6.658927,-1.259223,-3.079868,8.420725,-3.971923,-0.469601,-1.581134,4.764702,5.628159,-1.245923,0.290942,2.0,11.7,-23.85,-17.4,51.2763,-64.376,59.1538,5.0,28.12761,48.843933,2.353317,354.2297,NaN,1.044,44.954838,211.1,6 / 25,29489,2022-01-10 17:05:02:018
-5.888437,6.658927,-1.259223,-3.079868,8.420725,-3.971923,-0.469601,-1.581134,4.764702,5.628159,-1.245923,0.290942,2.0,11.7,-23.85,-17.4,51.2763,-64.376,59.1538,5.0,28.12761,48.843933,2.353317,354.2297,NaN,1.044,44.954838,211.1,6 / 25,29493,2022-01-10 17:05:02:022
-2.877369,3.828516,-7.368996,-3.079868,8.420725,-3.971923,-0.469601,-1.581134,4.764702,5.476896,1.480275,0.753519,2.0,11.7,-23.85,-17.4,51.2763,-64.376,59.1538,5.0,28.12761,48.843933,2.353317,354.2297,NaN,1.044,44.954838,211.1,6 / 25,29498,2022-01-10 17:05:02:027
-2.877369,3.828516,-7.368996,-3.079868,8.420725,-3.971923,-0.469601,-1.581134,4.764702,5.476896,1.480275,0.753519,2.0,11.7,-23.85,-17.4,51.2763,-64.376,59.1538,5.0,28.12761,48.843933,2.353317,354.2297,NaN,1.044,44.954838,211.1,6 / 25,29503,2022-01-10 17:05:02:032
-2.877369,3.828516,-7.368996,-3.079868,8.420725,-3.971923,-0.469601,-1.581134,4.764702,5.476896,1.480275,0.753519,2.0,11.7,-23.85,-17.4,51.2763,-64.376,59.1538,5.0,28.12761,48.843933,2.353317,354.2297,NaN,1.044,44.954838,211.1,6 / 25,29507,2022-01-10 17:05:02:036
-2.877369,3.828516,-7.368996,-3.079868,8.420725,-3.971923,-0.469601,-1.581134,4.764702,5.476896,1.480275,0.753519,2.0,11.7,-23.85,-17.4,51.2763,-64.376,59.1538,5.0,28.12761,48.843933,2.353317,354.2297,NaN,1.044,44.954838,211.1,6 / 25,29513,2022-01-10 17:05:02:042
-2.877369,3.828516,-7.368996,-3.079868,8.420725,-3.971923,-0.469601,-1.581134,4.764702,5.476896,1.480275,0.753519,2.0,11.7,-23.85,-17.4,51.2763,-64.376,59.1538,5.0,28.12761,48.843933,2.353317,354.2297,NaN,1.044,44.954838,211.1,6 / 25,29517,2022-01-10 17:05:02:046
-2.877369,3.828516,-7.368996,-3.079868,8.420725,-3.971923,-0.469601,-1.581134,4.764702,5.476896,1.480275,0.753519,2.0,11.7,-23.85,-17.4,51.2763,-64.376,59.1538,5.0,28.12761,48.843933,2.353317,354.2297,NaN,1.044,44.954838,211.1,6 / 25,29523,2022-01-10 17:05:02:052
-2.877369,3.828516,-7.368996,-3.079868,8.420725,-3.971923,-0.469601,-1.581134,4.764702,5.476896,1.480275,0.753519,2.0,11.7,-23.85,-17.4,51.2763,-64.376,59.1538,5.0,28.12761,48.843933,2.353317,354.2297,NaN,1.044,44.954838,211.1,6 / 25,29527,2022-01-10 17:05:02:056
-2.877369,3.828516,-7.368996,-3.079868,8.420725,-3.971923,-0.649909,-1.391581,0.961231,5.476896,1.480275,0.753519,2.0,13.575,-27.225,1.275,119.0002,-59.1681,142.2096,5.0,28.12761,48.843933,2.353317,354.2297,NaN,1.044,44.954838,211.1,6 / 25,29533,2022-01-10 17:05:02:062
-2.877369,3.828516,-7.368996,-3.079868,8.420725,-3.971923,-0.649909,-1.391581,0.961231,5.476896,1.480275,0.753519,2.0,13.575,-27.225,1.275,119.0002,-59.1681,142.2096,5.0,28.12761,48.843933,2.353317,354.2297,NaN,1.044,44.954838,211.1,6 / 25,29537,2022-01-10 17:05:02:066
-2.877369,3.828516,-7.368996,-3.079868,8.420725,-3.971923,-0.649909,-1.391581,0.961231,5.476896,1.480275,0.753519,2.0,13.575,-27.225,1.275,119.0002,-59.1681,142.2096,5.0,28.12761,48.843933,2.353317,354.2297,NaN,1.044,44.954838,211.1,6 / 25,29543,2022-01-10 17:05:02:072
-2.877369,3.828516,-7.368996,-3.079868,8.420725,-3.971923,-0.649909,-1.391581,0.961231,5.476896,1.480275,0.753519,2.0,13.575,-27.225,1.275,119.0002,-59.1681,142.2096,5.0,30.24368,48.843933,2.353317,354.2297,NaN,1.044,44.954838,211.1,6 / 25,29547,2022-01-10 17:05:02:076
-2.877369,3.828516,-7.368996,-3.079868,8.420725,-3.971923,-0.649909,-1.391581,0.961231,5.476896,1.480275,0.753519,2.0,13.575,-27.225,1.275,119.0002,-59.1681,142.2096,5.0,30.24368,48.843933,2.353317,354.2297,NaN,1.044,44.954838,211.1,6 / 25,29552,2022-01-10 17:05:02:081
-2.877369,3.828516,-7.368996,-3.079868,8.420725,-3.971923,-0.649909,-1.391581,0.961231,5.476896,1.480275,0.753519,2.0,13.575,-27.225,1.275,119.0002,-59.1681,142.2096,5.0,30.24368,48.843933,2.353317,354.2297,NaN,1.044,44.954838,211.1,6 / 25,29558,2022-01-10 17:05:02:087
-2.877369,3.828516,-7.368996,-3.079868,8.420725,-3.971923,-0.649909,-1.391581,0.961231,5.476896,1.480275,0.753519,2.0,13.575,-27.225,1.275,119.0002,-59.1681,142.2096,5.0,30.24368,48.843933,2.353317,354.2297,NaN,1.044,44.954838,211.1,6 / 25,29562,2022-01-10 17:05:02:091
-2.877369,3.828516,-7.368996,-3.079868,8.420725,-3.971923,-0.649909,-1.391581,0.961231,5.476896,1.480275,0.753519,2.0,13.575,-27.225,1.275,119.0002,-59.1681,142.2096,5.0,30.24368,48.843933,2.353317,354.2297,NaN,1.044,44.954838,211.1,6 / 25,29568,2022-01-10 17:05:02:097
-2.877369,3.828516,-7.368996,-3.079868,8.420725,-3.971923,-0.649909,-1.391581,0.961231,5.476896,1.480275,0.753519,2.0,13.575,-27.225,1.275,119.0002,-59.1681,142.2096,5.0,30.24368,48.843933,2.353317,354.2297,NaN,1.044,44.954838,211.1,6 / 25,29572,2022-01-10 17:05:02:101
-2.877369,3.828516,-7.368996,-3.079868,8.420725,-3.971923,-0.649909,-1.391581,0.961231,5.476896,1.480275,0.753519,2.0,13.575,-27.225,1.275,119.0002,-59.1681,142.2096,5.0,30.24368,48.843933,2.353317,354.2297,NaN,1.044,44.954838,211.1,6 / 25,29578,2022-01-10 17:05:02:107
-2.877369,3.828516,-7.368996,-3.079868,8.420725,-3.971923,-0.649909,-1.391581,0.961231,5.476896,1.480275,0.753519,2.0,13.575,-27.225,1.275,119.0002,-59.1681,142.2096,5.0,30.24368,48.843933,2.353317,354.2297,NaN,1.044,44.954838,211.1,6 / 25,29583,2022-01-10 17:05:02:112
-2.458027,5.01087,-7.828717,-3.079868,8.420725,-3.971923,-0.649909,-1.391581,0.961231,5.476896,1.480275,0.753519,2.0,13.575,-27.225,1.275,119.0002,-59.1681,142.2096,5.0,30.24368,48.843933,2.353317,354.2297,NaN,1.044,44.954838,211.1,6 / 25,29587,2022-01-10 17:05:02:116
-2.458027,5.01087,-7.828717,-3.079868,8.420725,-3.971923,-0.649909,-1.391581,0.961231,5.476896,1.480275,0.753519,2.0,13.575,-27.225,1.275,119.0002,-59.1681,142.2096,5.0,30.24368,48.843933,2.353317,354.2297,NaN,1.044,44.954838,211.1,6 / 25,29593,2022-01-10 17:05:02:122
-2.458027,5.01087,-7.828717,-2.496167,5.318597,-7.851882,-0.649909,-1.391581,0.961231,5.476896,1.480275,0.753519,2.0,13.575,-27.225,1.275,119.0002,-59.1681,142.2096,5.0,30.24368,48.843933,2.353317,354.2297,NaN,1.044,44.954838,211.1,6 / 25,29598,2022-01-10 17:05:02:127
-2.458027,5.01087,-7.828717,-2.496167,5.318597,-7.851882,-0.649909,-1.391581,0.961231,5.476896,1.480275,0.753519,2.0,13.575,-27.225,1.275,119.0002,-59.1681,142.2096,5.0,30.24368,48.843933,2.353317,354.2297,NaN,1.044,44.954838,211.1,6 / 25,29603,2022-01-10 17:05:02:132
-2.458027,5.01087,-7.828717,-2.496167,5.318597,-7.851882,-0.649909,-1.391581,0.961231,5.476896,1.480275,0.753519,2.0,13.575,-27.225,1.275,119.0002,-59.1681,142.2096,5.0,30.24368,48.843933,2.353317,354.2297,NaN,1.044,44.954838,211.1,6 / 25,29607,2022-01-10 17:05:02:136
-2.458027,5.01087,-7.828717,-2.496167,5.318597,-7.851882,-0.649909,-1.391581,0.961231,5.476896,1.480275,0.753519,2.0,13.575,-27.225,1.275,119.0002,-59.1681,142.2096,5.0,30.24368,48.843933,2.353317,354.2297,NaN,1.044,44.954838,211.1,6 / 25,29613,2022-01-10 17:05:02:142
-2.458027,5.01087,-7.828717,-2.496167,5.318597,-7.851882,-0.649909,-1.391581,0.961231,5.476896,1.480275,0.753519,2.0,13.575,-27.225,1.275,119.0002,-59.1681,142.2096,5.0,30.24368,48.843933,2.353317,354.2297,NaN,1.044,44.954838,211.1,6 / 25,29617,2022-01-10 17:05:02:146
-2.458027,5.01087,-7.828717,-2.496167,5.318597,-7.851882,-0.649909,-1.391581,0.961231,5.476896,1.480275,0.753519,2.0,13.575,-27.225,1.275,119.0002,-59.1681,142.2096,5.0,30.24368,48.843933,2.353317,354.2297,NaN,1.044,44.954838,211.1,6 / 25,29623,2022-01-10 17:05:02:152
-2.458027,5.01087,-7.828717,-2.496167,5.318597,-7.851882,-0.649909,-1.391581,0.961231,5.476896,1.480275,0.753519,2.0,13.575,-27.225,1.275,119.0002,-59.1681,142.2096,5.0,30.24368,48.843933,2.353317,354.2297,NaN,1.044,44.954838,211.1,6 / 25,29627,2022-01-10 17:05:02:156
-2.458027,5.01087,-7.828717,-2.496167,5.318597,-7.851882,-0.649909,-1.391581,0.961231,2.907287,0.675225,0.162714,2.0,13.575,-27.225,1.275,119.0002,-59.1681,142.2096,5.0,30.24368,48.843933,2.353317,354.2297,NaN,1.044,44.954838,211.1,6 / 25,29632,2022-01-10 17:05:02:161
-2.458027,5.01087,-7.828717,-2.496167,5.318597,-7.851882,-0.649909,-1.391581,0.961231,2.907287,0.675225,0.162714,2.0,13.575,-27.225,1.275,119.0002,-59.1681,142.2096,5.0,30.24368,48.843933,2.353317,354.2297,NaN,1.044,44.954838,211.1,6 / 25,29637,2022-01-10 17:05:02:166
-2.458027,5.01087,-7.828717,-2.496167,5.318597,-7.851882,-0.649909,-1.391581,0.961231,2.907287,0.675225,0.162714,2.0,13.575,-27.225,1.275,119.0002,-59.1681,142.2096,5.0,30.24368,48.843933,2.353317,354.2297,NaN,1.044,44.954838,211.1,6 / 25,29643,2022-01-10 17:05:02:172
-2.458027,5.01087,-7.828717,-2.496167,5.318597,-7.851882,-0.686609,1.248695,0.052095,2.907287,0.675225,0.162714,2.0,13.575,-27.225,1.275,119.0002,-59.1681,142.2096,5.0,30.24368,48.843933,2.353317,354.2297,NaN,1.044,44.954838,211.1,6 / 25,29647,2022-01-10 17:05:02:176
-2.458027,5.01087,-7.828717,-2.496167,5.318597,-7.851882,-0.686609,1.248695,0.052095,2.907287,0.675225,0.162714,2.0,13.8,-22.275,20.025,128.7544,-32.8435,162.3642,5.0,30.24368,48.843933,2.353317,354.2297,NaN,1.044,44.954838,211.1,6 / 25,29653,2022-01-10 17:05:02:182
-2.458027,5.01087,-7.828717,-2.496167,5.318597,-7.851882,-0.686609,1.248695,0.052095,2.907287,0.675225,0.162714,2.0,13.8,-22.275,20.025,128.7544,-32.8435,162.3642,5.0,30.24368,48.843933,2.353317,354.2297,NaN,1.044,44.954838,211.1,6 / 25,29657,2022-01-10 17:05:02:186
-2.458027,5.01087,-7.828717,-2.496167,5.318597,-7.851882,-0.686609,1.248695,0.052095,2.907287,0.675225,0.162714,2.0,13.8,-22.275,20.025,128.7544,-32.8435,162.3642,5.0,30.24368,48.843933,2.353317,354.2297,NaN,1.044,44.954838,211.1,6 / 25,29662,2022-01-10 17:05:02:191
-2.458027,5.01087,-7.828717,-2.496167,5.318597,-7.851882,-0.686609,1.248695,0.052095,2.907287,0.675225,0.162714,2.0,13.8,-22.275,20.025,128.7544,-32.8435,162.3642,5.0,30.24368,48.843933,2.353317,354.2297,NaN,1.044,44.954838,211.1,6 / 25,29668,2022-01-10 17:05:02:197
-2.458027,5.01087,-7.828717,-2.496167,5.318597,-7.851882,-0.686609,1.248695,0.052095,2.907287,0.675225,0.162714,2.0,13.8,-22.275,20.025,128.7544,-32.8435,162.3642,5.0,30.24368,48.843933,2.353317,354.2297,NaN,1.044,44.954838,211.1,6 / 25,29672,2022-01-10 17:05:02:201
-2.458027,5.01087,-7.828717,-2.496167,5.318597,-7.851882,-0.686609,1.248695,0.052095,2.907287,0.675225,0.162714,2.0,13.8,-22.275,20.025,128.7544,-32.8435,162.3642,5.0,30.24368,48.843933,2.353317,354.2297,NaN,1.044,44.954838,211.1,6 / 25,29678,2022-01-10 17:05:02:207
-2.458027,5.01087,-7.828717,-2.496167,5.318597,-7.851882,-0.686609,1.248695,0.052095,2.907287,0.675225,0.162714,2.0,13.8,-22.275,20.025,128.7544,-32.8435,162.3642,5.0,30.24368,48.843933,2.353317,354.2297,NaN,1.044,44.954838,211.1,6 / 25,29683,2022-01-10 17:05:02:212
-2.458027,5.01087,-7.828717,-2.496167,5.318597,-7.851882,-0.686609,1.248695,0.052095,2.907287,0.675225,0.162714,2.0,13.8,-22.275,20.025,128.7544,-32.8435,162.3642,5.0,30.24368,48.843933,2.353317,354.2297,NaN,1.044,44.954838,211.1,6 / 25,29687,2022-01-10 17:05:02:216
-2.458027,5.01087,-7.828717,-2.496167,5.318597,-7.851882,-0.686609,1.248695,0.052095,2.907287,0.675225,0.162714,2.0,13.8,-22.275,20.025,128.7544,-32.8435,162.3642,5.0,30.24368,48.843933,2.353317,354.2297,NaN,1.044,44.954838,211.1,6 / 25,29693,2022-01-10 17:05:02:222
-2.865405,1.834398,-8.548658,-2.496167,5.318597,-7.851882,-0.686609,1.248695,0.052095,2.907287,0.675225,0.162714,2.0,13.8,-22.275,20.025,128.7544,-32.8435,162.3642,5.0,30.24368,48.843933,2.353317,354.2297,NaN,1.044,44.954838,211.1,6 / 25,29698,2022-01-10 17:05:02:227
-2.865405,1.834398,-8.548658,-2.496167,5.318597,-7.851882,-0.686609,1.248695,0.052095,2.907287,0.675225,0.162714,2.0,13.8,-22.275,20.025,128.7544,-32.8435,162.3642,5.0,30.24368,48.843933,2.353317,354.2297,NaN,1.044,44.954838,211.1,6 / 25,29702,2022-01-10 17:05:02:231
-2.865405,1.834398,-8.548658,-1.45258,3.371355,-9.093643,-0.686609,1.248695,0.052095,2.907287,0.675225,0.162714,2.0,13.8,-22.275,20.025,128.7544,-32.8435,162.3642,5.0,30.24368,48.843933,2.353317,354.2297,NaN,1.044,44.954838,211.1,6 / 25,29708,2022-01-10 17:05:02:237
-2.865405,1.834398,-8.548658,-1.45258,3.371355,-9.093643,-0.686609,1.248695,0.052095,2.907287,0.675225,0.162714,2.0,13.8,-22.275,20.025,128.7544,-32.8435,162.3642,5.0,30.24368,48.843933,2.353317,354.2297,NaN,1.044,44.954838,211.1,6 / 25,29712,2022-01-10 17:05:02:241
-2.865405,1.834398,-8.548658,-1.45258,3.371355,-9.093643,-0.686609,1.248695,0.052095,2.907287,0.675225,0.162714,2.0,13.8,-22.275,20.025,128.7544,-32.8435,162.3642,5.0,30.24368,48.843933,2.353317,354.2297,NaN,1.044,44.954838,211.1,6 / 25,29717,2022-01-10 17:05:02:246
-2.865405,1.834398,-8.548658,-1.45258,3.371355,-9.093643,-0.686609,1.248695,0.052095,2.907287,0.675225,0.162714,2.0,13.8,-22.275,20.025,128.7544,-32.8435,162.3642,5.0,30.24368,48.843933,2.353317,354.2297,NaN,1.044,44.954838,211.1,6 / 25,29722,2022-01-10 17:05:02:251
-2.865405,1.834398,-8.548658,-1.45258,3.371355,-9.093643,-0.686609,1.248695,0.052095,2.907287,0.675225,0.162714,2.0,13.8,-22.275,20.025,128.7544,-32.8435,162.3642,5.0,30.24368,48.843933,2.353317,354.2297,NaN,1.044,44.954838,211.1,6 / 25,29728,2022-01-10 17:05:02:257
-2.865405,1.834398,-8.548658,-1.45258,3.371355,-9.093643,-0.686609,1.248695,0.052095,2.907287,0.675225,0.162714,2.0,13.8,-22.275,20.025,128.7544,-32.8435,162.3642,5.0,30.24368,48.843933,2.353317,354.2297,NaN,1.044,44.954838,211.1,6 / 25,29733,2022-01-10 17:05:02:262
-2.865405,1.834398,-8.548658,-1.45258,3.371355,-9.093643,-0.686609,1.248695,0.052095,2.907287,0.675225,0.162714,2.0,13.8,-22.275,20.025,128.7544,-32.8435,162.3642,5.0,30.24368,48.843933,2.353317,354.2297,NaN,1.044,44.954838,211.1,6 / 25,29738,2022-01-10 17:05:02:267
-2.865405,1.834398,-8.548658,-1.45258,3.371355,-9.093643,-0.686609,1.248695,0.052095,2.907287,0.675225,0.162714,2.0,13.8,-22.275,20.025,128.7544,-32.8435,162.3642,5.0,30.24368,48.843933,2.353317,354.2297,NaN,1.044,44.954838,211.1,6 / 25,29742,2022-01-10 17:05:02:271
-2.865405,1.834398,-8.548658,-1.45258,3.371355,-9.093643,-0.686609,1.248695,0.052095,2.907287,0.675225,0.162714,2.0,13.8,-22.275,20.025,128.7544,-32.8435,162.3642,5.0,30.24368,48.843933,2.353317,354.2297,NaN,1.044,44.954838,211.1,6 / 25,29748,2022-01-10 17:05:02:277
-2.865405,1.834398,-8.548658,-1.45258,3.371355,-9.093643,-0.686609,1.248695,0.052095,2.907287,0.675225,0.162714,2.0,13.8,-22.275,20.025,128.7544,-32.8435,162.3642,5.0,30.24368,48.843933,2.353317,354.2297,NaN,1.044,44.954838,211.1,6 / 25,29752,2022-01-10 17:05:02:281
-2.865405,1.834398,-8.548658,-1.45258,3.371355,-9.093643,-0.686609,1.248695,0.052095,2.907287,0.675225,0.162714,2.0,13.8,-22.275,20.025,128.7544,-32.8435,162.3642,5.0,30.24368,48.843933,2.353317,354.2297,NaN,1.044,44.954838,211.1,6 / 25,29758,2022-01-10 17:05:02:287
-2.865405,1.834398,-8.548658,-1.45258,3.371355,-9.093643,-0.686609,1.248695,0.052095,5.956384,1.139533,0.956979,2.0,13.8,-22.275,20.025,128.7544,-32.8435,162.3642,5.0,30.24368,48.843933,2.353317,354.2297,NaN,1.044,44.954838,211.1,6 / 25,29763,2022-01-10 17:05:02:292
-2.865405,1.834398,-8.548658,-1.45258,3.371355,-9.093643,-0.686609,1.248695,0.052095,5.956384,1.139533,0.956979,2.0,13.8,-22.275,20.025,128.7544,-32.8435,162.3642,5.0,30.24368,48.843933,2.353317,354.2297,NaN,1.044,44.954838,211.1,6 / 25,29767,2022-01-10 17:05:02:296
-2.865405,1.834398,-8.548658,-1.45258,3.371355,-9.093643,-0.686609,1.248695,0.052095,5.956384,1.139533,0.956979,2.0,13.8,-22.275,20.025,128.7544,-32.8435,162.3642,5.0,30.24368,48.843933,2.353317,354.2297,NaN,1.044,44.954838,211.1,6 / 25,29772,2022-01-10 17:05:02:301
-2.865405,1.834398,-8.548658,-1.45258,3.371355,-9.093643,-0.686609,1.248695,0.052095,5.956384,1.139533,0.956979,2.0,13.8,-22.275,20.025,128.7544,-32.8435,162.3642,5.0,30.24368,48.843933,2.353317,354.2297,NaN,1.044,44.954838,211.1,6 / 25,29778,2022-01-10 17:05:02:307
-0.205185,-4.086044,-7.146165,-1.45258,3.371355,-9.093643,-1.399949,1.80228,1.690473,5.956384,1.139533,0.956979,2.0,13.8,-22.275,20.025,128.7544,-32.8435,162.3642,5.0,30.24368,48.843933,2.353317,354.2297,NaN,1.044,44.954838,211.1,6 / 25,29782,2022-01-10 17:05:02:311
-0.205185,-4.086044,-7.146165,-1.45258,3.371355,-9.093643,-1.399949,1.80228,1.690473,5.956384,1.139533,0.956979,2.0,13.8,-22.275,20.025,128.7544,-32.8435,162.3642,5.0,30.24368,48.843933,2.353317,354.2297,NaN,1.044,44.954838,211.1,6 / 25,29788,2022-01-10 17:05:02:317
-0.205185,-4.086044,-7.146165,-1.45258,3.371355,-9.093643,-1.399949,1.80228,1.690473,5.956384,1.139533,0.956979,2.0,11.55,-9.825,32.85,69.6609,-20.1075,170.9245,5.0,30.24368,48.843933,2.353317,354.2297,NaN,1.044,44.954838,211.1,6 / 25,29792,2022-01-10 17:05:02:321
-0.205185,-4.086044,-7.146165,-1.45258,3.371355,-9.093643,-1.399949,1.80228,1.690473,5.956384,1.139533,0.956979,2.0,11.55,-9.825,32.85,69.6609,-20.1075,170.9245,5.0,30.24368,48.843933,2.353317,354.2297,NaN,1.044,44.954838,211.1,6 / 25,29798,2022-01-10 17:05:02:327
-0.205185,-4.086044,-7.146165,-1.45258,3.371355,-9.093643,-1.399949,1.80228,1.690473,5.956384,1.139533,0.956979,2.0,11.55,-9.825,32.85,69.6609,-20.1075,170.9245,5.0,30.24368,48.843933,2.353317,354.2297,NaN,1.044,44.954838,211.1,6 / 25,29803,2022-01-10 17:05:02:332
-0.205185,-4.086044,-7.146165,-1.45258,3.371355,-9.093643,-1.399949,1.80228,1.690473,5.956384,1.139533,0.956979,2.0,11.55,-9.825,32.85,69.6609,-20.1075,170.9245,5.0,30.24368,48.843933,2.353317,354.2297,NaN,1.044,44.954838,211.1,6 / 25,29808,2022-01-10 17:05:02:337
-0.205185,-4.086044,-7.146165,-1.45258,3.371355,-9.093643,-1.399949,1.80228,1.690473,5.956384,1.139533,0.956979,2.0,11.55,-9.825,32.85,69.6609,-20.1075,170.9245,5.0,30.24368,48.843933,2.353317,354.2297,NaN,1.044,44.954838,211.1,6 / 25,29812,2022-01-10 17:05:02:341
-0.205185,-4.086044,-7.146165,-1.45258,3.371355,-9.093643,-1.399949,1.80228,1.690473,5.956384,1.139533,0.956979,2.0,11.55,-9.825,32.85,69.6609,-20.1075,170.9245,5.0,30.24368,48.843933,2.353317,354.2297,NaN,1.044,44.954838,211.1,6 / 25,29817,2022-01-10 17:05:02:346
-0.205185,-4.086044,-7.146165,-1.45258,3.371355,-9.093643,-1.399949,1.80228,1.690473,5.956384,1.139533,0.956979,2.0,11.55,-9.825,32.85,69.6609,-20.1075,170.9245,5.0,30.24368,48.843933,2.353317,354.2297,NaN,1.044,44.954838,211.1,6 / 25,29824,2022-01-10 17:05:02:353
-0.205185,-4.086044,-7.146165,-1.45258,3.371355,-9.093643,-1.399949,1.80228,1.690473,5.956384,1.139533,0.956979,2.0,11.55,-9.825,32.85,69.6609,-20.1075,170.9245,5.0,30.24368,48.843933,2.353317,354.2297,NaN,1.044,44.954838,211.1,6 / 25,29827,2022-01-10 17:05:02:356
-0.205185,-4.086044,-7.146165,0.297865,-4.165156,-8.87317,-1.399949,1.80228,1.690473,5.956384,1.139533,0.956979,2.0,11.55,-9.825,32.85,69.6609,-20.1075,170.9245,5.0,30.24368,48.843933,2.353317,354.2297,NaN,1.044,44.954838,211.1,6 / 25,29832,2022-01-10 17:05:02:361
-0.205185,-4.086044,-7.146165,0.297865,-4.165156,-8.87317,-1.399949,1.80228,1.690473,5.956384,1.139533,0.956979,2.0,11.55,-9.825,32.85,69.6609,-20.1075,170.9245,5.0,30.24368,48.843933,2.353317,354.2297,NaN,1.044,44.954838,211.1,6 / 25,29838,2022-01-10 17:05:02:367
-0.205185,-4.086044,-7.146165,0.297865,-4.165156,-8.87317,-1.399949,1.80228,1.690473,5.956384,1.139533,0.956979,2.0,11.55,-9.825,32.85,69.6609,-20.1075,170.9245,5.0,30.24368,48.843933,2.353317,354.2297,NaN,1.044,44.954838,211.1,6 / 25,29843,2022-01-10 17:05:02:372
-0.205185,-4.086044,-7.146165,0.297865,-4.165156,-8.87317,-1.399949,1.80228,1.690473,5.956384,1.139533,0.956979,2.0,11.55,-9.825,32.85,69.6609,-20.1075,170.9245,5.0,30.24368,48.843933,2.353317,354.2297,NaN,1.044,44.954838,211.1,6 / 25,29848,2022-01-10 17:05:02:377
-0.205185,-4.086044,-7.146165,0.297865,-4.165156,-8.87317,-1.399949,1.80228,1.690473,5.956384,1.139533,0.956979,2.0,11.55,-9.825,32.85,69.6609,-20.1075,170.9245,5.0,30.24368,48.843933,2.353317,354.2297,NaN,1.044,44.954838,211.1,6 / 25,29854,2022-01-10 17:05:02:383
-0.205185,-4.086044,-7.146165,0.297865,-4.165156,-8.87317,-1.399949,1.80228,1.690473,5.956384,1.139533,0.956979,2.0,11.55,-9.825,32.85,69.6609,-20.1075,170.9245,5.0,30.24368,48.843933,2.353317,354.2297,NaN,1.044,44.954838,211.1,6 / 25,29857,2022-01-10 17:05:02:386
-0.205185,-4.086044,-7.146165,0.297865,-4.165156,-8.87317,-1.399949,1.80228,1.690473,5.956384,1.139533,0.956979,2.0,11.55,-9.825,32.85,69.6609,-20.1075,170.9245,5.0,30.24368,48.843933,2.353317,354.2297,NaN,1.044,44.954838,211.1,6 / 25,29863,2022-01-10 17:05:02:392
-0.205185,-4.086044,-7.146165,0.297865,-4.165156,-8.87317,-1.399949,1.80228,1.690473,5.956384,1.139533,0.956979,2.0,11.55,-9.825,32.85,69.6609,-20.1075,170.9245,5.0,30.24368,48.843933,2.353317,354.2297,NaN,1.044,44.954838,211.1,6 / 25,29867,2022-01-10 17:05:02:396
-0.205185,-4.086044,-7.146165,0.297865,-4.165156,-8.87317,-1.399949,1.80228,1.690473,5.956384,1.139533,0.956979,2.0,11.55,-9.825,32.85,69.6609,-20.1075,170.9245,5.0,29.86768,48.843933,2.353317,354.2297,NaN,1.044,44.954838,211.1,6 / 25,29873,2022-01-10 17:05:02:402
-0.205185,-4.086044,-7.146165,0.297865,-4.165156,-8.87317,-1.399949,1.80228,1.690473,5.956384,1.139533,0.956979,2.0,11.55,-9.825,32.85,69.6609,-20.1075,170.9245,5.0,29.86768,48.843933,2.353317,354.2297,NaN,1.044,44.954838,211.1,6 / 25,29878,2022-01-10 17:05:02:407
-0.205185,-4.086044,-7.146165,0.297865,-4.165156,-8.87317,-1.399949,1.80228,1.690473,5.956384,1.139533,0.956979,2.0,11.55,-9.825,32.85,69.6609,-20.1075,170.9245,5.0,29.86768,48.843933,2.353317,354.2297,NaN,1.044,44.954838,211.1,6 / 25,29882,2022-01-10 17:05:02:411
1.318445,-6.651448,-3.338586,0.297865,-4.165156,-8.87317,0.549946,-0.068328,-5.170551,5.956384,1.139533,0.956979,5.0,11.55,-9.825,32.85,69.6609,-20.1075,170.9245,5.0,29.86768,48.843933,2.353317,354.2297,NaN,1.044,44.954838,211.1,6 / 25,29888,2022-01-10 17:05:02:417
1.318445,-6.651448,-3.338586,0.297865,-4.165156,-8.87317,0.549946,-0.068328,-5.170551,4.193423,1.420621,0.022636,5.0,11.55,-9.825,32.85,69.6609,-20.1075,170.9245,5.0,29.86768,48.843933,2.353317,354.2297,NaN,1.044,44.954838,211.1,6 / 25,29893,2022-01-10 17:05:02:422
1.318445,-6.651448,-3.338586,0.297865,-4.165156,-8.87317,0.549946,-0.068328,-5.170551,4.193423,1.420621,0.022636,5.0,11.55,-9.825,32.85,69.6609,-20.1075,170.9245,5.0,29.86768,48.843933,2.353317,354.2297,NaN,1.044,44.954838,211.1,6 / 25,29898,2022-01-10 17:05:02:427
1.318445,-6.651448,-3.338586,0.297865,-4.165156,-8.87317,0.549946,-0.068328,-5.170551,4.193423,1.420621,0.022636,5.0,11.55,-9.825,32.85,69.6609,-20.1075,170.9245,5.0,29.86768,48.843933,2.353317,354.2297,NaN,1.044,44.954838,211.1,6 / 25,29902,2022-01-10 17:05:02:431
1.318445,-6.651448,-3.338586,0.297865,-4.165156,-8.87317,0.549946,-0.068328,-5.170551,4.193423,1.420621,0.022636,5.0,11.55,-9.825,32.85,69.6609,-20.1075,170.9245,5.0,29.86768,48.843933,2.353317,354.2297,NaN,1.044,44.954838,211.1,6 / 25,29909,2022-01-10 17:05:02:438
1.318445,-6.651448,-3.338586,0.297865,-4.165156,-8.87317,0.549946,-0.068328,-5.170551,4.193423,1.420621,0.022636,5.0,11.55,-9.825,32.85,69.6609,-20.1075,170.9245,5.0,29.86768,48.843933,2.353317,354.2297,NaN,1.044,44.954838,211.1,6 / 25,29913,2022-01-10 17:05:02:442
1.318445,-6.651448,-3.338586,0.297865,-4.165156,-8.87317,0.549946,-0.068328,-5.170551,4.193423,1.420621,0.022636,5.0,11.55,-9.825,32.85,69.6609,-20.1075,170.9245,5.0,29.86768,48.843933,2.353317,354.2297,NaN,1.044,44.954838,211.1,6 / 25,29918,2022-01-10 17:05:02:447
1.318445,-6.651448,-3.338586,0.297865,-4.165156,-8.87317,0.549946,-0.068328,-5.170551,4.193423,1.420621,0.022636,5.0,11.55,-9.825,32.85,69.6609,-20.1075,170.9245,5.0,29.86768,48.843933,2.353317,354.2297,NaN,1.044,44.954838,211.1,6 / 25,29923,2022-01-10 17:05:02:452
1.318445,-6.651448,-3.338586,0.297865,-4.165156,-8.87317,0.549946,-0.068328,-5.170551,4.193423,1.420621,0.022636,5.0,11.55,-9.825,32.85,69.6609,-20.1075,170.9245,5.0,29.86768,48.843933,2.353317,354.2297,NaN,1.044,44.954838,211.1,6 / 25,29927,2022-01-10 17:05:02:456
1.318445,-6.651448,-3.338586,0.297865,-4.165156,-8.87317,0.549946,-0.068328,-5.170551,4.193423,1.420621,0.022636,5.0,8.25,8.625,33.375,122.263,25.1334,-178.0773,5.0,29.86768,48.843933,2.353317,354.2297,NaN,1.044,44.954838,211.1,6 / 25,29933,2022-01-10 17:05:02:462
1.318445,-6.651448,-3.338586,0.297865,-4.165156,-8.87317,0.549946,-0.068328,-5.170551,4.193423,1.420621,0.022636,5.0,8.25,8.625,33.375,122.263,25.1334,-178.0773,5.0,29.86768,48.843933,2.353317,354.2297,NaN,1.044,44.954838,211.1,6 / 25,29938,2022-01-10 17:05:02:467
1.318445,-6.651448,-3.338586,0.297865,-4.165156,-8.87317,0.549946,-0.068328,-5.170551,4.193423,1.420621,0.022636,5.0,8.25,8.625,33.375,122.263,25.1334,-178.0773,5.0,29.86768,48.843933,2.353317,354.2297,NaN,1.044,44.954838,211.1,6 / 25,29943,2022-01-10 17:05:02:472
1.318445,-6.651448,-3.338586,0.297865,-4.165156,-8.87317,0.549946,-0.068328,-5.170551,4.193423,1.420621,0.022636,5.0,8.25,8.625,33.375,122.263,25.1334,-178.0773,5.0,29.86768,48.843933,2.353317,354.2297,NaN,1.044,44.954838,211.1,6 / 25,29947,2022-01-10 17:05:02:476
1.318445,-6.651448,-3.338586,1.776522,-8.704743,-4.152325,0.549946,-0.068328,-5.170551,4.193423,1.420621,0.022636,5.0,8.25,8.625,33.375,122.263,25.1334,-178.0773,5.0,29.86768,48.843933,2.353317,354.2297,NaN,1.044,44.954838,211.1,6 / 25,29953,2022-01-10 17:05:02:482
1.318445,-6.651448,-3.338586,1.776522,-8.704743,-4.152325,0.549946,-0.068328,-5.170551,4.193423,1.420621,0.022636,5.0,8.25,8.625,33.375,122.263,25.1334,-178.0773,5.0,29.86768,48.843933,2.353317,354.2297,NaN,1.044,44.954838,211.1,6 / 25,29957,2022-01-10 17:05:02:486
1.318445,-6.651448,-3.338586,1.776522,-8.704743,-4.152325,0.549946,-0.068328,-5.170551,4.193423,1.420621,0.022636,5.0,8.25,8.625,33.375,122.263,25.1334,-178.0773,5.0,29.86768,48.843933,2.353317,354.2297,NaN,1.044,44.954838,211.1,6 / 25,29963,2022-01-10 17:05:02:492
1.318445,-6.651448,-3.338586,1.776522,-8.704743,-4.152325,0.549946,-0.068328,-5.170551,4.193423,1.420621,0.022636,5.0,8.25,8.625,33.375,122.263,25.1334,-178.0773,5.0,29.86768,48.843933,2.353317,354.2297,NaN,1.044,44.954838,211.1,6 / 25,29968,2022-01-10 17:05:02:497
1.318445,-6.651448,-3.338586,1.776522,-8.704743,-4.152325,0.549946,-0.068328,-5.170551,4.193423,1.420621,0.022636,5.0,8.25,8.625,33.375,122.263,25.1334,-178.0773,5.0,29.86768,48.843933,2.353317,354.2297,NaN,1.044,44.954838,211.1,6 / 25,29973,2022-01-10 17:05:02:502
1.318445,-6.651448,-3.338586,1.776522,-8.704743,-4.152325,0.549946,-0.068328,-5.170551,4.193423,1.420621,0.022636,5.0,8.25,8.625,33.375,122.263,25.1334,-178.0773,5.0,29.86768,48.843933,2.353317,354.2297,NaN,1.044,44.954838,211.1,6 / 25,29977,2022-01-10 17:05:02:506
1.318445,-6.651448,-3.338586,1.776522,-8.704743,-4.152325,0.549946,-0.068328,-5.170551,4.193423,1.420621,0.022636,5.0,8.25,8.625,33.375,122.263,25.1334,-178.0773,5.0,29.86768,48.843933,2.353317,354.2297,NaN,1.044,44.954838,211.1,6 / 25,29983,2022-01-10 17:05:02:512
1.318445,-6.651448,-3.338586,1.776522,-8.704743,-4.152325,0.549946,-0.068328,-5.170551,4.193423,1.420621,0.022636,5.0,8.25,8.625,33.375,122.263,25.1334,-178.0773,5.0,29.86768,48.843933,2.353317,354.2297,NaN,1.044,44.954838,211.1,6 / 25,29987,2022-01-10 17:05:02:516
-0.096311,-10.097412,-4.136293,1.776522,-8.704743,-4.152325,0.549946,-0.068328,-5.170551,4.193423,1.420621,0.022636,5.0,8.25,8.625,33.375,122.263,25.1334,-178.0773,5.0,29.86768,48.843933,2.353317,354.2297,NaN,1.044,44.954838,211.1,6 / 25,29993,2022-01-10 17:05:02:522
-0.096311,-10.097412,-4.136293,1.776522,-8.704743,-4.152325,0.549946,-0.068328,-5.170551,4.193423,1.420621,0.022636,5.0,8.25,8.625,33.375,122.263,25.1334,-178.0773,5.0,29.86768,48.843933,2.353317,354.2297,NaN,1.044,44.954838,211.1,6 / 25,29998,2022-01-10 17:05:02:527
-0.096311,-10.097412,-4.136293,1.776522,-8.704743,-4.152325,0.549946,-0.068328,-5.170551,4.193423,1.420621,0.022636,5.0,8.25,8.625,33.375,122.263,25.1334,-178.0773,5.0,29.86768,48.843933,2.353317,354.2297,NaN,1.044,44.954838,211.1,6 / 25,30002,2022-01-10 17:05:02:531
-0.096311,-10.097412,-4.136293,1.776522,-8.704743,-4.152325,0.549946,-0.068328,-5.170551,4.193423,1.420621,0.022636,5.0,8.25,8.625,33.375,122.263,25.1334,-178.0773,5.0,29.86768,48.843933,2.353317,354.2297,NaN,1.044,44.954838,211.1,6 / 25,30007,2022-01-10 17:05:02:536
-0.096311,-10.097412,-4.136293,1.776522,-8.704743,-4.152325,0.549946,-0.068328,-5.170551,4.193423,1.420621,0.022636,5.0,8.25,8.625,33.375,122.263,25.1334,-178.0773,5.0,29.86768,48.843933,2.353317,354.2297,NaN,1.044,44.954838,211.1,6 / 25,30013,2022-01-10 17:05:02:542
-0.096311,-10.097412,-4.136293,1.776522,-8.704743,-4.152325,0.549946,-0.068328,-5.170551,4.193423,1.420621,0.022636,5.0,8.25,8.625,33.375,122.263,25.1334,-178.0773,5.0,29.86768,48.843933,2.353317,354.2297,NaN,1.044,44.954838,211.1,6 / 25,30018,2022-01-10 17:05:02:547
-0.096311,-10.097412,-4.136293,1.776522,-8.704743,-4.152325,-0.295637,-1.177799,-8.455271,4.193423,1.420621,0.022636,5.0,8.25,8.625,33.375,122.263,25.1334,-178.0773,5.0,29.86768,48.843933,2.353317,354.2297,NaN,1.044,44.954838,211.1,6 / 25,30023,2022-01-10 17:05:02:552
-0.096311,-10.097412,-4.136293,1.776522,-8.704743,-4.152325,-0.295637,-1.177799,-8.455271,4.193423,1.420621,0.022636,5.0,8.25,8.625,33.375,122.263,25.1334,-178.0773,5.0,29.86768,48.843933,2.353317,354.2297,NaN,1.044,44.954838,211.1,6 / 25,30028,2022-01-10 17:05:02:557
-0.096311,-10.097412,-4.136293,1.776522,-8.704743,-4.152325,-0.295637,-1.177799,-8.455271,4.193423,1.420621,0.022636,5.0,8.25,8.625,33.375,122.263,25.1334,-178.0773,5.0,29.86768,48.843933,2.353317,354.2297,NaN,1.044,44.954838,211.1,6 / 25,30032,2022-01-10 17:05:02:561
-0.096311,-10.097412,-4.136293,1.776522,-8.704743,-4.152325,-0.295637,-1.177799,-8.455271,4.193423,1.420621,0.022636,5.0,8.25,8.625,33.375,122.263,25.1334,-178.0773,5.0,29.86768,48.843933,2.353317,354.2297,NaN,1.044,44.954838,211.1,6 / 25,30038,2022-01-10 17:05:02:567
-0.096311,-10.097412,-4.136293,1.776522,-8.704743,-4.152325,-0.295637,-1.177799,-8.455271,5.679024,-0.627955,-0.030093,5.0,8.25,8.625,33.375,122.263,25.1334,-178.0773,5.0,29.86768,48.843933,2.353317,354.2297,NaN,1.044,44.954838,211.1,6 / 25,30043,2022-01-10 17:05:02:572
-0.096311,-10.097412,-4.136293,1.776522,-8.704743,-4.152325,-0.295637,-1.177799,-8.455271,5.679024,-0.627955,-0.030093,5.0,8.25,8.625,33.375,122.263,25.1334,-178.0773,5.0,29.86768,48.843933,2.353317,354.2297,NaN,1.044,44.954838,211.1,6 / 25,30047,2022-01-10 17:05:02:576
-0.096311,-10.097412,-4.136293,1.776522,-8.704743,-4.152325,-0.295637,-1.177799,-8.455271,5.679024,-0.627955,-0.030093,5.0,4.875,22.575,20.25,107.7236,62.5778,-156.8369,5.0,29.86768,48.843933,2.353317,354.2297,NaN,1.044,44.954838,211.1,6 / 25,30053,2022-01-10 17:05:02:582
-0.096311,-10.097412,-4.136293,1.776522,-8.704743,-4.152325,-0.295637,-1.177799,-8.455271,5.679024,-0.627955,-0.030093,5.0,4.875,22.575,20.25,107.7236,62.5778,-156.8369,5.0,29.86768,48.843933,2.353317,354.2297,NaN,1.044,44.954838,211.1,6 / 25,30058,2022-01-10 17:05:02:587
-0.096311,-10.097412,-4.136293,1.776522,-8.704743,-4.152325,-0.295637,-1.177799,-8.455271,5.679024,-0.627955,-0.030093,5.0,4.875,22.575,20.25,107.7236,62.5778,-156.8369,5.0,29.86768,48.843933,2.353317,354.2297,NaN,1.044,44.954838,211.1,6 / 25,30062,2022-01-10 17:05:02:591
-0.096311,-10.097412,-4.136293,1.776522,-8.704743,-4.152325,-0.295637,-1.177799,-8.455271,5.679024,-0.627955,-0.030093,5.0,4.875,22.575,20.25,107.7236,62.5778,-156.8369,5.0,29.86768,48.843933,2.353317,354.2297,NaN,1.044,44.954838,211.1,6 / 25,30067,2022-01-10 17:05:02:596
-0.096311,-10.097412,-4.136293,1.900808,-9.366017,2.198873,-0.295637,-1.177799,-8.455271,5.679024,-0.627955,-0.030093,5.0,4.875,22.575,20.25,107.7236,62.5778,-156.8369,5.0,29.86768,48.843933,2.353317,354.2297,NaN,1.044,44.954838,211.1,6 / 25,30073,2022-01-10 17:05:02:602
-0.096311,-10.097412,-4.136293,1.900808,-9.366017,2.198873,-0.295637,-1.177799,-8.455271,5.679024,-0.627955,-0.030093,5.0,4.875,22.575,20.25,107.7236,62.5778,-156.8369,5.0,29.86768,48.843933,2.353317,354.2297,NaN,1.044,44.954838,211.1,6 / 25,30078,2022-01-10 17:05:02:607
-0.096311,-10.097412,-4.136293,1.900808,-9.366017,2.198873,-0.295637,-1.177799,-8.455271,5.679024,-0.627955,-0.030093,5.0,4.875,22.575,20.25,107.7236,62.5778,-156.8369,5.0,29.86768,48.843933,2.353317,354.2297,NaN,1.044,44.954838,211.1,6 / 25,30083,2022-01-10 17:05:02:612
-0.096311,-10.097412,-4.136293,1.900808,-9.366017,2.198873,-0.295637,-1.177799,-8.455271,5.679024,-0.627955,-0.030093,5.0,4.875,22.575,20.25,107.7236,62.5778,-156.8369,5.0,29.86768,48.843933,2.353317,354.2297,NaN,1.044,44.954838,211.1,6 / 25,30088,2022-01-10 17:05:02:617
-0.096311,-10.097412,-4.136293,1.900808,-9.366017,2.198873,-0.295637,-1.177799,-8.455271,5.679024,-0.627955,-0.030093,5.0,4.875,22.575,20.25,107.7236,62.5778,-156.8369,5.0,29.86768,48.843933,2.353317,354.2297,NaN,1.044,44.954838,211.1,6 / 25,30092,2022-01-10 17:05:02:621
1.555634,-6.99781,1.044168,1.900808,-9.366017,2.198873,-0.295637,-1.177799,-8.455271,5.679024,-0.627955,-0.030093,5.0,4.875,22.575,20.25,107.7236,62.5778,-156.8369,5.0,29.86768,48.843933,2.353317,354.2297,NaN,1.044,44.954838,211.1,6 / 25,30098,2022-01-10 17:05:02:627
1.555634,-6.99781,1.044168,1.900808,-9.366017,2.198873,-0.295637,-1.177799,-8.455271,5.679024,-0.627955,-0.030093,5.0,4.875,22.575,20.25,107.7236,62.5778,-156.8369,5.0,29.86768,48.843933,2.353317,354.2297,NaN,1.044,44.954838,211.1,6 / 25,30103,2022-01-10 17:05:02:632
1.555634,-6.99781,1.044168,1.900808,-9.366017,2.198873,-0.295637,-1.177799,-8.455271,5.679024,-0.627955,-0.030093,5.0,4.875,22.575,20.25,107.7236,62.5778,-156.8369,5.0,29.86768,48.843933,2.353317,354.2297,NaN,1.044,44.954838,211.1,6 / 25,30107,2022-01-10 17:05:02:636
1.555634,-6.99781,1.044168,1.900808,-9.366017,2.198873,-0.295637,-1.177799,-8.455271,5.679024,-0.627955,-0.030093,5.0,4.875,22.575,20.25,107.7236,62.5778,-156.8369,5.0,29.86768,48.843933,2.353317,354.2297,NaN,1.044,44.954838,211.1,6 / 25,30113,2022-01-10 17:05:02:642
1.555634,-6.99781,1.044168,1.900808,-9.366017,2.198873,-0.295637,-1.177799,-8.455271,5.679024,-0.627955,-0.030093,5.0,4.875,22.575,20.25,107.7236,62.5778,-156.8369,5.0,29.86768,48.843933,2.353317,354.2297,NaN,1.044,44.954838,211.1,6 / 25,30117,2022-01-10 17:05:02:646
1.555634,-6.99781,1.044168,1.900808,-9.366017,2.198873,-0.295637,-1.177799,-8.455271,5.679024,-0.627955,-0.030093,5.0,4.875,22.575,20.25,107.7236,62.5778,-156.8369,5.0,29.86768,48.843933,2.353317,354.2297,NaN,1.044,44.954838,211.1,6 / 25,30123,2022-01-10 17:05:02:652
1.555634,-6.99781,1.044168,1.900808,-9.366017,2.198873,-0.295637,-1.177799,-8.455271,5.679024,-0.627955,-0.030093,5.0,4.875,22.575,20.25,107.7236,62.5778,-156.8369,5.0,29.86768,48.843933,2.353317,354.2297,NaN,1.044,44.954838,211.1,6 / 25,30129,2022-01-10 17:05:02:658
1.555634,-6.99781,1.044168,1.900808,-9.366017,2.198873,-0.098634,-0.637597,-3.804808,5.679024,-0.627955,-0.030093,5.0,4.875,22.575,20.25,107.7236,62.5778,-156.8369,5.0,29.86768,48.843933,2.353317,354.2297,NaN,1.044,44.954838,211.1,6 / 25,30133,2022-01-10 17:05:02:662
1.555634,-6.99781,1.044168,1.900808,-9.366017,2.198873,-0.098634,-0.637597,-3.804808,5.679024,-0.627955,-0.030093,5.0,4.875,22.575,20.25,107.7236,62.5778,-156.8369,5.0,29.86768,48.843933,2.353317,354.2297,NaN,1.044,44.954838,211.1,6 / 25,30139,2022-01-10 17:05:02:668
1.555634,-6.99781,1.044168,1.900808,-9.366017,2.198873,-0.098634,-0.637597,-3.804808,5.679024,-0.627955,-0.030093,5.0,4.875,22.575,20.25,107.7236,62.5778,-156.8369,5.0,29.86768,48.843933,2.353317,354.2297,NaN,1.044,44.954838,211.1,6 / 25,30143,2022-01-10 17:05:02:672
1.555634,-6.99781,1.044168,1.900808,-9.366017,2.198873,-0.098634,-0.637597,-3.804808,5.679024,-0.627955,-0.030093,5.0,4.875,22.575,20.25,107.7236,62.5778,-156.8369,5.0,29.86768,48.843933,2.353317,354.2297,NaN,1.044,44.954838,211.1,6 / 25,30147,2022-01-10 17:05:02:676
1.555634,-6.99781,1.044168,1.900808,-9.366017,2.198873,-0.098634,-0.637597,-3.804808,5.679024,-0.627955,-0.030093,5.0,4.875,22.575,20.25,107.7236,62.5778,-156.8369,5.0,29.86768,48.843933,2.353317,354.2297,NaN,1.044,44.954838,211.1,6 / 25,30152,2022-01-10 17:05:02:681
1.555634,-6.99781,1.044168,1.900808,-9.366017,2.198873,-0.098634,-0.637597,-3.804808,5.679024,-0.627955,-0.030093,5.0,4.875,22.575,20.25,107.7236,62.5778,-156.8369,5.0,29.86768,48.843933,2.353317,354.2297,NaN,1.044,44.954838,211.1,6 / 25,30158,2022-01-10 17:05:02:687
1.555634,-6.99781,1.044168,1.900808,-9.366017,2.198873,-0.098634,-0.637597,-3.804808,5.679024,-0.627955,-0.030093,5.0,4.875,22.575,20.25,107.7236,62.5778,-156.8369,5.0,29.86768,48.843933,2.353317,354.2297,NaN,1.044,44.954838,211.1,6 / 25,30163,2022-01-10 17:05:02:692
1.555634,-6.99781,1.044168,1.900808,-9.366017,2.198873,-0.098634,-0.637597,-3.804808,5.679024,-0.627955,-0.030093,5.0,4.875,22.575,20.25,107.7236,62.5778,-156.8369,5.0,29.86768,48.843933,2.353317,354.2297,NaN,1.044,44.954838,211.1,6 / 25,30168,2022-01-10 17:05:02:697
1.555634,-6.99781,1.044168,1.900808,-9.366017,2.198873,-0.098634,-0.637597,-3.804808,5.679024,-0.627955,-0.030093,5.0,4.875,22.575,20.25,107.7236,62.5778,-156.8369,5.0,29.86768,48.843933,2.353317,354.2297,NaN,1.044,44.954838,211.1,6 / 25,30173,2022-01-10 17:05:02:702
1.555634,-6.99781,1.044168,1.900808,-9.366017,2.198873,-0.098634,-0.637597,-3.804808,4.734961,-0.507051,-0.771362,5.0,4.875,22.575,20.25,107.7236,62.5778,-156.8369,5.0,29.86768,48.843933,2.353317,354.2297,NaN,1.044,44.954838,211.1,6 / 25,30179,2022-01-10 17:05:02:708
1.555634,-6.99781,1.044168,1.900808,-9.366017,2.198873,-0.098634,-0.637597,-3.804808,4.734961,-0.507051,-0.771362,5.0,4.875,22.575,20.25,107.7236,62.5778,-156.8369,5.0,29.86768,48.843933,2.353317,354.2297,NaN,1.044,44.954838,211.1,6 / 25,30183,2022-01-10 17:05:02:712
1.555634,-6.99781,1.044168,1.900808,-9.366017,2.198873,-0.098634,-0.637597,-3.804808,4.734961,-0.507051,-0.771362,5.0,4.875,22.575,20.25,107.7236,62.5778,-156.8369,5.0,29.92818,48.843933,2.353317,354.2297,NaN,1.044,44.954838,211.1,6 / 25,30187,2022-01-10 17:05:02:716
0.7002,-7.986943,5.321039,1.900808,-9.366017,2.198873,-0.098634,-0.637597,-3.804808,4.734961,-0.507051,-0.771362,5.0,1.35,26.925,1.275,359.3716,72.7593,-40.8417,5.0,29.92818,48.843933,2.353317,354.2297,NaN,1.044,44.954838,211.1,6 / 25,30193,2022-01-10 17:05:02:722
0.7002,-7.986943,5.321039,2.794315,-6.620594,6.673076,-0.098634,-0.637597,-3.804808,4.734961,-0.507051,-0.771362,5.0,1.35,26.925,1.275,359.3716,72.7593,-40.8417,5.0,29.92818,48.843933,2.353317,354.2297,NaN,1.044,44.954838,211.1,6 / 25,30198,2022-01-10 17:05:02:727
0.7002,-7.986943,5.321039,2.794315,-6.620594,6.673076,-0.098634,-0.637597,-3.804808,4.734961,-0.507051,-0.771362,5.0,1.35,26.925,1.275,359.3716,72.7593,-40.8417,5.0,29.92818,48.843933,2.353317,354.2297,NaN,1.044,44.954838,211.1,6 / 25,30202,2022-01-10 17:05:02:731
0.7002,-7.986943,5.321039,2.794315,-6.620594,6.673076,-0.098634,-0.637597,-3.804808,4.734961,-0.507051,-0.771362,5.0,1.35,26.925,1.275,359.3716,72.7593,-40.8417,5.0,29.92818,48.843933,2.353317,354.2297,NaN,1.044,44.954838,211.1,6 / 25,30208,2022-01-10 17:05:02:737
0.7002,-7.986943,5.321039,2.794315,-6.620594,6.673076,-0.098634,-0.637597,-3.804808,4.734961,-0.507051,-0.771362,5.0,1.35,26.925,1.275,359.3716,72.7593,-40.8417,5.0,29.92818,48.843933,2.353317,354.2297,NaN,1.044,44.954838,211.1,6 / 25,30212,2022-01-10 17:05:02:741
0.7002,-7.986943,5.321039,2.794315,-6.620594,6.673076,-0.098634,-0.637597,-3.804808,4.734961,-0.507051,-0.771362,5.0,1.35,26.925,1.275,359.3716,72.7593,-40.8417,5.0,29.92818,48.843933,2.353317,354.2297,NaN,1.044,44.954838,211.1,6 / 25,30218,2022-01-10 17:05:02:747
0.7002,-7.986943,5.321039,2.794315,-6.620594,6.673076,-0.098634,-0.637597,-3.804808,4.734961,-0.507051,-0.771362,5.0,1.35,26.925,1.275,359.3716,72.7593,-40.8417,5.0,29.92818,48.843933,2.353317,354.2297,NaN,1.044,44.954838,211.1,6 / 25,30222,2022-01-10 17:05:02:751
0.7002,-7.986943,5.321039,2.794315,-6.620594,6.673076,-0.098634,-0.637597,-3.804808,4.734961,-0.507051,-0.771362,5.0,1.35,26.925,1.275,359.3716,72.7593,-40.8417,5.0,29.92818,48.843933,2.353317,354.2297,NaN,1.044,44.954838,211.1,6 / 25,30228,2022-01-10 17:05:02:757
0.7002,-7.986943,5.321039,2.794315,-6.620594,6.673076,-0.098634,-0.637597,-3.804808,4.734961,-0.507051,-0.771362,5.0,1.35,26.925,1.275,359.3716,72.7593,-40.8417,5.0,29.92818,48.843933,2.353317,354.2297,NaN,1.044,44.954838,211.1,6 / 25,30232,2022-01-10 17:05:02:761
0.7002,-7.986943,5.321039,2.794315,-6.620594,6.673076,-0.098634,-0.637597,-3.804808,4.734961,-0.507051,-0.771362,5.0,1.35,26.925,1.275,359.3716,72.7593,-40.8417,5.0,29.92818,48.843933,2.353317,354.2297,NaN,1.044,44.954838,211.1,6 / 25,30238,2022-01-10 17:05:02:767
0.7002,-7.986943,5.321039,2.794315,-6.620594,6.673076,-0.098634,-0.637597,-3.804808,4.734961,-0.507051,-0.771362,5.0,1.35,26.925,1.275,359.3716,72.7593,-40.8417,5.0,29.92818,48.843933,2.353317,354.2297,NaN,1.044,44.954838,211.1,6 / 25,30242,2022-01-10 17:05:02:771
0.7002,-7.986943,5.321039,2.794315,-6.620594,6.673076,-0.098634,-0.637597,-3.804808,4.734961,-0.507051,-0.771362,5.0,1.35,26.925,1.275,359.3716,72.7593,-40.8417,5.0,29.92818,48.843933,2.353317,354.2297,NaN,1.044,44.954838,211.1,6 / 25,30248,2022-01-10 17:05:02:777
0.7002,-7.986943,5.321039,2.794315,-6.620594,6.673076,-0.098634,-0.637597,-3.804808,4.734961,-0.507051,-0.771362,5.0,1.35,26.925,1.275,359.3716,72.7593,-40.8417,5.0,29.92818,48.843933,2.353317,354.2297,NaN,1.044,44.954838,211.1,6 / 25,30252,2022-01-10 17:05:02:781
0.7002,-7.986943,5.321039,2.794315,-6.620594,6.673076,-0.098634,-0.637597,-3.804808,4.734961,-0.507051,-0.771362,5.0,1.35,26.925,1.275,359.3716,72.7593,-40.8417,5.0,29.92818,48.843933,2.353317,354.2297,NaN,1.044,44.954838,211.1,6 / 25,30257,2022-01-10 17:05:02:786
0.7002,-7.986943,5.321039,2.794315,-6.620594,6.673076,-0.098634,-0.637597,-3.804808,4.734961,-0.507051,-0.771362,5.0,1.35,26.925,1.275,359.3716,72.7593,-40.8417,5.0,29.92818,48.843933,2.353317,354.2297,NaN,1.044,44.954838,211.1,6 / 25,30263,2022-01-10 17:05:02:792
0.7002,-7.986943,5.321039,2.794315,-6.620594,6.673076,-0.496768,-4.043541,-2.311607,4.734961,-0.507051,-0.771362,5.0,1.35,26.925,1.275,359.3716,72.7593,-40.8417,5.0,29.92818,48.843933,2.353317,354.2297,NaN,1.044,44.954838,211.1,6 / 25,30267,2022-01-10 17:05:02:796
0.7002,-7.986943,5.321039,2.794315,-6.620594,6.673076,-0.496768,-4.043541,-2.311607,4.734961,-0.507051,-0.771362,5.0,1.35,26.925,1.275,359.3716,72.7593,-40.8417,5.0,29.92818,48.843933,2.353317,354.2297,NaN,1.044,44.954838,211.1,6 / 25,30272,2022-01-10 17:05:02:801
0.7002,-7.986943,5.321039,2.794315,-6.620594,6.673076,-0.496768,-4.043541,-2.311607,4.734961,-0.507051,-0.771362,5.0,1.35,26.925,1.275,359.3716,72.7593,-40.8417,5.0,29.92818,48.843933,2.353317,354.2297,NaN,1.044,44.954838,211.1,6 / 25,30277,2022-01-10 17:05:02:806
0.7002,-7.986943,5.321039,2.794315,-6.620594,6.673076,-0.496768,-4.043541,-2.311607,4.734961,-0.507051,-0.771362,5.0,1.35,26.925,1.275,359.3716,72.7593,-40.8417,5.0,29.92818,48.843933,2.353317,354.2297,NaN,1.044,44.954838,211.1,6 / 25,30283,2022-01-10 17:05:02:812
0.7002,-7.986943,5.321039,2.794315,-6.620594,6.673076,-0.496768,-4.043541,-2.311607,4.734961,-0.507051,-0.771362,5.0,1.35,26.925,1.275,359.3716,72.7593,-40.8417,5.0,29.92818,48.843933,2.353317,354.2297,NaN,1.044,44.954838,211.1,6 / 25,30287,2022-01-10 17:05:02:816
2.189134,-2.585146,3.142374,2.794315,-6.620594,6.673076,-0.496768,-4.043541,-2.311607,4.734961,-0.507051,-0.771362,29.0,1.35,26.925,1.275,359.3716,72.7593,-40.8417,5.0,29.92818,48.843933,2.353317,354.2297,NaN,1.044,44.954838,211.1,6 / 25,30293,2022-01-10 17:05:02:822
2.189134,-2.585146,3.142374,2.794315,-6.620594,6.673076,-0.496768,-4.043541,-2.311607,5.482621,2.011293,0.54713,29.0,1.35,26.925,1.275,359.3716,72.7593,-40.8417,5.0,29.92818,48.843933,2.353317,354.2297,NaN,1.044,44.954838,211.1,6 / 25,30297,2022-01-10 17:05:02:826
2.189134,-2.585146,3.142374,2.794315,-6.620594,6.673076,-0.496768,-4.043541,-2.311607,5.482621,2.011293,0.54713,29.0,1.35,26.925,1.275,359.3716,72.7593,-40.8417,5.0,29.92818,48.843933,2.353317,354.2297,NaN,1.044,44.954838,211.1,6 / 25,30302,2022-01-10 17:05:02:831
2.189134,-2.585146,3.142374,2.794315,-6.620594,6.673076,-0.496768,-4.043541,-2.311607,5.482621,2.011293,0.54713,29.0,1.35,26.925,1.275,359.3716,72.7593,-40.8417,5.0,29.92818,48.843933,2.353317,354.2297,NaN,1.044,44.954838,211.1,6 / 25,30308,2022-01-10 17:05:02:837
2.189134,-2.585146,3.142374,2.794315,-6.620594,6.673076,-0.496768,-4.043541,-2.311607,5.482621,2.011293,0.54713,29.0,1.35,26.925,1.275,359.3716,72.7593,-40.8417,5.0,29.92818,48.843933,2.353317,354.2297,NaN,1.044,44.954838,211.1,6 / 25,30313,2022-01-10 17:05:02:842
2.189134,-2.585146,3.142374,2.794315,-6.620594,6.673076,-0.496768,-4.043541,-2.311607,5.482621,2.011293,0.54713,29.0,1.35,26.925,1.275,359.3716,72.7593,-40.8417,5.0,29.92818,48.843933,2.353317,354.2297,NaN,1.044,44.954838,211.1,6 / 25,30318,2022-01-10 17:05:02:847
2.189134,-2.585146,3.142374,1.309379,-1.332821,9.62702,-0.496768,-4.043541,-2.311607,5.482621,2.011293,0.54713,29.0,1.35,26.925,1.275,359.3716,72.7593,-40.8417,5.0,29.92818,48.843933,2.353317,354.2297,NaN,1.044,44.954838,211.1,6 / 25,30323,2022-01-10 17:05:02:852
2.189134,-2.585146,3.142374,1.309379,-1.332821,9.62702,-0.496768,-4.043541,-2.311607,5.482621,2.011293,0.54713,29.0,1.35,26.925,1.275,359.3716,72.7593,-40.8417,5.0,29.92818,48.843933,2.353317,354.2297,NaN,1.044,44.954838,211.1,6 / 25,30327,2022-01-10 17:05:02:856
2.189134,-2.585146,3.142374,1.309379,-1.332821,9.62702,-0.496768,-4.043541,-2.311607,5.482621,2.011293,0.54713,29.0,-1.05,21.975,-18.675,355.3306,7.8112,-7.7453,5.0,29.92818,48.843933,2.353317,354.2297,NaN,1.044,44.954838,211.1,6 / 25,30333,2022-01-10 17:05:02:862
2.189134,-2.585146,3.142374,1.309379,-1.332821,9.62702,-0.496768,-4.043541,-2.311607,5.482621,2.011293,0.54713,29.0,-1.05,21.975,-18.675,355.3306,7.8112,-7.7453,5.0,29.92818,48.843933,2.353317,354.2297,NaN,1.044,44.954838,211.1,6 / 25,30338,2022-01-10 17:05:02:867
2.189134,-2.585146,3.142374,1.309379,-1.332821,9.62702,-0.496768,-4.043541,-2.311607,5.482621,2.011293,0.54713,29.0,-1.05,21.975,-18.675,355.3306,7.8112,-7.7453,5.0,29.92818,48.843933,2.353317,354.2297,NaN,1.044,44.954838,211.1,6 / 25,30343,2022-01-10 17:05:02:872
2.189134,-2.585146,3.142374,1.309379,-1.332821,9.62702,-0.496768,-4.043541,-2.311607,5.482621,2.011293,0.54713,29.0,-1.05,21.975,-18.675,355.3306,7.8112,-7.7453,5.0,29.92818,48.843933,2.353317,354.2297,NaN,1.044,44.954838,211.1,6 / 25,30347,2022-01-10 17:05:02:876
2.189134,-2.585146,3.142374,1.309379,-1.332821,9.62702,-0.496768,-4.043541,-2.311607,5.482621,2.011293,0.54713,29.0,-1.05,21.975,-18.675,355.3306,7.8112,-7.7453,5.0,29.92818,48.843933,2.353317,354.2297,NaN,1.044,44.954838,211.1,6 / 25,30352,2022-01-10 17:05:02:881
2.189134,-2.585146,3.142374,1.309379,-1.332821,9.62702,-0.496768,-4.043541,-2.311607,5.482621,2.011293,0.54713,29.0,-1.05,21.975,-18.675,355.3306,7.8112,-7.7453,5.0,29.92818,48.843933,2.353317,354.2297,NaN,1.044,44.954838,211.1,6 / 25,30358,2022-01-10 17:05:02:887
2.189134,-2.585146,3.142374,1.309379,-1.332821,9.62702,-0.496768,-4.043541,-2.311607,5.482621,2.011293,0.54713,29.0,-1.05,21.975,-18.675,355.3306,7.8112,-7.7453,5.0,29.92818,48.843933,2.353317,354.2297,NaN,1.044,44.954838,211.1,6 / 25,30362,2022-01-10 17:05:02:891
2.189134,-2.585146,3.142374,1.309379,-1.332821,9.62702,-0.496768,-4.043541,-2.311607,5.482621,2.011293,0.54713,29.0,-1.05,21.975,-18.675,355.3306,7.8112,-7.7453,5.0,29.92818,48.843933,2.353317,354.2297,NaN,1.044,44.954838,211.1,6 / 25,30368,2022-01-10 17:05:02:897
2.189134,-2.585146,3.142374,1.309379,-1.332821,9.62702,-0.496768,-4.043541,-2.311607,5.482621,2.011293,0.54713,29.0,-1.05,21.975,-18.675,355.3306,7.8112,-7.7453,5.0,29.92818,48.843933,2.353317,354.2297,NaN,1.044,44.954838,211.1,6 / 25,30373,2022-01-10 17:05:02:902
2.189134,-2.585146,3.142374,1.309379,-1.332821,9.62702,-0.496768,-4.043541,-2.311607,5.482621,2.011293,0.54713,29.0,-1.05,21.975,-18.675,355.3306,7.8112,-7.7453,5.0,29.92818,48.843933,2.353317,354.2297,NaN,1.044,44.954838,211.1,6 / 25,30378,2022-01-10 17:05:02:907
-0.340379,-1.328914,10.942079,1.309379,-1.332821,9.62702,2.762111,-1.335082,-2.390034,5.482621,2.011293,0.54713,29.0,-1.05,21.975,-18.675,355.3306,7.8112,-7.7453,5.0,29.92818,48.843933,2.353317,354.2297,NaN,1.044,44.954838,211.1,6 / 25,30382,2022-01-10 17:05:02:911
-0.340379,-1.328914,10.942079,1.309379,-1.332821,9.62702,2.762111,-1.335082,-2.390034,5.482621,2.011293,0.54713,29.0,-1.05,21.975,-18.675,355.3306,7.8112,-7.7453,5.0,29.92818,48.843933,2.353317,354.2297,NaN,1.044,44.954838,211.1,6 / 25,30388,2022-01-10 17:05:02:917
-0.340379,-1.328914,10.942079,1.309379,-1.332821,9.62702,2.762111,-1.335082,-2.390034,5.482621,2.011293,0.54713,29.0,-1.05,21.975,-18.675,355.3306,7.8112,-7.7453,5.0,29.92818,48.843933,2.353317,354.2297,NaN,1.044,44.954838,211.1,6 / 25,30393,2022-01-10 17:05:02:922
-0.340379,-1.328914,10.942079,1.309379,-1.332821,9.62702,2.762111,-1.335082,-2.390034,5.482621,2.011293,0.54713,29.0,-1.05,21.975,-18.675,355.3306,7.8112,-7.7453,5.0,29.92818,48.843933,2.353317,354.2297,NaN,1.044,44.954838,211.1,6 / 25,30398,2022-01-10 17:05:02:927
-0.340379,-1.328914,10.942079,1.309379,-1.332821,9.62702,2.762111,-1.335082,-2.390034,5.482621,2.011293,0.54713,29.0,-1.05,21.975,-18.675,355.3306,7.8112,-7.7453,5.0,29.92818,48.843933,2.353317,354.2297,NaN,1.044,44.954838,211.1,6 / 25,30403,2022-01-10 17:05:02:932
-0.340379,-1.328914,10.942079,1.309379,-1.332821,9.62702,2.762111,-1.335082,-2.390034,5.482621,2.011293,0.54713,29.0,-1.05,21.975,-18.675,355.3306,7.8112,-7.7453,5.0,29.92818,48.843933,2.353317,354.2297,NaN,1.044,44.954838,211.1,6 / 25,30408,2022-01-10 17:05:02:937
-0.340379,-1.328914,10.942079,1.309379,-1.332821,9.62702,2.762111,-1.335082,-2.390034,5.482621,2.011293,0.54713,29.0,-1.05,21.975,-18.675,355.3306,7.8112,-7.7453,5.0,29.92818,48.843933,2.353317,354.2297,NaN,1.044,44.954838,211.1,6 / 25,30412,2022-01-10 17:05:02:941
-0.340379,-1.328914,10.942079,1.309379,-1.332821,9.62702,2.762111,-1.335082,-2.390034,5.482621,2.011293,0.54713,29.0,-1.05,21.975,-18.675,355.3306,7.8112,-7.7453,5.0,29.92818,48.843933,2.353317,354.2297,NaN,1.044,44.954838,211.1,6 / 25,30418,2022-01-10 17:05:02:947
-0.340379,-1.328914,10.942079,1.309379,-1.332821,9.62702,2.762111,-1.335082,-2.390034,5.482621,2.011293,0.54713,29.0,-1.05,21.975,-18.675,355.3306,7.8112,-7.7453,5.0,29.92818,48.843933,2.353317,354.2297,NaN,1.044,44.954838,211.1,6 / 25,30423,2022-01-10 17:05:02:952
-0.340379,-1.328914,10.942079,1.309379,-1.332821,9.62702,2.762111,-1.335082,-2.390034,5.482621,2.011293,0.54713,29.0,-1.05,21.975,-18.675,355.3306,7.8112,-7.7453,5.0,29.92818,48.843933,2.353317,354.2297,NaN,1.044,44.954838,211.1,6 / 25,30429,2022-01-10 17:05:02:958
-0.340379,-1.328914,10.942079,1.309379,-1.332821,9.62702,2.762111,-1.335082,-2.390034,1.828872,1.884131,0.089746,29.0,-1.05,21.975,-18.675,355.3306,7.8112,-7.7453,5.0,29.92818,48.843933,2.353317,354.2297,NaN,1.044,44.954838,211.1,6 / 25,30433,2022-01-10 17:05:02:962
-0.340379,-1.328914,10.942079,1.309379,-1.332821,9.62702,2.762111,-1.335082,-2.390034,1.828872,1.884131,0.089746,29.0,-1.05,21.975,-18.675,355.3306,7.8112,-7.7453,5.0,29.92818,48.843933,2.353317,354.2297,NaN,1.044,44.954838,211.1,6 / 25,30438,2022-01-10 17:05:02:967
-0.340379,-1.328914,10.942079,1.309379,-1.332821,9.62702,2.762111,-1.335082,-2.390034,1.828872,1.884131,0.089746,29.0,-1.05,21.975,-18.675,355.3306,7.8112,-7.7453,5.0,29.92818,48.843933,2.353317,354.2297,NaN,1.044,44.954838,211.1,6 / 25,30443,2022-01-10 17:05:02:972
-0.340379,-1.328914,10.942079,1.309379,-1.332821,9.62702,2.762111,-1.335082,-2.390034,1.828872,1.884131,0.089746,29.0,-1.05,21.975,-18.675,355.3306,7.8112,-7.7453,5.0,29.92818,48.843933,2.353317,354.2297,NaN,1.044,44.954838,211.1,6 / 25,30448,2022-01-10 17:05:02:977
-0.340379,-1.328914,10.942079,-1.698726,0.338135,9.65248,2.762111,-1.335082,-2.390034,1.828872,1.884131,0.089746,29.0,0.525,7.5,-30.9,25.8583,-1.976,9.9812,5.0,29.92818,48.843933,2.353317,354.2297,NaN,1.044,44.954838,211.1,6 / 25,30453,2022-01-10 17:05:02:982
-0.340379,-1.328914,10.942079,-1.698726,0.338135,9.65248,2.762111,-1.335082,-2.390034,1.828872,1.884131,0.089746,29.0,0.525,7.5,-30.9,25.8583,-1.976,9.9812,5.0,29.92818,48.843933,2.353317,354.2297,NaN,1.044,44.954838,211.1,6 / 25,30458,2022-01-10 17:05:02:987
-0.340379,-1.328914,10.942079,-1.698726,0.338135,9.65248,2.762111,-1.335082,-2.390034,1.828872,1.884131,0.089746,29.0,0.525,7.5,-30.9,25.8583,-1.976,9.9812,5.0,29.92818,48.843933,2.353317,354.2297,NaN,1.044,44.954838,211.1,6 / 25,30463,2022-01-10 17:05:02:992
-0.340379,-1.328914,10.942079,-1.698726,0.338135,9.65248,2.762111,-1.335082,-2.390034,1.828872,1.884131,0.089746,29.0,0.525,7.5,-30.9,25.8583,-1.976,9.9812,5.0,29.92818,48.843933,2.353317,354.2297,NaN,1.044,44.954838,211.1,6 / 25,30468,2022-01-10 17:05:02:997
-0.340379,-1.328914,10.942079,-1.698726,0.338135,9.65248,2.762111,-1.335082,-2.390034,1.828872,1.884131,0.089746,29.0,0.525,7.5,-30.9,25.8583,-1.976,9.9812,5.0,29.92818,48.843933,2.353317,354.2297,NaN,1.044,44.954838,211.1,6 / 25,30472,2022-01-10 17:05:03:001
-0.340379,-1.328914,10.942079,-1.698726,0.338135,9.65248,2.762111,-1.335082,-2.390034,1.828872,1.884131,0.089746,29.0,0.525,7.5,-30.9,25.8583,-1.976,9.9812,5.0,29.92818,48.843933,2.353317,354.2297,NaN,1.044,44.954838,211.1,6 / 25,30479,2022-01-10 17:05:03:008
-0.340379,-1.328914,10.942079,-1.698726,0.338135,9.65248,2.762111,-1.335082,-2.390034,1.828872,1.884131,0.089746,29.0,0.525,7.5,-30.9,25.8583,-1.976,9.9812,5.0,29.92818,48.843933,2.353317,354.2297,NaN,1.044,44.954838,211.1,6 / 25,30482,2022-01-10 17:05:03:011
-0.340379,-1.328914,10.942079,-1.698726,0.338135,9.65248,2.762111,-1.335082,-2.390034,1.828872,1.884131,0.089746,29.0,0.525,7.5,-30.9,25.8583,-1.976,9.9812,5.0,29.92818,48.843933,2.353317,354.2297,NaN,1.044,44.954838,211.1,6 / 25,30489,2022-01-10 17:05:03:018
-0.489033,-0.450748,8.721539,-1.698726,0.338135,9.65248,2.762111,-1.335082,-2.390034,1.828872,1.884131,0.089746,29.0,0.525,7.5,-30.9,25.8583,-1.976,9.9812,5.0,29.92818,48.843933,2.353317,354.2297,NaN,1.044,44.954838,211.1,6 / 25,30492,2022-01-10 17:05:03:021
-0.489033,-0.450748,8.721539,-1.698726,0.338135,9.65248,2.762111,-1.335082,-2.390034,1.828872,1.884131,0.089746,29.0,0.525,7.5,-30.9,25.8583,-1.976,9.9812,5.0,29.92818,48.843933,2.353317,354.2297,NaN,1.044,44.954838,211.1,6 / 25,30497,2022-01-10 17:05:03:026
-0.489033,-0.450748,8.721539,-1.698726,0.338135,9.65248,2.762111,-1.335082,-2.390034,1.828872,1.884131,0.089746,29.0,0.525,7.5,-30.9,25.8583,-1.976,9.9812,5.0,29.92818,48.843933,2.353317,354.2297,NaN,1.044,44.954838,211.1,6 / 25,30504,2022-01-10 17:05:03:033
-0.489033,-0.450748,8.721539,-1.698726,0.338135,9.65248,2.762111,-1.335082,-2.390034,1.828872,1.884131,0.089746,29.0,0.525,7.5,-30.9,25.8583,-1.976,9.9812,5.0,28.53945,48.843933,2.353317,354.2297,NaN,1.044,44.954838,211.1,6 / 25,30508,2022-01-10 17:05:03:037
-0.489033,-0.450748,8.721539,-1.698726,0.338135,9.65248,-0.080649,-1.761937,0.902034,1.828872,1.884131,0.089746,29.0,0.525,7.5,-30.9,25.8583,-1.976,9.9812,5.0,28.53945,48.843933,2.353317,354.2297,NaN,1.044,44.954838,211.1,6 / 25,30513,2022-01-10 17:05:03:042
-0.489033,-0.450748,8.721539,-1.698726,0.338135,9.65248,-0.080649,-1.761937,0.902034,1.828872,1.884131,0.089746,29.0,0.525,7.5,-30.9,25.8583,-1.976,9.9812,5.0,28.53945,48.843933,2.353317,354.2297,NaN,1.044,44.954838,211.1,6 / 25,30518,2022-01-10 17:05:03:047
-0.489033,-0.450748,8.721539,-1.698726,0.338135,9.65248,-0.080649,-1.761937,0.902034,1.828872,1.884131,0.089746,29.0,0.525,7.5,-30.9,25.8583,-1.976,9.9812,5.0,28.53945,48.843933,2.353317,354.2297,NaN,1.044,44.954838,211.1,6 / 25,30522,2022-01-10 17:05:03:051
-0.489033,-0.450748,8.721539,-1.698726,0.338135,9.65248,-0.080649,-1.761937,0.902034,1.828872,1.884131,0.089746,29.0,0.525,7.5,-30.9,25.8583,-1.976,9.9812,5.0,28.53945,48.843933,2.353317,354.2297,NaN,1.044,44.954838,211.1,6 / 25,30529,2022-01-10 17:05:03:058
-0.489033,-0.450748,8.721539,-1.698726,0.338135,9.65248,-0.080649,-1.761937,0.902034,1.828872,1.884131,0.089746,29.0,0.525,7.5,-30.9,25.8583,-1.976,9.9812,5.0,28.53945,48.843933,2.353317,354.2297,NaN,1.044,44.954838,211.1,6 / 25,30533,2022-01-10 17:05:03:062
-0.489033,-0.450748,8.721539,-1.698726,0.338135,9.65248,-0.080649,-1.761937,0.902034,1.828872,1.884131,0.089746,29.0,0.525,7.5,-30.9,25.8583,-1.976,9.9812,5.0,28.53945,48.843933,2.353317,354.2297,NaN,1.044,44.954838,211.1,6 / 25,30538,2022-01-10 17:05:03:067
-0.489033,-0.450748,8.721539,-1.698726,0.338135,9.65248,-0.080649,-1.761937,0.902034,1.828872,1.884131,0.089746,29.0,0.525,7.5,-30.9,25.8583,-1.976,9.9812,5.0,28.53945,48.843933,2.353317,354.2297,NaN,1.044,44.954838,211.1,6 / 25,30542,2022-01-10 17:05:03:071
-0.489033,-0.450748,8.721539,-1.698726,0.338135,9.65248,-0.080649,-1.761937,0.902034,1.828872,1.884131,0.089746,29.0,0.525,7.5,-30.9,25.8583,-1.976,9.9812,5.0,28.53945,48.843933,2.353317,354.2297,NaN,1.044,44.954838,211.1,6 / 25,30548,2022-01-10 17:05:03:077
-0.489033,-0.450748,8.721539,-1.698726,0.338135,9.65248,-0.080649,-1.761937,0.902034,1.828872,1.884131,0.089746,29.0,0.525,7.5,-30.9,25.8583,-1.976,9.9812,5.0,28.53945,48.843933,2.353317,354.2297,NaN,1.044,44.954838,211.1,6 / 25,30554,2022-01-10 17:05:03:083
-0.489033,-0.450748,8.721539,-1.698726,0.338135,9.65248,-0.080649,-1.761937,0.902034,1.828872,1.884131,0.089746,29.0,0.525,7.5,-30.9,25.8583,-1.976,9.9812,5.0,28.53945,48.843933,2.353317,354.2297,NaN,1.044,44.954838,211.1,6 / 25,30557,2022-01-10 17:05:03:086
-0.489033,-0.450748,8.721539,-2.766426,2.256071,9.133861,-0.080649,-1.761937,0.902034,1.127549,1.95204,-0.549261,29.0,0.525,7.5,-30.9,25.8583,-1.976,9.9812,5.0,28.53945,48.843933,2.353317,354.2297,NaN,1.044,44.954838,211.1,6 / 25,30563,2022-01-10 17:05:03:092
-0.489033,-0.450748,8.721539,-2.766426,2.256071,9.133861,-0.080649,-1.761937,0.902034,1.127549,1.95204,-0.549261,29.0,0.525,7.5,-30.9,25.8583,-1.976,9.9812,5.0,28.53945,48.843933,2.353317,354.2297,NaN,1.044,44.954838,211.1,6 / 25,30568,2022-01-10 17:05:03:097
-0.489033,-0.450748,8.721539,-2.766426,2.256071,9.133861,-0.080649,-1.761937,0.902034,1.127549,1.95204,-0.549261,29.0,0.525,7.5,-30.9,25.8583,-1.976,9.9812,5.0,28.53945,48.843933,2.353317,354.2297,NaN,1.044,44.954838,211.1,6 / 25,30573,2022-01-10 17:05:03:102
-0.489033,-0.450748,8.721539,-2.766426,2.256071,9.133861,-0.080649,-1.761937,0.902034,1.127549,1.95204,-0.549261,29.0,0.525,7.5,-30.9,25.8583,-1.976,9.9812,5.0,28.53945,48.843933,2.353317,354.2297,NaN,1.044,44.954838,211.1,6 / 25,30579,2022-01-10 17:05:03:108
-0.489033,-0.450748,8.721539,-2.766426,2.256071,9.133861,-0.080649,-1.761937,0.902034,1.127549,1.95204,-0.549261,29.0,0.525,7.5,-30.9,25.8583,-1.976,9.9812,5.0,28.53945,48.843933,2.353317,354.2297,NaN,1.044,44.954838,211.1,6 / 25,30583,2022-01-10 17:05:03:112
-0.489033,-0.450748,8.721539,-2.766426,2.256071,9.133861,-0.080649,-1.761937,0.902034,1.127549,1.95204,-0.549261,29.0,0.525,7.5,-30.9,25.8583,-1.976,9.9812,5.0,28.53945,48.843933,2.353317,354.2297,NaN,1.044,44.954838,211.1,6 / 25,30588,2022-01-10 17:05:03:117
-0.489033,-0.450748,8.721539,-2.766426,2.256071,9.133861,-0.080649,-1.761937,0.902034,1.127549,1.95204,-0.549261,29.0,0.525,7.5,-30.9,25.8583,-1.976,9.9812,5.0,28.53945,48.843933,2.353317,354.2297,NaN,1.044,44.954838,211.1,6 / 25,30593,2022-01-10 17:05:03:122
-6.683752,3.862315,9.010174,-2.766426,2.256071,9.133861,-0.080649,-1.761937,0.902034,1.127549,1.95204,-0.549261,29.0,4.125,-8.625,-33.15,102.0615,-13.3003,16.8503,5.0,28.53945,48.843933,2.353317,354.2297,NaN,1.044,44.954838,211.1,6 / 25,30597,2022-01-10 17:05:03:126
-6.683752,3.862315,9.010174,-2.766426,2.256071,9.133861,-0.080649,-1.761937,0.902034,1.127549,1.95204,-0.549261,29.0,4.125,-8.625,-33.15,102.0615,-13.3003,16.8503,5.0,28.53945,48.843933,2.353317,354.2297,NaN,1.044,44.954838,211.1,6 / 25,30603,2022-01-10 17:05:03:132
-6.683752,3.862315,9.010174,-2.766426,2.256071,9.133861,-0.080649,-1.761937,0.902034,1.127549,1.95204,-0.549261,29.0,4.125,-8.625,-33.15,102.0615,-13.3003,16.8503,5.0,28.53945,48.843933,2.353317,354.2297,NaN,1.044,44.954838,211.1,6 / 25,30608,2022-01-10 17:05:03:137
-6.683752,3.862315,9.010174,-2.766426,2.256071,9.133861,-0.080649,-1.761937,0.902034,1.127549,1.95204,-0.549261,29.0,4.125,-8.625,-33.15,102.0615,-13.3003,16.8503,5.0,28.53945,48.843933,2.353317,354.2297,NaN,1.044,44.954838,211.1,6 / 25,30613,2022-01-10 17:05:03:142
-6.683752,3.862315,9.010174,-2.766426,2.256071,9.133861,-0.080649,-1.761937,0.902034,1.127549,1.95204,-0.549261,29.0,4.125,-8.625,-33.15,102.0615,-13.3003,16.8503,5.0,28.53945,48.843933,2.353317,354.2297,NaN,1.044,44.954838,211.1,6 / 25,30617,2022-01-10 17:05:03:146
-6.683752,3.862315,9.010174,-2.766426,2.256071,9.133861,-0.047755,0.374611,-3.327583,1.127549,1.95204,-0.549261,29.0,4.125,-8.625,-33.15,102.0615,-13.3003,16.8503,5.0,28.53945,48.843933,2.353317,354.2297,NaN,1.044,44.954838,211.1,6 / 25,30623,2022-01-10 17:05:03:152
-6.683752,3.862315,9.010174,-2.766426,2.256071,9.133861,-0.047755,0.374611,-3.327583,1.127549,1.95204,-0.549261,29.0,4.125,-8.625,-33.15,102.0615,-13.3003,16.8503,5.0,28.53945,48.843933,2.353317,354.2297,NaN,1.044,44.954838,211.1,6 / 25,30629,2022-01-10 17:05:03:158
-6.683752,3.862315,9.010174,-2.766426,2.256071,9.133861,-0.047755,0.374611,-3.327583,1.127549,1.95204,-0.549261,29.0,4.125,-8.625,-33.15,102.0615,-13.3003,16.8503,5.0,28.53945,48.843933,2.353317,354.2297,NaN,1.044,44.954838,211.1,6 / 25,30633,2022-01-10 17:05:03:162
-6.683752,3.862315,9.010174,-2.766426,2.256071,9.133861,-0.047755,0.374611,-3.327583,1.127549,1.95204,-0.549261,29.0,4.125,-8.625,-33.15,102.0615,-13.3003,16.8503,5.0,28.53945,48.843933,2.353317,354.2297,NaN,1.044,44.954838,211.1,6 / 25,30638,2022-01-10 17:05:03:167
-6.683752,3.862315,9.010174,-2.766426,2.256071,9.133861,-0.047755,0.374611,-3.327583,1.127549,1.95204,-0.549261,29.0,4.125,-8.625,-33.15,102.0615,-13.3003,16.8503,5.0,28.53945,48.843933,2.353317,354.2297,NaN,1.044,44.954838,211.1,6 / 25,30642,2022-01-10 17:05:03:171
-6.683752,3.862315,9.010174,-2.766426,2.256071,9.133861,-0.047755,0.374611,-3.327583,1.127549,1.95204,-0.549261,29.0,4.125,-8.625,-33.15,102.0615,-13.3003,16.8503,5.0,28.53945,48.843933,2.353317,354.2297,NaN,1.044,44.954838,211.1,6 / 25,30648,2022-01-10 17:05:03:177
-6.683752,3.862315,9.010174,-2.766426,2.256071,9.133861,-0.047755,0.374611,-3.327583,1.127549,1.95204,-0.549261,29.0,4.125,-8.625,-33.15,102.0615,-13.3003,16.8503,5.0,28.53945,48.843933,2.353317,354.2297,NaN,1.044,44.954838,211.1,6 / 25,30652,2022-01-10 17:05:03:181
-6.683752,3.862315,9.010174,-2.766426,2.256071,9.133861,-0.047755,0.374611,-3.327583,1.127549,1.95204,-0.549261,29.0,4.125,-8.625,-33.15,102.0615,-13.3003,16.8503,5.0,28.53945,48.843933,2.353317,354.2297,NaN,1.044,44.954838,211.1,6 / 25,30658,2022-01-10 17:05:03:187
-6.683752,3.862315,9.010174,-2.766426,2.256071,9.133861,-0.047755,0.374611,-3.327583,1.127549,1.95204,-0.549261,29.0,4.125,-8.625,-33.15,102.0615,-13.3003,16.8503,5.0,28.53945,48.843933,2.353317,354.2297,NaN,1.044,44.954838,211.1,6 / 25,30663,2022-01-10 17:05:03:192
-6.683752,3.862315,9.010174,-2.766426,2.256071,9.133861,-0.047755,0.374611,-3.327583,1.127549,1.95204,-0.549261,29.0,4.125,-8.625,-33.15,102.0615,-13.3003,16.8503,5.0,28.53945,48.843933,2.353317,354.2297,NaN,1.044,44.954838,211.1,6 / 25,30668,2022-01-10 17:05:03:197
-6.683752,3.862315,9.010174,-2.766426,2.256071,9.133861,-0.047755,0.374611,-3.327583,1.127549,1.95204,-0.549261,29.0,4.125,-8.625,-33.15,102.0615,-13.3003,16.8503,5.0,28.53945,48.843933,2.353317,354.2297,NaN,1.044,44.954838,211.1,6 / 25,30673,2022-01-10 17:05:03:202
-6.683752,3.862315,9.010174,-2.766426,2.256071,9.133861,-0.047755,0.374611,-3.327583,1.127549,1.95204,-0.549261,29.0,4.125,-8.625,-33.15,102.0615,-13.3003,16.8503,5.0,28.53945,48.843933,2.353317,354.2297,NaN,1.044,44.954838,211.1,6 / 25,30677,2022-01-10 17:05:03:206
-6.683752,3.862315,9.010174,-2.766426,2.256071,9.133861,-0.047755,0.374611,-3.327583,1.127549,1.95204,-0.549261,29.0,4.125,-8.625,-33.15,102.0615,-13.3003,16.8503,5.0,28.53945,48.843933,2.353317,354.2297,NaN,1.044,44.954838,211.1,6 / 25,30682,2022-01-10 17:05:03:211
-2.778067,1.651048,11.338689,-2.727028,1.30142,9.329524,-0.047755,0.374611,-3.327583,1.127549,1.95204,-0.549261,29.0,4.125,-8.625,-33.15,102.0615,-13.3003,16.8503,5.0,28.53945,48.843933,2.353317,354.2297,NaN,1.044,44.954838,211.1,6 / 25,30687,2022-01-10 17:05:03:216
-2.778067,1.651048,11.338689,-2.727028,1.30142,9.329524,-0.047755,0.374611,-3.327583,1.127549,1.95204,-0.549261,29.0,4.125,-8.625,-33.15,102.0615,-13.3003,16.8503,5.0,28.53945,48.843933,2.353317,354.2297,NaN,1.044,44.954838,211.1,6 / 25,30693,2022-01-10 17:05:03:222
-2.778067,1.651048,11.338689,-2.727028,1.30142,9.329524,-0.047755,0.374611,-3.327583,-1.007977,-0.612642,-0.209185,29.0,4.125,-8.625,-33.15,102.0615,-13.3003,16.8503,5.0,28.53945,48.843933,2.353317,354.2297,NaN,1.044,44.954838,211.1,6 / 25,30698,2022-01-10 17:05:03:227
-2.778067,1.651048,11.338689,-2.727028,1.30142,9.329524,-0.047755,0.374611,-3.327583,-1.007977,-0.612642,-0.209185,29.0,4.125,-8.625,-33.15,102.0615,-13.3003,16.8503,5.0,28.53945,48.843933,2.353317,354.2297,NaN,1.044,44.954838,211.1,6 / 25,30702,2022-01-10 17:05:03:231
-2.778067,1.651048,11.338689,-2.727028,1.30142,9.329524,-0.047755,0.374611,-3.327583,-1.007977,-0.612642,-0.209185,101.0,4.125,-8.625,-33.15,102.0615,-13.3003,16.8503,5.0,28.53945,48.843933,2.353317,354.2297,NaN,1.044,44.954838,211.1,6 / 25,30709,2022-01-10 17:05:03:238
-2.778067,1.651048,11.338689,-2.727028,1.30142,9.329524,-0.047755,0.374611,-3.327583,-1.007977,-0.612642,-0.209185,101.0,4.125,-8.625,-33.15,102.0615,-13.3003,16.8503,5.0,28.53945,48.843933,2.353317,354.2297,NaN,1.044,44.954838,211.1,6 / 25,30713,2022-01-10 17:05:03:242
-2.778067,1.651048,11.338689,-2.727028,1.30142,9.329524,-0.047755,0.374611,-3.327583,-1.007977,-0.612642,-0.209185,101.0,4.125,-8.625,-33.15,102.0615,-13.3003,16.8503,5.0,28.53945,48.843933,2.353317,354.2297,NaN,1.044,44.954838,211.1,6 / 25,30719,2022-01-10 17:05:03:248
-2.778067,1.651048,11.338689,-2.727028,1.30142,9.329524,-0.047755,0.374611,-3.327583,-1.007977,-0.612642,-0.209185,101.0,4.125,-8.625,-33.15,102.0615,-13.3003,16.8503,5.0,28.53945,48.843933,2.353317,354.2297,NaN,1.044,44.954838,211.1,6 / 25,30723,2022-01-10 17:05:03:252
-2.778067,1.651048,11.338689,-2.727028,1.30142,9.329524,-0.047755,0.374611,-3.327583,-1.007977,-0.612642,-0.209185,101.0,4.125,-8.625,-33.15,102.0615,-13.3003,16.8503,5.0,28.53945,48.843933,2.353317,354.2297,NaN,1.044,44.954838,211.1,6 / 25,30729,2022-01-10 17:05:03:258
-2.778067,1.651048,11.338689,-2.727028,1.30142,9.329524,-0.047755,0.374611,-3.327583,-1.007977,-0.612642,-0.209185,101.0,4.125,-8.625,-33.15,102.0615,-13.3003,16.8503,5.0,28.53945,48.843933,2.353317,354.2297,NaN,1.044,44.954838,211.1,6 / 25,30732,2022-01-10 17:05:03:261
-2.778067,1.651048,11.338689,-2.727028,1.30142,9.329524,-0.047755,0.374611,-3.327583,-1.007977,-0.612642,-0.209185,101.0,8.85,-20.025,-30.675,179.783,-7.6261,16.2937,5.0,28.53945,48.843933,2.353317,354.2297,NaN,1.044,44.954838,211.1,6 / 25,30738,2022-01-10 17:05:03:267
-2.778067,1.651048,11.338689,-2.727028,1.30142,9.329524,-0.047755,0.374611,-3.327583,-1.007977,-0.612642,-0.209185,101.0,8.85,-20.025,-30.675,179.783,-7.6261,16.2937,5.0,28.53945,48.843933,2.353317,354.2297,NaN,1.044,44.954838,211.1,6 / 25,30743,2022-01-10 17:05:03:272
-2.778067,1.651048,11.338689,-2.727028,1.30142,9.329524,-0.047755,0.374611,-3.327583,-1.007977,-0.612642,-0.209185,101.0,8.85,-20.025,-30.675,179.783,-7.6261,16.2937,5.0,28.53945,48.843933,2.353317,354.2297,NaN,1.044,44.954838,211.1,6 / 25,30748,2022-01-10 17:05:03:277
-2.778067,1.651048,11.338689,-2.727028,1.30142,9.329524,-0.047755,0.374611,-3.327583,-1.007977,-0.612642,-0.209185,101.0,8.85,-20.025,-30.675,179.783,-7.6261,16.2937,5.0,28.53945,48.843933,2.353317,354.2297,NaN,1.044,44.954838,211.1,6 / 25,30753,2022-01-10 17:05:03:282
-2.778067,1.651048,11.338689,-2.727028,1.30142,9.329524,-0.419255,0.970919,2.05481,-1.007977,-0.612642,-0.209185,101.0,8.85,-20.025,-30.675,179.783,-7.6261,16.2937,5.0,28.53945,48.843933,2.353317,354.2297,NaN,1.044,44.954838,211.1,6 / 25,30758,2022-01-10 17:05:03:287
-2.778067,1.651048,11.338689,-2.727028,1.30142,9.329524,-0.419255,0.970919,2.05481,-1.007977,-0.612642,-0.209185,101.0,8.85,-20.025,-30.675,179.783,-7.6261,16.2937,5.0,28.53945,48.843933,2.353317,354.2297,NaN,1.044,44.954838,211.1,6 / 25,30763,2022-01-10 17:05:03:292
-2.778067,1.651048,11.338689,-2.727028,1.30142,9.329524,-0.419255,0.970919,2.05481,-1.007977,-0.612642,-0.209185,101.0,8.85,-20.025,-30.675,179.783,-7.6261,16.2937,5.0,28.53945,48.843933,2.353317,354.2297,NaN,1.044,44.954838,211.1,6 / 25,30767,2022-01-10 17:05:03:296
-2.778067,1.651048,11.338689,-2.727028,1.30142,9.329524,-0.419255,0.970919,2.05481,-1.007977,-0.612642,-0.209185,101.0,8.85,-20.025,-30.675,179.783,-7.6261,16.2937,5.0,28.53945,48.843933,2.353317,354.2297,NaN,1.044,44.954838,211.1,6 / 25,30774,2022-01-10 17:05:03:303
-2.778067,1.651048,11.338689,-2.727028,1.30142,9.329524,-0.419255,0.970919,2.05481,-1.007977,-0.612642,-0.209185,101.0,8.85,-20.025,-30.675,179.783,-7.6261,16.2937,5.0,28.53945,48.843933,2.353317,354.2297,NaN,1.044,44.954838,211.1,6 / 25,30779,2022-01-10 17:05:03:308
-2.778067,1.651048,11.338689,-2.727028,1.30142,9.329524,-0.419255,0.970919,2.05481,-1.007977,-0.612642,-0.209185,101.0,8.85,-20.025,-30.675,179.783,-7.6261,16.2937,5.0,28.53945,48.843933,2.353317,354.2297,NaN,1.044,44.954838,211.1,6 / 25,30783,2022-01-10 17:05:03:312
-2.778067,1.651048,11.338689,-2.727028,1.30142,9.329524,-0.419255,0.970919,2.05481,-1.007977,-0.612642,-0.209185,101.0,8.85,-20.025,-30.675,179.783,-7.6261,16.2937,5.0,28.53945,48.843933,2.353317,354.2297,NaN,1.044,44.954838,211.1,6 / 25,30789,2022-01-10 17:05:03:318
-4.822435,3.211766,15.86232,-2.727028,1.30142,9.329524,-0.419255,0.970919,2.05481,-1.007977,-0.612642,-0.209185,101.0,8.85,-20.025,-30.675,179.783,-7.6261,16.2937,5.0,28.53945,48.843933,2.353317,354.2297,NaN,1.044,44.954838,211.1,6 / 25,30793,2022-01-10 17:05:03:322
-4.822435,3.211766,15.86232,-2.727028,1.30142,9.329524,-0.419255,0.970919,2.05481,-1.007977,-0.612642,-0.209185,101.0,8.85,-20.025,-30.675,179.783,-7.6261,16.2937,5.0,28.53945,48.843933,2.353317,354.2297,NaN,1.044,44.954838,211.1,6 / 25,30801,2022-01-10 17:05:03:330
-4.822435,3.211766,15.86232,-2.727028,1.30142,9.329524,-0.419255,0.970919,2.05481,-1.007977,-0.612642,-0.209185,101.0,8.85,-20.025,-30.675,179.783,-7.6261,16.2937,5.0,28.53945,48.843933,2.353317,354.2297,NaN,1.044,44.954838,211.1,6 / 25,30803,2022-01-10 17:05:03:332
-4.822435,3.211766,15.86232,-2.318792,1.272301,9.443243,-0.419255,0.970919,2.05481,-1.007977,-0.612642,-0.209185,101.0,8.85,-20.025,-30.675,179.783,-7.6261,16.2937,5.0,28.53945,48.843933,2.353317,354.2297,NaN,1.044,44.954838,211.1,6 / 25,30808,2022-01-10 17:05:03:337
-4.822435,3.211766,15.86232,-2.318792,1.272301,9.443243,-0.419255,0.970919,2.05481,-1.007977,-0.612642,-0.209185,101.0,8.85,-20.025,-30.675,179.783,-7.6261,16.2937,5.0,28.53945,48.843933,2.353317,354.2297,NaN,1.044,44.954838,211.1,6 / 25,30813,2022-01-10 17:05:03:342
-4.822435,3.211766,15.86232,-2.318792,1.272301,9.443243,-0.419255,0.970919,2.05481,-1.007977,-0.612642,-0.209185,101.0,8.85,-20.025,-30.675,179.783,-7.6261,16.2937,5.0,28.53945,48.843933,2.353317,354.2297,NaN,1.044,44.954838,211.1,6 / 25,30817,2022-01-10 17:05:03:346
-4.822435,3.211766,15.86232,-2.318792,1.272301,9.443243,-0.419255,0.970919,2.05481,-1.007977,-0.612642,-0.209185,101.0,8.85,-20.025,-30.675,179.783,-7.6261,16.2937,5.0,28.53945,48.843933,2.353317,354.2297,NaN,1.044,44.954838,211.1,6 / 25,30823,2022-01-10 17:05:03:352
-4.822435,3.211766,15.86232,-2.318792,1.272301,9.443243,-0.419255,0.970919,2.05481,0.643001,-1.148721,0.311048,101.0,8.85,-20.025,-30.675,179.783,-7.6261,16.2937,5.0,28.53945,48.843933,2.353317,354.2297,NaN,1.044,44.954838,211.1,6 / 25,30829,2022-01-10 17:05:03:358
-4.822435,3.211766,15.86232,-2.318792,1.272301,9.443243,-0.419255,0.970919,2.05481,0.643001,-1.148721,0.311048,101.0,8.85,-20.025,-30.675,179.783,-7.6261,16.2937,5.0,28.53945,48.843933,2.353317,354.2297,NaN,1.044,44.954838,211.1,6 / 25,30833,2022-01-10 17:05:03:362
-4.822435,3.211766,15.86232,-2.318792,1.272301,9.443243,-0.419255,0.970919,2.05481,0.643001,-1.148721,0.311048,101.0,8.85,-20.025,-30.675,179.783,-7.6261,16.2937,5.0,28.53945,48.843933,2.353317,354.2297,NaN,1.044,44.954838,211.1,6 / 25,30838,2022-01-10 17:05:03:367
-4.822435,3.211766,15.86232,-2.318792,1.272301,9.443243,-0.419255,0.970919,2.05481,0.643001,-1.148721,0.311048,101.0,8.85,-20.025,-30.675,179.783,-7.6261,16.2937,5.0,28.53945,48.843933,2.353317,354.2297,NaN,1.044,44.954838,211.1,6 / 25,30842,2022-01-10 17:05:03:371
-4.822435,3.211766,15.86232,-2.318792,1.272301,9.443243,-0.419255,0.970919,2.05481,0.643001,-1.148721,0.311048,101.0,8.85,-20.025,-30.675,179.783,-7.6261,16.2937,5.0,30.12506,48.843933,2.353317,354.2297,NaN,1.044,44.954838,211.1,6 / 25,30848,2022-01-10 17:05:03:377
-4.822435,3.211766,15.86232,-2.318792,1.272301,9.443243,-0.419255,0.970919,2.05481,0.643001,-1.148721,0.311048,101.0,8.85,-20.025,-30.675,179.783,-7.6261,16.2937,5.0,30.12506,48.843933,2.353317,354.2297,NaN,1.044,44.954838,211.1,6 / 25,30853,2022-01-10 17:05:03:382
-4.822435,3.211766,15.86232,-2.318792,1.272301,9.443243,-0.419255,0.970919,2.05481,0.643001,-1.148721,0.311048,101.0,13.05,-24.6,-28.05,195.9157,-7.4545,13.796,5.0,30.12506,48.843933,2.353317,354.2297,NaN,1.044,44.954838,211.1,6 / 25,30858,2022-01-10 17:05:03:387
-4.822435,3.211766,15.86232,-2.318792,1.272301,9.443243,-0.419255,0.970919,2.05481,0.643001,-1.148721,0.311048,101.0,13.05,-24.6,-28.05,195.9157,-7.4545,13.796,5.0,30.12506,48.843933,2.353317,354.2297,NaN,1.044,44.954838,211.1,6 / 25,30863,2022-01-10 17:05:03:392
-4.822435,3.211766,15.86232,-2.318792,1.272301,9.443243,-2.609216,1.668328,7.852493,0.643001,-1.148721,0.311048,101.0,13.05,-24.6,-28.05,195.9157,-7.4545,13.796,5.0,30.12506,48.843933,2.353317,354.2297,NaN,1.044,44.954838,211.1,6 / 25,30868,2022-01-10 17:05:03:397
-4.822435,3.211766,15.86232,-2.318792,1.272301,9.443243,-2.609216,1.668328,7.852493,0.643001,-1.148721,0.311048,101.0,13.05,-24.6,-28.05,195.9157,-7.4545,13.796,5.0,30.12506,48.843933,2.353317,354.2297,NaN,1.044,44.954838,211.1,6 / 25,30873,2022-01-10 17:05:03:402
-4.822435,3.211766,15.86232,-2.318792,1.272301,9.443243,-2.609216,1.668328,7.852493,0.643001,-1.148721,0.311048,101.0,13.05,-24.6,-28.05,195.9157,-7.4545,13.796,5.0,30.12506,48.843933,2.353317,354.2297,NaN,1.044,44.954838,211.1,6 / 25,30878,2022-01-10 17:05:03:407
-4.822435,3.211766,15.86232,-2.318792,1.272301,9.443243,-2.609216,1.668328,7.852493,0.643001,-1.148721,0.311048,101.0,13.05,-24.6,-28.05,195.9157,-7.4545,13.796,5.0,30.12506,48.843933,2.353317,354.2297,NaN,1.044,44.954838,211.1,6 / 25,30883,2022-01-10 17:05:03:412
-4.822435,3.211766,15.86232,-2.318792,1.272301,9.443243,-2.609216,1.668328,7.852493,0.643001,-1.148721,0.311048,42.0,13.05,-24.6,-28.05,195.9157,-7.4545,13.796,5.0,30.12506,48.843933,2.353317,354.2297,NaN,1.044,44.954838,211.1,6 / 25,30887,2022-01-10 17:05:03:416
-4.822435,3.211766,15.86232,-2.318792,1.272301,9.443243,-2.609216,1.668328,7.852493,0.643001,-1.148721,0.311048,42.0,13.05,-24.6,-28.05,195.9157,-7.4545,13.796,5.0,30.12506,48.843933,2.353317,354.2297,NaN,1.044,44.954838,211.1,6 / 25,30894,2022-01-10 17:05:03:423
1.354338,1.157827,24.35684,-2.318792,1.272301,9.443243,-2.609216,1.668328,7.852493,0.643001,-1.148721,0.311048,42.0,13.05,-24.6,-28.05,195.9157,-7.4545,13.796,5.0,30.12506,48.843933,2.353317,354.2297,NaN,1.044,44.954838,211.1,6 / 25,30897,2022-01-10 17:05:03:426
1.354338,1.157827,24.35684,-2.318792,1.272301,9.443243,-2.609216,1.668328,7.852493,0.643001,-1.148721,0.311048,42.0,13.05,-24.6,-28.05,195.9157,-7.4545,13.796,5.0,30.12506,48.843933,2.353317,354.2297,NaN,1.044,44.954838,211.1,6 / 25,30903,2022-01-10 17:05:03:432
1.354338,1.157827,24.35684,-2.318792,1.272301,9.443243,-2.609216,1.668328,7.852493,0.643001,-1.148721,0.311048,42.0,13.05,-24.6,-28.05,195.9157,-7.4545,13.796,5.0,30.12506,48.843933,2.353317,354.2297,NaN,1.044,44.954838,211.1,6 / 25,30907,2022-01-10 17:05:03:436
1.354338,1.157827,24.35684,-2.318792,1.272301,9.443243,-2.609216,1.668328,7.852493,0.643001,-1.148721,0.311048,42.0,13.05,-24.6,-28.05,195.9157,-7.4545,13.796,5.0,30.12506,48.843933,2.353317,354.2297,NaN,1.044,44.954838,211.1,6 / 25,30912,2022-01-10 17:05:03:441
1.354338,1.157827,24.35684,-2.318792,1.272301,9.443243,-2.609216,1.668328,7.852493,0.643001,-1.148721,0.311048,42.0,13.05,-24.6,-28.05,195.9157,-7.4545,13.796,5.0,30.12506,48.843933,2.353317,354.2297,NaN,1.044,44.954838,211.1,6 / 25,30918,2022-01-10 17:05:03:447
1.354338,1.157827,24.35684,-2.318792,1.272301,9.443243,-2.609216,1.668328,7.852493,0.643001,-1.148721,0.311048,42.0,13.05,-24.6,-28.05,195.9157,-7.4545,13.796,5.0,30.12506,48.843933,2.353317,354.2297,NaN,1.044,44.954838,211.1,6 / 25,30922,2022-01-10 17:05:03:451
1.354338,1.157827,24.35684,-2.318792,1.272301,9.443243,-2.609216,1.668328,7.852493,0.643001,-1.148721,0.311048,42.0,13.05,-24.6,-28.05,195.9157,-7.4545,13.796,5.0,30.12506,48.843933,2.353317,354.2297,NaN,1.044,44.954838,211.1,6 / 25,30928,2022-01-10 17:05:03:457
1.354338,1.157827,24.35684,-2.318792,1.272301,9.443243,-2.609216,1.668328,7.852493,0.643001,-1.148721,0.311048,42.0,13.05,-24.6,-28.05,195.9157,-7.4545,13.796,5.0,30.12506,48.843933,2.353317,354.2297,NaN,1.044,44.954838,211.1,6 / 25,30933,2022-01-10 17:05:03:462
1.354338,1.157827,24.35684,-2.318792,1.272301,9.443243,-2.609216,1.668328,7.852493,0.643001,-1.148721,0.311048,42.0,13.05,-24.6,-28.05,195.9157,-7.4545,13.796,5.0,30.12506,48.843933,2.353317,354.2297,NaN,1.044,44.954838,211.1,6 / 25,30938,2022-01-10 17:05:03:467
1.354338,1.157827,24.35684,4.960997,1.981732,8.223846,-2.609216,1.668328,7.852493,0.643001,-1.148721,0.311048,42.0,13.05,-24.6,-28.05,195.9157,-7.4545,13.796,5.0,30.12506,48.843933,2.353317,354.2297,NaN,1.044,44.954838,211.1,6 / 25,30944,2022-01-10 17:05:03:473
1.354338,1.157827,24.35684,4.960997,1.981732,8.223846,-2.609216,1.668328,7.852493,0.643001,-1.148721,0.311048,42.0,13.05,-24.6,-28.05,195.9157,-7.4545,13.796,5.0,30.12506,48.843933,2.353317,354.2297,NaN,1.044,44.954838,211.1,6 / 25,30947,2022-01-10 17:05:03:476
1.354338,1.157827,24.35684,4.960997,1.981732,8.223846,-2.609216,1.668328,7.852493,0.643001,-1.148721,0.311048,42.0,13.05,-24.6,-28.05,195.9157,-7.4545,13.796,5.0,30.12506,48.843933,2.353317,354.2297,NaN,1.044,44.954838,211.1,6 / 25,30953,2022-01-10 17:05:03:482
1.354338,1.157827,24.35684,4.960997,1.981732,8.223846,-2.609216,1.668328,7.852493,0.325029,-26.946001,-0.540339,42.0,13.05,-24.6,-28.05,195.9157,-7.4545,13.796,5.0,30.12506,48.843933,2.353317,354.2297,NaN,1.044,44.954838,211.1,6 / 25,30958,2022-01-10 17:05:03:487
1.354338,1.157827,24.35684,4.960997,1.981732,8.223846,-2.609216,1.668328,7.852493,0.325029,-26.946001,-0.540339,42.0,13.05,-24.6,-28.05,195.9157,-7.4545,13.796,5.0,30.12506,48.843933,2.353317,354.2297,NaN,1.044,44.954838,211.1,6 / 25,30963,2022-01-10 17:05:03:492
1.354338,1.157827,24.35684,4.960997,1.981732,8.223846,-2.609216,1.668328,7.852493,0.325029,-26.946001,-0.540339,42.0,13.05,-24.6,-28.05,195.9157,-7.4545,13.796,5.0,30.12506,48.843933,2.353317,354.2297,NaN,1.044,44.954838,211.1,6 / 25,30968,2022-01-10 17:05:03:497
1.354338,1.157827,24.35684,4.960997,1.981732,8.223846,-2.609216,1.668328,7.852493,0.325029,-26.946001,-0.540339,42.0,13.05,-24.6,-28.05,195.9157,-7.4545,13.796,5.0,30.12506,48.843933,2.353317,354.2297,NaN,1.044,44.954838,211.1,6 / 25,30973,2022-01-10 17:05:03:502
1.354338,1.157827,24.35684,4.960997,1.981732,8.223846,-2.609216,1.668328,7.852493,0.325029,-26.946001,-0.540339,42.0,13.05,-24.6,-28.05,195.9157,-7.4545,13.796,5.0,30.12506,48.843933,2.353317,354.2297,NaN,1.044,44.954838,211.1,6 / 25,30978,2022-01-10 17:05:03:507
1.354338,1.157827,24.35684,4.960997,1.981732,8.223846,-2.609216,1.668328,7.852493,0.325029,-26.946001,-0.540339,42.0,13.05,-24.6,-28.05,195.9157,-7.4545,13.796,5.0,30.12506,48.843933,2.353317,354.2297,NaN,1.044,44.954838,211.1,6 / 25,30984,2022-01-10 17:05:03:513
1.354338,1.157827,24.35684,4.960997,1.981732,8.223846,-2.609216,1.668328,7.852493,0.325029,-26.946001,-0.540339,42.0,13.05,-24.6,-28.05,195.9157,-7.4545,13.796,5.0,30.12506,48.843933,2.353317,354.2297,NaN,1.044,44.954838,211.1,6 / 25,30989,2022-01-10 17:05:03:518
6.529714,-0.199202,-0.449552,4.960997,1.981732,8.223846,-2.609216,1.668328,7.852493,0.325029,-26.946001,-0.540339,42.0,13.05,-24.6,-28.05,195.9157,-7.4545,13.796,5.0,30.12506,48.843933,2.353317,354.2297,NaN,1.044,44.954838,211.1,6 / 25,30992,2022-01-10 17:05:03:521
6.529714,-0.199202,-0.449552,4.960997,1.981732,8.223846,-2.609216,1.668328,7.852493,0.325029,-26.946001,-0.540339,42.0,8.25,-26.475,-23.25,220.0041,-11.6586,-31.1003,5.0,30.12506,48.843933,2.353317,354.2297,NaN,1.044,44.954838,211.1,6 / 25,30998,2022-01-10 17:05:03:527
6.529714,-0.199202,-0.449552,4.960997,1.981732,8.223846,1.432655,-2.953716,17.03625,0.325029,-26.946001,-0.540339,42.0,8.25,-26.475,-23.25,220.0041,-11.6586,-31.1003,5.0,30.12506,48.843933,2.353317,354.2297,NaN,1.044,44.954838,211.1,6 / 25,31004,2022-01-10 17:05:03:533
6.529714,-0.199202,-0.449552,4.960997,1.981732,8.223846,1.432655,-2.953716,17.03625,0.325029,-26.946001,-0.540339,42.0,8.25,-26.475,-23.25,220.0041,-11.6586,-31.1003,5.0,30.12506,48.843933,2.353317,354.2297,NaN,1.044,44.954838,211.1,6 / 25,31009,2022-01-10 17:05:03:538
6.529714,-0.199202,-0.449552,4.960997,1.981732,8.223846,1.432655,-2.953716,17.03625,0.325029,-26.946001,-0.540339,42.0,8.25,-26.475,-23.25,220.0041,-11.6586,-31.1003,5.0,30.12506,48.843933,2.353317,354.2297,NaN,1.044,44.954838,211.1,6 / 25,31012,2022-01-10 17:05:03:541
6.529714,-0.199202,-0.449552,4.960997,1.981732,8.223846,1.432655,-2.953716,17.03625,0.325029,-26.946001,-0.540339,42.0,8.25,-26.475,-23.25,220.0041,-11.6586,-31.1003,5.0,30.12506,48.843933,2.353317,354.2297,NaN,1.044,44.954838,211.1,6 / 25,31019,2022-01-10 17:05:03:548
6.529714,-0.199202,-0.449552,4.960997,1.981732,8.223846,1.432655,-2.953716,17.03625,0.325029,-26.946001,-0.540339,42.0,8.25,-26.475,-23.25,220.0041,-11.6586,-31.1003,5.0,30.12506,48.843933,2.353317,354.2297,NaN,1.044,44.954838,211.1,6 / 25,31023,2022-01-10 17:05:03:552
6.529714,-0.199202,-0.449552,4.960997,1.981732,8.223846,1.432655,-2.953716,17.03625,0.325029,-26.946001,-0.540339,42.0,8.25,-26.475,-23.25,220.0041,-11.6586,-31.1003,5.0,30.12506,48.843933,2.353317,354.2297,NaN,1.044,44.954838,211.1,6 / 25,31028,2022-01-10 17:05:03:557
6.529714,-0.199202,-0.449552,4.960997,1.981732,8.223846,1.432655,-2.953716,17.03625,0.325029,-26.946001,-0.540339,42.0,8.25,-26.475,-23.25,220.0041,-11.6586,-31.1003,5.0,30.12506,48.843933,2.353317,354.2297,NaN,1.044,44.954838,211.1,6 / 25,31032,2022-01-10 17:05:03:561
6.529714,-0.199202,-0.449552,4.960997,1.981732,8.223846,1.432655,-2.953716,17.03625,0.325029,-26.946001,-0.540339,42.0,8.25,-26.475,-23.25,220.0041,-11.6586,-31.1003,5.0,30.12506,48.843933,2.353317,354.2297,NaN,1.044,44.954838,211.1,6 / 25,31038,2022-01-10 17:05:03:567
6.529714,-0.199202,-0.449552,4.960997,1.981732,8.223846,1.432655,-2.953716,17.03625,0.325029,-26.946001,-0.540339,42.0,8.25,-26.475,-23.25,220.0041,-11.6586,-31.1003,5.0,30.12506,48.843933,2.353317,354.2297,NaN,1.044,44.954838,211.1,6 / 25,31043,2022-01-10 17:05:03:572
6.529714,-0.199202,-0.449552,4.960997,1.981732,8.223846,1.432655,-2.953716,17.03625,0.325029,-26.946001,-0.540339,42.0,8.25,-26.475,-23.25,220.0041,-11.6586,-31.1003,5.0,30.12506,48.843933,2.353317,354.2297,NaN,1.044,44.954838,211.1,6 / 25,31048,2022-01-10 17:05:03:577
6.529714,-0.199202,-0.449552,4.960997,1.981732,8.223846,1.432655,-2.953716,17.03625,0.325029,-26.946001,-0.540339,42.0,8.25,-26.475,-23.25,220.0041,-11.6586,-31.1003,5.0,30.12506,48.843933,2.353317,354.2297,NaN,1.044,44.954838,211.1,6 / 25,31053,2022-01-10 17:05:03:582
6.529714,-0.199202,-0.449552,4.960997,1.981732,8.223846,1.432655,-2.953716,17.03625,0.325029,-26.946001,-0.540339,42.0,8.25,-26.475,-23.25,220.0041,-11.6586,-31.1003,5.0,30.12506,48.843933,2.353317,354.2297,NaN,1.044,44.954838,211.1,6 / 25,31058,2022-01-10 17:05:03:587
6.529714,-0.199202,-0.449552,4.960997,1.981732,8.223846,1.432655,-2.953716,17.03625,0.325029,-26.946001,-0.540339,42.0,8.25,-26.475,-23.25,220.0041,-11.6586,-31.1003,5.0,30.12506,48.843933,2.353317,354.2297,NaN,1.044,44.954838,211.1,6 / 25,31063,2022-01-10 17:05:03:592
6.529714,-0.199202,-0.449552,-6.58808,3.782376,-6.201712,1.432655,-2.953716,17.03625,0.325029,-26.946001,-0.540339,42.0,8.25,-26.475,-23.25,220.0041,-11.6586,-31.1003,5.0,30.12506,48.843933,2.353317,354.2297,NaN,1.044,44.954838,211.1,6 / 25,31067,2022-01-10 17:05:03:596
6.529714,-0.199202,-0.449552,-6.58808,3.782376,-6.201712,1.432655,-2.953716,17.03625,0.325029,-26.946001,-0.540339,42.0,8.25,-26.475,-23.25,220.0041,-11.6586,-31.1003,5.0,30.12506,48.843933,2.353317,354.2297,NaN,1.044,44.954838,211.1,6 / 25,31072,2022-01-10 17:05:03:601
6.529714,-0.199202,-0.449552,-6.58808,3.782376,-6.201712,1.432655,-2.953716,17.03625,0.325029,-26.946001,-0.540339,42.0,8.25,-26.475,-23.25,220.0041,-11.6586,-31.1003,5.0,30.12506,48.843933,2.353317,354.2297,NaN,1.044,44.954838,211.1,6 / 25,31079,2022-01-10 17:05:03:608
6.529714,-0.199202,-0.449552,-6.58808,3.782376,-6.201712,1.432655,-2.953716,17.03625,0.325029,-26.946001,-0.540339,42.0,8.25,-26.475,-23.25,220.0041,-11.6586,-31.1003,5.0,30.12506,48.843933,2.353317,354.2297,NaN,1.044,44.954838,211.1,6 / 25,31083,2022-01-10 17:05:03:612
6.529714,-0.199202,-0.449552,-6.58808,3.782376,-6.201712,1.432655,-2.953716,17.03625,0.325029,-26.946001,-0.540339,42.0,8.25,-26.475,-23.25,220.0041,-11.6586,-31.1003,5.0,30.12506,48.843933,2.353317,354.2297,NaN,1.044,44.954838,211.1,6 / 25,31088,2022-01-10 17:05:03:617
6.529714,-0.199202,-0.449552,-6.58808,3.782376,-6.201712,1.432655,-2.953716,17.03625,0.325029,-26.946001,-0.540339,42.0,8.25,-26.475,-23.25,220.0041,-11.6586,-31.1003,5.0,30.12506,48.843933,2.353317,354.2297,NaN,1.044,44.954838,211.1,6 / 25,31093,2022-01-10 17:05:03:622
6.529714,-0.199202,-0.449552,-6.58808,3.782376,-6.201712,1.432655,-2.953716,17.03625,0.325029,-26.946001,-0.540339,42.0,8.25,-26.475,-23.25,220.0041,-11.6586,-31.1003,5.0,30.12506,48.843933,2.353317,354.2297,NaN,1.044,44.954838,211.1,6 / 25,31097,2022-01-10 17:05:03:626
6.658927,-0.438784,-0.534497,-6.58808,3.782376,-6.201712,1.432655,-2.953716,17.03625,0.325029,-26.946001,-0.540339,42.0,8.25,-26.475,-23.25,220.0041,-11.6586,-31.1003,5.0,30.12506,48.843933,2.353317,354.2297,NaN,1.044,44.954838,211.1,6 / 25,31103,2022-01-10 17:05:03:632
6.658927,-0.438784,-0.534497,-6.58808,3.782376,-6.201712,1.432655,-2.953716,17.03625,-1.136604,-28.434664,0.617169,95.0,8.25,-26.475,-23.25,220.0041,-11.6586,-31.1003,5.0,30.12506,48.843933,2.353317,354.2297,NaN,1.044,44.954838,211.1,6 / 25,31107,2022-01-10 17:05:03:636
6.658927,-0.438784,-0.534497,-6.58808,3.782376,-6.201712,9.735813,-3.438691,-5.262059,-1.136604,-28.434664,0.617169,95.0,8.25,-26.475,-23.25,220.0041,-11.6586,-31.1003,5.0,30.12506,48.843933,2.353317,354.2297,NaN,1.044,44.954838,211.1,6 / 25,31112,2022-01-10 17:05:03:641
6.658927,-0.438784,-0.534497,-6.58808,3.782376,-6.201712,9.735813,-3.438691,-5.262059,-1.136604,-28.434664,0.617169,95.0,8.25,-26.475,-23.25,220.0041,-11.6586,-31.1003,5.0,30.12506,48.843933,2.353317,354.2297,NaN,1.044,44.954838,211.1,6 / 25,31118,2022-01-10 17:05:03:647
6.658927,-0.438784,-0.534497,-6.58808,3.782376,-6.201712,9.735813,-3.438691,-5.262059,-1.136604,-28.434664,0.617169,95.0,8.25,-26.475,-23.25,220.0041,-11.6586,-31.1003,5.0,30.12506,48.843933,2.353317,354.2297,NaN,1.044,44.954838,211.1,6 / 25,31122,2022-01-10 17:05:03:651
6.658927,-0.438784,-0.534497,-6.58808,3.782376,-6.201712,9.735813,-3.438691,-5.262059,-1.136604,-28.434664,0.617169,95.0,8.25,-26.475,-23.25,220.0041,-11.6586,-31.1003,5.0,30.12506,48.843933,2.353317,354.2297,NaN,1.044,44.954838,211.1,6 / 25,31128,2022-01-10 17:05:03:657
6.658927,-0.438784,-0.534497,-6.58808,3.782376,-6.201712,9.735813,-3.438691,-5.262059,-1.136604,-28.434664,0.617169,95.0,8.25,-26.475,-23.25,220.0041,-11.6586,-31.1003,5.0,30.12506,48.843933,2.353317,354.2297,NaN,1.044,44.954838,211.1,6 / 25,31133,2022-01-10 17:05:03:662
6.658927,-0.438784,-0.534497,-6.58808,3.782376,-6.201712,9.735813,-3.438691,-5.262059,-1.136604,-28.434664,0.617169,95.0,7.8,-27.15,-16.05,147.4997,-22.6869,133.2697,5.0,30.12506,48.843933,2.353317,354.2297,NaN,1.044,44.954838,211.1,6 / 25,31138,2022-01-10 17:05:03:667
6.658927,-0.438784,-0.534497,-6.58808,3.782376,-6.201712,9.735813,-3.438691,-5.262059,-1.136604,-28.434664,0.617169,95.0,7.8,-27.15,-16.05,147.4997,-22.6869,133.2697,5.0,30.12506,48.843933,2.353317,354.2297,NaN,1.044,44.954838,211.1,6 / 25,31142,2022-01-10 17:05:03:671
6.658927,-0.438784,-0.534497,-6.58808,3.782376,-6.201712,9.735813,-3.438691,-5.262059,-1.136604,-28.434664,0.617169,95.0,7.8,-27.15,-16.05,147.4997,-22.6869,133.2697,5.0,30.12506,48.843933,2.353317,354.2297,NaN,1.044,44.954838,211.1,6 / 25,31148,2022-01-10 17:05:03:677
6.658927,-0.438784,-0.534497,-6.58808,3.782376,-6.201712,9.735813,-3.438691,-5.262059,-1.136604,-28.434664,0.617169,95.0,7.8,-27.15,-16.05,147.4997,-22.6869,133.2697,5.0,30.12506,48.843933,2.353317,354.2297,NaN,1.044,44.954838,211.1,6 / 25,31152,2022-01-10 17:05:03:681
6.658927,-0.438784,-0.534497,-6.58808,3.782376,-6.201712,9.735813,-3.438691,-5.262059,-1.136604,-28.434664,0.617169,95.0,7.8,-27.15,-16.05,147.4997,-22.6869,133.2697,5.0,30.12506,48.843933,2.353317,354.2297,NaN,1.044,44.954838,211.1,6 / 25,31158,2022-01-10 17:05:03:687
6.658927,-0.438784,-0.534497,-6.58808,3.782376,-6.201712,9.735813,-3.438691,-5.262059,-1.136604,-28.434664,0.617169,95.0,7.8,-27.15,-16.05,147.4997,-22.6869,133.2697,5.0,30.12506,48.843933,2.353317,354.2297,NaN,1.044,44.954838,211.1,6 / 25,31163,2022-01-10 17:05:03:692
6.658927,-0.438784,-0.534497,-6.58808,3.782376,-6.201712,9.735813,-3.438691,-5.262059,-1.136604,-28.434664,0.617169,95.0,7.8,-27.15,-16.05,147.4997,-22.6869,133.2697,5.0,53.03992,48.843933,2.353317,354.2297,NaN,1.044,44.954838,211.1,6 / 25,31168,2022-01-10 17:05:03:697
6.658927,-0.438784,-0.534497,-6.58808,3.782376,-6.201712,9.735813,-3.438691,-5.262059,-1.136604,-28.434664,0.617169,95.0,7.8,-27.15,-16.05,147.4997,-22.6869,133.2697,5.0,53.03992,48.843933,2.353317,354.2297,NaN,1.044,44.954838,211.1,6 / 25,31172,2022-01-10 17:05:03:701
6.658927,-0.438784,-0.534497,-6.58808,3.782376,-6.201712,9.735813,-3.438691,-5.262059,-1.136604,-28.434664,0.617169,95.0,7.8,-27.15,-16.05,147.4997,-22.6869,133.2697,5.0,53.03992,48.843933,2.353317,354.2297,NaN,1.044,44.954838,211.1,6 / 25,31177,2022-01-10 17:05:03:706
6.658927,-0.438784,-0.534497,-6.58808,3.782376,-6.201712,9.735813,-3.438691,-5.262059,-1.136604,-28.434664,0.617169,95.0,7.8,-27.15,-16.05,147.4997,-22.6869,133.2697,5.0,53.03992,48.843933,2.353317,354.2297,NaN,1.044,44.954838,211.1,6 / 25,31182,2022-01-10 17:05:03:711
5.946464,0.290429,-0.679562,7.923391,4.828425,3.174366,9.735813,-3.438691,-5.262059,-1.136604,-28.434664,0.617169,95.0,7.8,-27.15,-16.05,147.4997,-22.6869,133.2697,5.0,53.03992,48.843933,2.353317,354.2297,NaN,1.044,44.954838,211.1,6 / 25,31188,2022-01-10 17:05:03:717
5.946464,0.290429,-0.679562,7.923391,4.828425,3.174366,9.735813,-3.438691,-5.262059,-1.136604,-28.434664,0.617169,95.0,7.8,-27.15,-16.05,147.4997,-22.6869,133.2697,5.0,53.03992,48.843933,2.353317,354.2297,NaN,1.044,44.954838,211.1,6 / 25,31192,2022-01-10 17:05:03:721
5.946464,0.290429,-0.679562,7.923391,4.828425,3.174366,9.735813,-3.438691,-5.262059,-1.136604,-28.434664,0.617169,95.0,7.8,-27.15,-16.05,147.4997,-22.6869,133.2697,5.0,53.03992,48.843933,2.353317,354.2297,NaN,1.044,44.954838,211.1,6 / 25,31198,2022-01-10 17:05:03:727
5.946464,0.290429,-0.679562,7.923391,4.828425,3.174366,9.735813,-3.438691,-5.262059,-1.136604,-28.434664,0.617169,95.0,7.8,-27.15,-16.05,147.4997,-22.6869,133.2697,5.0,53.03992,48.843933,2.353317,354.2297,NaN,1.044,44.954838,211.1,6 / 25,31205,2022-01-10 17:05:03:734
5.946464,0.290429,-0.679562,7.923391,4.828425,3.174366,9.735813,-3.438691,-5.262059,-1.136604,-28.434664,0.617169,95.0,7.8,-27.15,-16.05,147.4997,-22.6869,133.2697,5.0,53.03992,48.843933,2.353317,354.2297,NaN,1.044,44.954838,211.1,6 / 25,31208,2022-01-10 17:05:03:737
5.946464,0.290429,-0.679562,7.923391,4.828425,3.174366,9.735813,-3.438691,-5.262059,-1.136604,-28.434664,0.617169,95.0,7.8,-27.15,-16.05,147.4997,-22.6869,133.2697,5.0,53.03992,48.843933,2.353317,354.2297,NaN,1.044,44.954838,211.1,6 / 25,31215,2022-01-10 17:05:03:744
5.946464,0.290429,-0.679562,7.923391,4.828425,3.174366,9.735813,-3.438691,-5.262059,-1.136604,-28.434664,0.617169,95.0,7.8,-27.15,-16.05,147.4997,-22.6869,133.2697,5.0,53.03992,48.843933,2.353317,354.2297,NaN,1.044,44.954838,211.1,6 / 25,31218,2022-01-10 17:05:03:747
5.946464,0.290429,-0.679562,7.923391,4.828425,3.174366,9.735813,-3.438691,-5.262059,-1.136604,-28.434664,0.617169,95.0,7.8,-27.15,-16.05,147.4997,-22.6869,133.2697,5.0,53.03992,48.843933,2.353317,354.2297,NaN,1.044,44.954838,211.1,6 / 25,31222,2022-01-10 17:05:03:751
5.946464,0.290429,-0.679562,7.923391,4.828425,3.174366,9.735813,-3.438691,-5.262059,-1.136604,-28.434664,0.617169,95.0,7.8,-27.15,-16.05,147.4997,-22.6869,133.2697,5.0,53.03992,48.843933,2.353317,354.2297,NaN,1.044,44.954838,211.1,6 / 25,31228,2022-01-10 17:05:03:757
5.946464,0.290429,-0.679562,7.923391,4.828425,3.174366,9.735813,-3.438691,-5.262059,-1.136604,-28.434664,0.617169,95.0,7.8,-27.15,-16.05,147.4997,-22.6869,133.2697,5.0,53.03992,48.843933,2.353317,354.2297,NaN,1.044,44.954838,211.1,6 / 25,31233,2022-01-10 17:05:03:762
5.946464,0.290429,-0.679562,7.923391,4.828425,3.174366,9.735813,-3.438691,-5.262059,-1.136604,-28.434664,0.617169,95.0,7.8,-27.15,-16.05,147.4997,-22.6869,133.2697,5.0,53.03992,48.843933,2.353317,354.2297,NaN,1.044,44.954838,211.1,6 / 25,31238,2022-01-10 17:05:03:767
5.946464,0.290429,-0.679562,7.923391,4.828425,3.174366,9.735813,-3.438691,-5.262059,-1.136604,-28.434664,0.617169,95.0,7.8,-27.15,-16.05,147.4997,-22.6869,133.2697,5.0,53.03992,48.843933,2.353317,354.2297,NaN,1.044,44.954838,211.1,6 / 25,31244,2022-01-10 17:05:03:773
5.946464,0.290429,-0.679562,7.923391,4.828425,3.174366,4.975919,-2.454142,3.560372,0.556451,-28.290325,-0.367639,95.0,7.8,-27.15,-16.05,147.4997,-22.6869,133.2697,5.0,53.03992,48.843933,2.353317,354.2297,NaN,1.044,44.954838,211.1,6 / 25,31247,2022-01-10 17:05:03:776
5.946464,0.290429,-0.679562,7.923391,4.828425,3.174366,4.975919,-2.454142,3.560372,0.556451,-28.290325,-0.367639,95.0,1.95,-28.35,-7.425,196.7884,-29.496,-68.1674,5.0,53.03992,48.843933,2.353317,354.2297,NaN,1.044,44.954838,211.1,6 / 25,31254,2022-01-10 17:05:03:783
5.946464,0.290429,-0.679562,7.923391,4.828425,3.174366,4.975919,-2.454142,3.560372,0.556451,-28.290325,-0.367639,95.0,1.95,-28.35,-7.425,196.7884,-29.496,-68.1674,5.0,53.03992,48.843933,2.353317,354.2297,NaN,1.044,44.954838,211.1,6 / 25,31258,2022-01-10 17:05:03:787
5.946464,0.290429,-0.679562,7.923391,4.828425,3.174366,4.975919,-2.454142,3.560372,0.556451,-28.290325,-0.367639,95.0,1.95,-28.35,-7.425,196.7884,-29.496,-68.1674,5.0,53.03992,48.843933,2.353317,354.2297,NaN,1.044,44.954838,211.1,6 / 25,31262,2022-01-10 17:05:03:791
5.946464,0.290429,-0.679562,7.923391,4.828425,3.174366,4.975919,-2.454142,3.560372,0.556451,-28.290325,-0.367639,95.0,1.95,-28.35,-7.425,196.7884,-29.496,-68.1674,5.0,53.03992,48.843933,2.353317,354.2297,NaN,1.044,44.954838,211.1,6 / 25,31267,2022-01-10 17:05:03:796
5.946464,0.290429,-0.679562,7.923391,4.828425,3.174366,4.975919,-2.454142,3.560372,0.556451,-28.290325,-0.367639,95.0,1.95,-28.35,-7.425,196.7884,-29.496,-68.1674,5.0,53.03992,48.843933,2.353317,354.2297,NaN,1.044,44.954838,211.1,6 / 25,31273,2022-01-10 17:05:03:802
5.946464,0.290429,-0.679562,7.923391,4.828425,3.174366,4.975919,-2.454142,3.560372,0.556451,-28.290325,-0.367639,95.0,1.95,-28.35,-7.425,196.7884,-29.496,-68.1674,5.0,53.03992,48.843933,2.353317,354.2297,NaN,1.044,44.954838,211.1,6 / 25,31278,2022-01-10 17:05:03:807
6.309275,-0.154935,-0.563211,7.923391,4.828425,3.174366,4.975919,-2.454142,3.560372,0.556451,-28.290325,-0.367639,14.0,1.95,-28.35,-7.425,196.7884,-29.496,-68.1674,5.0,53.03992,48.843933,2.353317,354.2297,NaN,1.044,44.954838,211.1,6 / 25,31283,2022-01-10 17:05:03:812
6.309275,-0.154935,-0.563211,7.923391,4.828425,3.174366,4.975919,-2.454142,3.560372,0.556451,-28.290325,-0.367639,14.0,1.95,-28.35,-7.425,196.7884,-29.496,-68.1674,5.0,53.03992,48.843933,2.353317,354.2297,NaN,1.044,44.954838,211.1,6 / 25,31288,2022-01-10 17:05:03:817
6.309275,-0.154935,-0.563211,7.923391,4.828425,3.174366,4.975919,-2.454142,3.560372,0.556451,-28.290325,-0.367639,14.0,1.95,-28.35,-7.425,196.7884,-29.496,-68.1674,5.0,53.03992,48.843933,2.353317,354.2297,NaN,1.044,44.954838,211.1,6 / 25,31294,2022-01-10 17:05:03:823
6.309275,-0.154935,-0.563211,-8.00968,5.616544,-0.685461,4.975919,-2.454142,3.560372,0.556451,-28.290325,-0.367639,14.0,1.95,-28.35,-7.425,196.7884,-29.496,-68.1674,5.0,53.03992,48.843933,2.353317,354.2297,NaN,1.044,44.954838,211.1,6 / 25,31297,2022-01-10 17:05:03:826
6.309275,-0.154935,-0.563211,-8.00968,5.616544,-0.685461,4.975919,-2.454142,3.560372,0.556451,-28.290325,-0.367639,14.0,1.95,-28.35,-7.425,196.7884,-29.496,-68.1674,5.0,53.03992,48.843933,2.353317,354.2297,NaN,1.044,44.954838,211.1,6 / 25,31304,2022-01-10 17:05:03:833
6.309275,-0.154935,-0.563211,-8.00968,5.616544,-0.685461,4.975919,-2.454142,3.560372,0.556451,-28.290325,-0.367639,14.0,1.95,-28.35,-7.425,196.7884,-29.496,-68.1674,5.0,53.03992,48.843933,2.353317,354.2297,NaN,1.044,44.954838,211.1,6 / 25,31308,2022-01-10 17:05:03:837
6.309275,-0.154935,-0.563211,-8.00968,5.616544,-0.685461,4.975919,-2.454142,3.560372,0.556451,-28.290325,-0.367639,14.0,1.95,-28.35,-7.425,196.7884,-29.496,-68.1674,5.0,53.03992,48.843933,2.353317,354.2297,NaN,1.044,44.954838,211.1,6 / 25,31312,2022-01-10 17:05:03:841
6.309275,-0.154935,-0.563211,-8.00968,5.616544,-0.685461,4.975919,-2.454142,3.560372,0.556451,-28.290325,-0.367639,14.0,1.95,-28.35,-7.425,196.7884,-29.496,-68.1674,5.0,53.03992,48.843933,2.353317,354.2297,NaN,1.044,44.954838,211.1,6 / 25,31318,2022-01-10 17:05:03:847
6.309275,-0.154935,-0.563211,-8.00968,5.616544,-0.685461,4.975919,-2.454142,3.560372,0.556451,-28.290325,-0.367639,14.0,1.95,-28.35,-7.425,196.7884,-29.496,-68.1674,5.0,53.03992,48.843933,2.353317,354.2297,NaN,1.044,44.954838,211.1,6 / 25,31322,2022-01-10 17:05:03:851
6.309275,-0.154935,-0.563211,-8.00968,5.616544,-0.685461,4.975919,-2.454142,3.560372,0.556451,-28.290325,-0.367639,14.0,1.95,-28.35,-7.425,196.7884,-29.496,-68.1674,5.0,53.03992,48.843933,2.353317,354.2297,NaN,1.044,44.954838,211.1,6 / 25,31327,2022-01-10 17:05:03:856
6.309275,-0.154935,-0.563211,-8.00968,5.616544,-0.685461,4.975919,-2.454142,3.560372,0.556451,-28.290325,-0.367639,14.0,1.95,-28.35,-7.425,196.7884,-29.496,-68.1674,5.0,53.03992,48.843933,2.353317,354.2297,NaN,1.044,44.954838,211.1,6 / 25,31333,2022-01-10 17:05:03:862
6.309275,-0.154935,-0.563211,-8.00968,5.616544,-0.685461,4.975919,-2.454142,3.560372,0.556451,-28.290325,-0.367639,14.0,1.95,-28.35,-7.425,196.7884,-29.496,-68.1674,5.0,53.03992,48.843933,2.353317,354.2297,NaN,1.044,44.954838,211.1,6 / 25,31338,2022-01-10 17:05:03:867
6.309275,-0.154935,-0.563211,-8.00968,5.616544,-0.685461,4.975919,-2.454142,3.560372,0.556451,-28.290325,-0.367639,14.0,1.95,-28.35,-7.425,196.7884,-29.496,-68.1674,5.0,53.03992,48.843933,2.353317,354.2297,NaN,1.044,44.954838,211.1,6 / 25,31343,2022-01-10 17:05:03:872
6.309275,-0.154935,-0.563211,-8.00968,5.616544,-0.685461,4.975919,-2.454142,3.560372,0.556451,-28.290325,-0.367639,14.0,1.95,-28.35,-7.425,196.7884,-29.496,-68.1674,5.0,53.03992,48.843933,2.353317,354.2297,NaN,1.044,44.954838,211.1,6 / 25,31347,2022-01-10 17:05:03:876
6.309275,-0.154935,-0.563211,-8.00968,5.616544,-0.685461,4.975919,-2.454142,3.560372,0.556451,-28.290325,-0.367639,14.0,1.95,-28.35,-7.425,196.7884,-29.496,-68.1674,5.0,53.03992,48.843933,2.353317,354.2297,NaN,1.044,44.954838,211.1,6 / 25,31352,2022-01-10 17:05:03:881
6.309275,-0.154935,-0.563211,-8.00968,5.616544,-0.685461,3.847695,3.460207,-1.822827,0.556451,-28.290325,-0.367639,14.0,1.95,-28.35,-7.425,196.7884,-29.496,-68.1674,5.0,53.03992,48.843933,2.353317,354.2297,NaN,1.044,44.954838,211.1,6 / 25,31358,2022-01-10 17:05:03:887
6.309275,-0.154935,-0.563211,-8.00968,5.616544,-0.685461,3.847695,3.460207,-1.822827,0.556451,-28.290325,-0.367639,14.0,1.95,-28.35,-7.425,196.7884,-29.496,-68.1674,5.0,53.03992,48.843933,2.353317,354.2297,NaN,1.044,44.954838,211.1,6 / 25,31362,2022-01-10 17:05:03:891
6.309275,-0.154935,-0.563211,-8.00968,5.616544,-0.685461,3.847695,3.460207,-1.822827,0.556451,-28.290325,-0.367639,14.0,1.95,-28.35,-7.425,196.7884,-29.496,-68.1674,5.0,53.03992,48.843933,2.353317,354.2297,NaN,1.044,44.954838,211.1,6 / 25,31367,2022-01-10 17:05:03:896
6.309275,-0.154935,-0.563211,-8.00968,5.616544,-0.685461,3.847695,3.460207,-1.822827,0.556451,-28.290325,-0.367639,14.0,1.95,-28.35,-7.425,196.7884,-29.496,-68.1674,5.0,53.03992,48.843933,2.353317,354.2297,NaN,1.044,44.954838,211.1,6 / 25,31373,2022-01-10 17:05:03:902
6.309275,-0.154935,-0.563211,-8.00968,5.616544,-0.685461,3.847695,3.460207,-1.822827,-4.057606,-17.475813,-8.224397,14.0,1.95,-28.35,-7.425,196.7884,-29.496,-68.1674,5.0,53.03992,48.843933,2.353317,354.2297,NaN,1.044,44.954838,211.1,6 / 25,31378,2022-01-10 17:05:03:907
6.309275,-0.154935,-0.563211,-8.00968,5.616544,-0.685461,3.847695,3.460207,-1.822827,-4.057606,-17.475813,-8.224397,14.0,1.95,-28.35,-7.425,196.7884,-29.496,-68.1674,5.0,53.03992,48.843933,2.353317,354.2297,NaN,1.044,44.954838,211.1,6 / 25,31383,2022-01-10 17:05:03:912
6.309275,-0.154935,-0.563211,-8.00968,5.616544,-0.685461,3.847695,3.460207,-1.822827,-4.057606,-17.475813,-8.224397,14.0,1.95,-28.35,-7.425,196.7884,-29.496,-68.1674,5.0,53.03992,48.843933,2.353317,354.2297,NaN,1.044,44.954838,211.1,6 / 25,31387,2022-01-10 17:05:03:916
6.309275,-0.154935,-0.563211,-8.00968,5.616544,-0.685461,3.847695,3.460207,-1.822827,-4.057606,-17.475813,-8.224397,14.0,1.95,-28.35,-7.425,196.7884,-29.496,-68.1674,5.0,53.03992,48.843933,2.353317,354.2297,NaN,1.044,44.954838,211.1,6 / 25,31392,2022-01-10 17:05:03:921
2.039283,-16.413267,26.189444,-8.00968,5.616544,-0.685461,3.847695,3.460207,-1.822827,-4.057606,-17.475813,-8.224397,14.0,2.55,-27.15,-5.325,165.778,-34.9407,94.8914,5.0,53.03992,48.843933,2.353317,354.2297,NaN,1.044,44.954838,211.1,6 / 25,31397,2022-01-10 17:05:03:926
2.039283,-16.413267,26.189444,-8.00968,5.616544,-0.685461,3.847695,3.460207,-1.822827,-4.057606,-17.475813,-8.224397,14.0,2.55,-27.15,-5.325,165.778,-34.9407,94.8914,5.0,53.03992,48.843933,2.353317,354.2297,NaN,1.044,44.954838,211.1,6 / 25,31403,2022-01-10 17:05:03:932
2.039283,-16.413267,26.189444,-8.00968,5.616544,-0.685461,3.847695,3.460207,-1.822827,-4.057606,-17.475813,-8.224397,14.0,2.55,-27.15,-5.325,165.778,-34.9407,94.8914,5.0,53.03992,48.843933,2.353317,354.2297,NaN,1.044,44.954838,211.1,6 / 25,31408,2022-01-10 17:05:03:937
2.039283,-16.413267,26.189444,-8.00968,5.616544,-0.685461,3.847695,3.460207,-1.822827,-4.057606,-17.475813,-8.224397,14.0,2.55,-27.15,-5.325,165.778,-34.9407,94.8914,5.0,53.03992,48.843933,2.353317,354.2297,NaN,1.044,44.954838,211.1,6 / 25,31412,2022-01-10 17:05:03:941
2.039283,-16.413267,26.189444,-8.00968,5.616544,-0.685461,3.847695,3.460207,-1.822827,-4.057606,-17.475813,-8.224397,14.0,2.55,-27.15,-5.325,165.778,-34.9407,94.8914,5.0,53.03992,48.843933,2.353317,354.2297,NaN,1.044,44.954838,211.1,6 / 25,31417,2022-01-10 17:05:03:946
2.039283,-16.413267,26.189444,-1.822342,-3.667141,8.910753,3.847695,3.460207,-1.822827,-4.057606,-17.475813,-8.224397,14.0,2.55,-27.15,-5.325,165.778,-34.9407,94.8914,5.0,53.03992,48.843933,2.353317,354.2297,NaN,1.044,44.954838,211.1,6 / 25,31425,2022-01-10 17:05:03:954
2.039283,-16.413267,26.189444,-1.822342,-3.667141,8.910753,3.847695,3.460207,-1.822827,-4.057606,-17.475813,-8.224397,14.0,2.55,-27.15,-5.325,165.778,-34.9407,94.8914,5.0,53.03992,48.843933,2.353317,354.2297,NaN,1.044,44.954838,211.1,6 / 25,31428,2022-01-10 17:05:03:957
2.039283,-16.413267,26.189444,-1.822342,-3.667141,8.910753,3.847695,3.460207,-1.822827,-4.057606,-17.475813,-8.224397,14.0,2.55,-27.15,-5.325,165.778,-34.9407,94.8914,5.0,53.03992,48.843933,2.353317,354.2297,NaN,1.044,44.954838,211.1,6 / 25,31432,2022-01-10 17:05:03:961
2.039283,-16.413267,26.189444,-1.822342,-3.667141,8.910753,3.847695,3.460207,-1.822827,-4.057606,-17.475813,-8.224397,14.0,2.55,-27.15,-5.325,165.778,-34.9407,94.8914,5.0,53.03992,48.843933,2.353317,354.2297,NaN,1.044,44.954838,211.1,6 / 25,31437,2022-01-10 17:05:03:966
2.039283,-16.413267,26.189444,-1.822342,-3.667141,8.910753,3.847695,3.460207,-1.822827,-4.057606,-17.475813,-8.224397,14.0,2.55,-27.15,-5.325,165.778,-34.9407,94.8914,5.0,53.03992,48.843933,2.353317,354.2297,NaN,1.044,44.954838,211.1,6 / 25,31443,2022-01-10 17:05:03:972
2.039283,-16.413267,26.189444,-1.822342,-3.667141,8.910753,3.847695,3.460207,-1.822827,-4.057606,-17.475813,-8.224397,14.0,2.55,-27.15,-5.325,165.778,-34.9407,94.8914,5.0,53.03992,48.843933,2.353317,354.2297,NaN,1.044,44.954838,211.1,6 / 25,31447,2022-01-10 17:05:03:976
2.039283,-16.413267,26.189444,-1.822342,-3.667141,8.910753,3.847695,3.460207,-1.822827,-4.057606,-17.475813,-8.224397,14.0,2.55,-27.15,-5.325,165.778,-34.9407,94.8914,5.0,53.03992,48.843933,2.353317,354.2297,NaN,1.044,44.954838,211.1,6 / 25,31453,2022-01-10 17:05:03:982
2.039283,-16.413267,26.189444,-1.822342,-3.667141,8.910753,3.847695,3.460207,-1.822827,-4.057606,-17.475813,-8.224397,14.0,2.55,-27.15,-5.325,165.778,-34.9407,94.8914,5.0,53.03992,48.843933,2.353317,354.2297,NaN,1.044,44.954838,211.1,6 / 25,31457,2022-01-10 17:05:03:986
2.039283,-16.413267,26.189444,-1.822342,-3.667141,8.910753,3.847695,3.460207,-1.822827,-4.057606,-17.475813,-8.224397,14.0,2.55,-27.15,-5.325,165.778,-34.9407,94.8914,5.0,53.03992,48.843933,2.353317,354.2297,NaN,1.044,44.954838,211.1,6 / 25,31463,2022-01-10 17:05:03:992
2.039283,-16.413267,26.189444,-1.822342,-3.667141,8.910753,3.847695,3.460207,-1.822827,-4.057606,-17.475813,-8.224397,15.0,2.55,-27.15,-5.325,165.778,-34.9407,94.8914,5.0,53.03992,48.843933,2.353317,354.2297,NaN,1.044,44.954838,211.1,6 / 25,31467,2022-01-10 17:05:03:996
2.039283,-16.413267,26.189444,-1.822342,-3.667141,8.910753,3.847695,3.460207,-1.822827,-4.057606,-17.475813,-8.224397,15.0,2.55,-27.15,-5.325,165.778,-34.9407,94.8914,5.0,53.03992,48.843933,2.353317,354.2297,NaN,1.044,44.954838,211.1,6 / 25,31472,2022-01-10 17:05:04:001
2.039283,-16.413267,26.189444,-1.822342,-3.667141,8.910753,3.847695,3.460207,-1.822827,-4.057606,-17.475813,-8.224397,15.0,2.55,-27.15,-5.325,165.778,-34.9407,94.8914,5.0,53.03992,48.843933,2.353317,354.2297,NaN,1.044,44.954838,211.1,6 / 25,31478,2022-01-10 17:05:04:007
2.039283,-16.413267,26.189444,-1.822342,-3.667141,8.910753,3.847695,3.460207,-1.822827,-4.057606,-17.475813,-8.224397,15.0,2.55,-27.15,-5.325,165.778,-34.9407,94.8914,5.0,53.03992,48.843933,2.353317,354.2297,NaN,1.044,44.954838,211.1,6 / 25,31482,2022-01-10 17:05:04:011
2.039283,-16.413267,26.189444,-1.822342,-3.667141,8.910753,3.847695,3.460207,-1.822827,-4.057606,-17.475813,-8.224397,15.0,2.55,-27.15,-5.325,165.778,-34.9407,94.8914,5.0,53.03992,48.843933,2.353317,354.2297,NaN,1.044,44.954838,211.1,6 / 25,31488,2022-01-10 17:05:04:017
2.071586,-4.34716,11.79841,-1.822342,-3.667141,8.910753,2.073245,-8.70644,17.629185,-4.057606,-17.475813,-8.224397,15.0,2.55,-27.15,-5.325,165.778,-34.9407,94.8914,5.0,62.41316,48.843933,2.353317,354.2297,NaN,1.044,44.954838,211.1,6 / 25,31492,2022-01-10 17:05:04:021
2.071586,-4.34716,11.79841,-1.822342,-3.667141,8.910753,2.073245,-8.70644,17.629185,-3.840964,-2.729526,-0.369236,15.0,2.55,-27.15,-5.325,165.778,-34.9407,94.8914,5.0,62.41316,48.843933,2.353317,354.2297,NaN,1.044,44.954838,211.1,6 / 25,31497,2022-01-10 17:05:04:026
2.071586,-4.34716,11.79841,-1.822342,-3.667141,8.910753,2.073245,-8.70644,17.629185,-3.840964,-2.729526,-0.369236,15.0,2.55,-27.15,-5.325,165.778,-34.9407,94.8914,5.0,62.41316,48.843933,2.353317,354.2297,NaN,1.044,44.954838,211.1,6 / 25,31502,2022-01-10 17:05:04:031
2.071586,-4.34716,11.79841,-1.822342,-3.667141,8.910753,2.073245,-8.70644,17.629185,-3.840964,-2.729526,-0.369236,15.0,2.55,-27.15,-5.325,165.778,-34.9407,94.8914,5.0,62.41316,48.843933,2.353317,354.2297,NaN,1.044,44.954838,211.1,6 / 25,31510,2022-01-10 17:05:04:039
2.071586,-4.34716,11.79841,-1.822342,-3.667141,8.910753,2.073245,-8.70644,17.629185,-3.840964,-2.729526,-0.369236,15.0,2.55,-27.15,-5.325,165.778,-34.9407,94.8914,5.0,62.41316,48.843933,2.353317,354.2297,NaN,1.044,44.954838,211.1,6 / 25,31513,2022-01-10 17:05:04:042
2.071586,-4.34716,11.79841,-1.822342,-3.667141,8.910753,2.073245,-8.70644,17.629185,-3.840964,-2.729526,-0.369236,15.0,2.55,-27.15,-5.325,165.778,-34.9407,94.8914,5.0,62.41316,48.843933,2.353317,354.2297,NaN,1.044,44.954838,211.1,6 / 25,31518,2022-01-10 17:05:04:047
2.071586,-4.34716,11.79841,-1.822342,-3.667141,8.910753,2.073245,-8.70644,17.629185,-3.840964,-2.729526,-0.369236,15.0,2.55,-27.15,-5.325,165.778,-34.9407,94.8914,5.0,62.41316,48.843933,2.353317,354.2297,NaN,1.044,44.954838,211.1,6 / 25,31523,2022-01-10 17:05:04:052
2.071586,-4.34716,11.79841,-1.822342,-3.667141,8.910753,2.073245,-8.70644,17.629185,-3.840964,-2.729526,-0.369236,15.0,2.55,-27.15,-5.325,165.778,-34.9407,94.8914,5.0,62.41316,48.843933,2.353317,354.2297,NaN,1.044,44.954838,211.1,6 / 25,31528,2022-01-10 17:05:04:057
2.071586,-4.34716,11.79841,-1.822342,-3.667141,8.910753,2.073245,-8.70644,17.629185,-3.840964,-2.729526,-0.369236,15.0,6.75,-16.725,-11.325,192.8997,21.9591,11.5582,5.0,62.41316,48.843933,2.353317,354.2297,NaN,1.044,44.954838,211.1,6 / 25,31532,2022-01-10 17:05:04:061
2.071586,-4.34716,11.79841,0.76943,-7.062843,6.759778,2.073245,-8.70644,17.629185,-3.840964,-2.729526,-0.369236,15.0,6.75,-16.725,-11.325,192.8997,21.9591,11.5582,5.0,62.41316,48.843933,2.353317,354.2297,NaN,1.044,44.954838,211.1,6 / 25,31537,2022-01-10 17:05:04:066
2.071586,-4.34716,11.79841,0.76943,-7.062843,6.759778,2.073245,-8.70644,17.629185,-3.840964,-2.729526,-0.369236,15.0,6.75,-16.725,-11.325,192.8997,21.9591,11.5582,5.0,62.41316,48.843933,2.353317,354.2297,NaN,1.044,44.954838,211.1,6 / 25,31542,2022-01-10 17:05:04:071
2.071586,-4.34716,11.79841,0.76943,-7.062843,6.759778,2.073245,-8.70644,17.629185,-3.840964,-2.729526,-0.369236,15.0,6.75,-16.725,-11.325,192.8997,21.9591,11.5582,5.0,62.41316,48.843933,2.353317,354.2297,NaN,1.044,44.954838,211.1,6 / 25,31548,2022-01-10 17:05:04:077
2.071586,-4.34716,11.79841,0.76943,-7.062843,6.759778,2.073245,-8.70644,17.629185,-3.840964,-2.729526,-0.369236,15.0,6.75,-16.725,-11.325,192.8997,21.9591,11.5582,5.0,62.41316,48.843933,2.353317,354.2297,NaN,1.044,44.954838,211.1,6 / 25,31552,2022-01-10 17:05:04:081
2.071586,-4.34716,11.79841,0.76943,-7.062843,6.759778,2.073245,-8.70644,17.629185,-3.840964,-2.729526,-0.369236,15.0,6.75,-16.725,-11.325,192.8997,21.9591,11.5582,5.0,62.41316,48.843933,2.353317,354.2297,NaN,1.044,44.954838,211.1,6 / 25,31558,2022-01-10 17:05:04:087
2.071586,-4.34716,11.79841,0.76943,-7.062843,6.759778,2.073245,-8.70644,17.629185,-3.840964,-2.729526,-0.369236,15.0,6.75,-16.725,-11.325,192.8997,21.9591,11.5582,5.0,62.41316,48.843933,2.353317,354.2297,NaN,1.044,44.954838,211.1,6 / 25,31562,2022-01-10 17:05:04:091
2.071586,-4.34716,11.79841,0.76943,-7.062843,6.759778,2.073245,-8.70644,17.629185,-3.840964,-2.729526,-0.369236,15.0,6.75,-16.725,-11.325,192.8997,21.9591,11.5582,5.0,62.41316,48.843933,2.353317,354.2297,NaN,1.044,44.954838,211.1,6 / 25,31568,2022-01-10 17:05:04:097
2.071586,-4.34716,11.79841,0.76943,-7.062843,6.759778,2.073245,-8.70644,17.629185,-3.840964,-2.729526,-0.369236,15.0,6.75,-16.725,-11.325,192.8997,21.9591,11.5582,5.0,62.41316,48.843933,2.353317,354.2297,NaN,1.044,44.954838,211.1,6 / 25,31573,2022-01-10 17:05:04:102
2.071586,-4.34716,11.79841,0.76943,-7.062843,6.759778,2.073245,-8.70644,17.629185,-3.840964,-2.729526,-0.369236,15.0,6.75,-16.725,-11.325,192.8997,21.9591,11.5582,5.0,62.41316,48.843933,2.353317,354.2297,NaN,1.044,44.954838,211.1,6 / 25,31578,2022-01-10 17:05:04:107
2.071586,-4.34716,11.79841,0.76943,-7.062843,6.759778,2.073245,-8.70644,17.629185,-3.840964,-2.729526,-0.369236,15.0,6.75,-16.725,-11.325,192.8997,21.9591,11.5582,5.0,62.41316,48.843933,2.353317,354.2297,NaN,1.044,44.954838,211.1,6 / 25,31582,2022-01-10 17:05:04:111
2.071586,-4.34716,11.79841,0.76943,-7.062843,6.759778,2.073245,-8.70644,17.629185,-3.840964,-2.729526,-0.369236,15.0,6.75,-16.725,-11.325,192.8997,21.9591,11.5582,5.0,62.41316,48.843933,2.353317,354.2297,NaN,1.044,44.954838,211.1,6 / 25,31588,2022-01-10 17:05:04:117
2.071586,-4.34716,11.79841,0.76943,-7.062843,6.759778,2.073245,-8.70644,17.629185,-3.840964,-2.729526,-0.369236,15.0,6.75,-16.725,-11.325,192.8997,21.9591,11.5582,5.0,62.41316,48.843933,2.353317,354.2297,NaN,1.044,44.954838,211.1,6 / 25,31593,2022-01-10 17:05:04:122
3.010769,-4.165007,2.014159,0.76943,-7.062843,6.759778,5.052939,-10.982968,7.365637,-3.840964,-2.729526,-0.369236,15.0,6.75,-16.725,-11.325,192.8997,21.9591,11.5582,5.0,62.41316,48.843933,2.353317,354.2297,NaN,1.044,44.954838,211.1,6 / 25,31598,2022-01-10 17:05:04:127
3.010769,-4.165007,2.014159,0.76943,-7.062843,6.759778,5.052939,-10.982968,7.365637,-3.840964,-2.729526,-0.369236,15.0,6.75,-16.725,-11.325,192.8997,21.9591,11.5582,5.0,62.41316,48.843933,2.353317,354.2297,NaN,1.044,44.954838,211.1,6 / 25,31603,2022-01-10 17:05:04:132
3.010769,-4.165007,2.014159,0.76943,-7.062843,6.759778,5.052939,-10.982968,7.365637,-3.840964,-2.729526,-0.369236,15.0,6.75,-16.725,-11.325,192.8997,21.9591,11.5582,5.0,62.41316,48.843933,2.353317,354.2297,NaN,1.044,44.954838,211.1,6 / 25,31607,2022-01-10 17:05:04:136
3.010769,-4.165007,2.014159,0.76943,-7.062843,6.759778,5.052939,-10.982968,7.365637,-3.840964,-2.729526,-0.369236,15.0,6.75,-16.725,-11.325,192.8997,21.9591,11.5582,5.0,62.41316,48.843933,2.353317,354.2297,NaN,1.044,44.954838,211.1,6 / 25,31613,2022-01-10 17:05:04:142
3.010769,-4.165007,2.014159,0.76943,-7.062843,6.759778,5.052939,-10.982968,7.365637,-3.840964,-2.729526,-0.369236,15.0,6.75,-16.725,-11.325,192.8997,21.9591,11.5582,5.0,62.41316,48.843933,2.353317,354.2297,NaN,1.044,44.954838,211.1,6 / 25,31618,2022-01-10 17:05:04:147
3.010769,-4.165007,2.014159,0.76943,-7.062843,6.759778,5.052939,-10.982968,7.365637,-3.840964,-2.729526,-0.369236,15.0,6.75,-16.725,-11.325,192.8997,21.9591,11.5582,5.0,62.41316,48.843933,2.353317,354.2297,NaN,1.044,44.954838,211.1,6 / 25,31623,2022-01-10 17:05:04:152
3.010769,-4.165007,2.014159,0.76943,-7.062843,6.759778,5.052939,-10.982968,7.365637,-3.840964,-2.729526,-0.369236,15.0,6.75,-16.725,-11.325,192.8997,21.9591,11.5582,5.0,62.41316,48.843933,2.353317,354.2297,NaN,1.044,44.954838,211.1,6 / 25,31628,2022-01-10 17:05:04:157
3.010769,-4.165007,2.014159,0.76943,-7.062843,6.759778,5.052939,-10.982968,7.365637,9.262867,11.013577,0.963503,15.0,6.75,-16.725,-11.325,192.8997,21.9591,11.5582,5.0,62.41316,48.843933,2.353317,354.2297,NaN,1.044,44.954838,211.1,6 / 25,31633,2022-01-10 17:05:04:162
3.010769,-4.165007,2.014159,0.76943,-7.062843,6.759778,5.052939,-10.982968,7.365637,9.262867,11.013577,0.963503,15.0,6.75,-16.725,-11.325,192.8997,21.9591,11.5582,5.0,62.41316,48.843933,2.353317,354.2297,NaN,1.044,44.954838,211.1,6 / 25,31638,2022-01-10 17:05:04:167
3.010769,-4.165007,2.014159,0.76943,-7.062843,6.759778,5.052939,-10.982968,7.365637,9.262867,11.013577,0.963503,15.0,6.75,-16.725,-11.325,192.8997,21.9591,11.5582,5.0,62.41316,48.843933,2.353317,354.2297,NaN,1.044,44.954838,211.1,6 / 25,31642,2022-01-10 17:05:04:171
3.010769,-4.165007,2.014159,0.76943,-7.062843,6.759778,5.052939,-10.982968,7.365637,9.262867,11.013577,0.963503,104.0,6.75,-16.725,-11.325,192.8997,21.9591,11.5582,5.0,62.41316,48.843933,2.353317,354.2297,NaN,1.044,44.954838,211.1,6 / 25,31647,2022-01-10 17:05:04:176
3.010769,-4.165007,2.014159,0.76943,-7.062843,6.759778,5.052939,-10.982968,7.365637,9.262867,11.013577,0.963503,104.0,6.75,-16.725,-11.325,192.8997,21.9591,11.5582,5.0,62.41316,48.843933,2.353317,354.2297,NaN,1.044,44.954838,211.1,6 / 25,31652,2022-01-10 17:05:04:181
3.010769,-4.165007,2.014159,0.76943,-7.062843,6.759778,5.052939,-10.982968,7.365637,9.262867,11.013577,0.963503,104.0,8.7,-8.1,-20.025,210.3585,46.0718,-6.4937,5.0,62.41316,48.843933,2.353317,354.2297,NaN,1.044,44.954838,211.1,6 / 25,31658,2022-01-10 17:05:04:187
3.010769,-4.165007,2.014159,0.76943,-7.062843,6.759778,5.052939,-10.982968,7.365637,9.262867,11.013577,0.963503,104.0,8.7,-8.1,-20.025,210.3585,46.0718,-6.4937,5.0,62.41316,48.843933,2.353317,354.2297,NaN,1.044,44.954838,211.1,6 / 25,31663,2022-01-10 17:05:04:192
3.010769,-4.165007,2.014159,0.76943,-7.062843,6.759778,5.052939,-10.982968,7.365637,9.262867,11.013577,0.963503,104.0,8.7,-8.1,-20.025,210.3585,46.0718,-6.4937,5.0,62.41316,48.843933,2.353317,354.2297,NaN,1.044,44.954838,211.1,6 / 25,31667,2022-01-10 17:05:04:196
3.010769,-4.165007,2.014159,-7.442631,0.003869,6.385734,5.052939,-10.982968,7.365637,9.262867,11.013577,0.963503,104.0,8.7,-8.1,-20.025,210.3585,46.0718,-6.4937,5.0,62.41316,48.843933,2.353317,354.2297,NaN,1.044,44.954838,211.1,6 / 25,31672,2022-01-10 17:05:04:201
3.010769,-4.165007,2.014159,-7.442631,0.003869,6.385734,5.052939,-10.982968,7.365637,9.262867,11.013577,0.963503,104.0,8.7,-8.1,-20.025,210.3585,46.0718,-6.4937,5.0,62.41316,48.843933,2.353317,354.2297,NaN,1.044,44.954838,211.1,6 / 25,31677,2022-01-10 17:05:04:206
3.010769,-4.165007,2.014159,-7.442631,0.003869,6.385734,5.052939,-10.982968,7.365637,9.262867,11.013577,0.963503,104.0,8.7,-8.1,-20.025,210.3585,46.0718,-6.4937,5.0,62.41316,48.843933,2.353317,354.2297,NaN,1.044,44.954838,211.1,6 / 25,31682,2022-01-10 17:05:04:211
3.010769,-4.165007,2.014159,-7.442631,0.003869,6.385734,5.052939,-10.982968,7.365637,9.262867,11.013577,0.963503,104.0,8.7,-8.1,-20.025,210.3585,46.0718,-6.4937,5.0,62.41316,48.843933,2.353317,354.2297,NaN,1.044,44.954838,211.1,6 / 25,31687,2022-01-10 17:05:04:216
-4.063013,0.262911,3.562913,-7.442631,0.003869,6.385734,5.052939,-10.982968,7.365637,9.262867,11.013577,0.963503,104.0,8.7,-8.1,-20.025,210.3585,46.0718,-6.4937,5.0,62.41316,48.843933,2.353317,354.2297,NaN,1.044,44.954838,211.1,6 / 25,31693,2022-01-10 17:05:04:222
-4.063013,0.262911,3.562913,-7.442631,0.003869,6.385734,5.052939,-10.982968,7.365637,9.262867,11.013577,0.963503,104.0,8.7,-8.1,-20.025,210.3585,46.0718,-6.4937,5.0,62.41316,48.843933,2.353317,354.2297,NaN,1.044,44.954838,211.1,6 / 25,31698,2022-01-10 17:05:04:227
-4.063013,0.262911,3.562913,-7.442631,0.003869,6.385734,5.052939,-10.982968,7.365637,9.262867,11.013577,0.963503,104.0,8.7,-8.1,-20.025,210.3585,46.0718,-6.4937,5.0,62.41316,48.843933,2.353317,354.2297,NaN,1.044,44.954838,211.1,6 / 25,31708,2022-01-10 17:05:04:237
-4.063013,0.262911,3.562913,-7.442631,0.003869,6.385734,5.052939,-10.982968,7.365637,9.262867,11.013577,0.963503,104.0,8.7,-8.1,-20.025,210.3585,46.0718,-6.4937,5.0,62.41316,48.843933,2.353317,354.2297,NaN,1.044,44.954838,211.1,6 / 25,31709,2022-01-10 17:05:04:238
-4.063013,0.262911,3.562913,-7.442631,0.003869,6.385734,5.052939,-10.982968,7.365637,9.262867,11.013577,0.963503,104.0,8.7,-8.1,-20.025,210.3585,46.0718,-6.4937,5.0,62.41316,48.843933,2.353317,354.2297,NaN,1.044,44.954838,211.1,6 / 25,31713,2022-01-10 17:05:04:242
-4.063013,0.262911,3.562913,-7.442631,0.003869,6.385734,5.052939,-10.982968,7.365637,9.262867,11.013577,0.963503,104.0,8.7,-8.1,-20.025,210.3585,46.0718,-6.4937,5.0,62.41316,48.843933,2.353317,354.2297,NaN,1.044,44.954838,211.1,6 / 25,31717,2022-01-10 17:05:04:246
-4.063013,0.262911,3.562913,-7.442631,0.003869,6.385734,5.052939,-10.982968,7.365637,9.262867,11.013577,0.963503,104.0,8.7,-8.1,-20.025,210.3585,46.0718,-6.4937,5.0,62.41316,48.843933,2.353317,354.2297,NaN,1.044,44.954838,211.1,6 / 25,31723,2022-01-10 17:05:04:252
-4.063013,0.262911,3.562913,-7.442631,0.003869,6.385734,5.052939,-10.982968,7.365637,9.262867,11.013577,0.963503,104.0,8.7,-8.1,-20.025,210.3585,46.0718,-6.4937,5.0,62.41316,48.843933,2.353317,354.2297,NaN,1.044,44.954838,211.1,6 / 25,31727,2022-01-10 17:05:04:256
-4.063013,0.262911,3.562913,-7.442631,0.003869,6.385734,-1.999364,-6.44716,2.857756,9.262867,11.013577,0.963503,104.0,8.7,-8.1,-20.025,210.3585,46.0718,-6.4937,5.0,62.41316,48.843933,2.353317,354.2297,NaN,1.044,44.954838,211.1,6 / 25,31733,2022-01-10 17:05:04:262
-4.063013,0.262911,3.562913,-7.442631,0.003869,6.385734,-1.999364,-6.44716,2.857756,9.262867,11.013577,0.963503,104.0,8.7,-8.1,-20.025,210.3585,46.0718,-6.4937,5.0,62.41316,48.843933,2.353317,354.2297,NaN,1.044,44.954838,211.1,6 / 25,31737,2022-01-10 17:05:04:266
-4.063013,0.262911,3.562913,-7.442631,0.003869,6.385734,-1.999364,-6.44716,2.857756,9.262867,11.013577,0.963503,104.0,8.7,-8.1,-20.025,210.3585,46.0718,-6.4937,5.0,62.41316,48.843933,2.353317,354.2297,NaN,1.044,44.954838,211.1,6 / 25,31743,2022-01-10 17:05:04:272
-4.063013,0.262911,3.562913,-7.442631,0.003869,6.385734,-1.999364,-6.44716,2.857756,9.262867,11.013577,0.963503,104.0,8.7,-8.1,-20.025,210.3585,46.0718,-6.4937,5.0,62.41316,48.843933,2.353317,354.2297,NaN,1.044,44.954838,211.1,6 / 25,31747,2022-01-10 17:05:04:276
-4.063013,0.262911,3.562913,-7.442631,0.003869,6.385734,-1.999364,-6.44716,2.857756,9.262867,11.013577,0.963503,104.0,8.7,-8.1,-20.025,210.3585,46.0718,-6.4937,5.0,62.41316,48.843933,2.353317,354.2297,NaN,1.044,44.954838,211.1,6 / 25,31753,2022-01-10 17:05:04:282
-4.063013,0.262911,3.562913,-7.442631,0.003869,6.385734,-1.999364,-6.44716,2.857756,9.262867,11.013577,0.963503,104.0,8.7,-8.1,-20.025,210.3585,46.0718,-6.4937,5.0,62.41316,48.843933,2.353317,354.2297,NaN,1.044,44.954838,211.1,6 / 25,31758,2022-01-10 17:05:04:287
-4.063013,0.262911,3.562913,-7.442631,0.003869,6.385734,-1.999364,-6.44716,2.857756,9.262867,11.013577,0.963503,104.0,8.7,-8.1,-20.025,210.3585,46.0718,-6.4937,5.0,62.41316,48.843933,2.353317,354.2297,NaN,1.044,44.954838,211.1,6 / 25,31762,2022-01-10 17:05:04:291
-4.063013,0.262911,3.562913,-7.442631,0.003869,6.385734,-1.999364,-6.44716,2.857756,-3.770792,-6.935333,2.099042,104.0,8.7,-8.1,-20.025,210.3585,46.0718,-6.4937,5.0,62.41316,48.843933,2.353317,354.2297,NaN,1.044,44.954838,211.1,6 / 25,31768,2022-01-10 17:05:04:297
-4.063013,0.262911,3.562913,-7.442631,0.003869,6.385734,-1.999364,-6.44716,2.857756,-3.770792,-6.935333,2.099042,104.0,8.7,-8.1,-20.025,210.3585,46.0718,-6.4937,5.0,62.41316,48.843933,2.353317,354.2297,NaN,1.044,44.954838,211.1,6 / 25,31772,2022-01-10 17:05:04:301
-4.063013,0.262911,3.562913,-7.442631,0.003869,6.385734,-1.999364,-6.44716,2.857756,-3.770792,-6.935333,2.099042,104.0,8.7,-8.1,-20.025,210.3585,46.0718,-6.4937,5.0,62.41316,48.843933,2.353317,354.2297,NaN,1.044,44.954838,211.1,6 / 25,31778,2022-01-10 17:05:04:307
-4.063013,0.262911,3.562913,-7.442631,0.003869,6.385734,-1.999364,-6.44716,2.857756,-3.770792,-6.935333,2.099042,104.0,8.7,-8.1,-20.025,210.3585,46.0718,-6.4937,5.0,62.41316,48.843933,2.353317,354.2297,NaN,1.044,44.954838,211.1,6 / 25,31782,2022-01-10 17:05:04:311
1.092025,-0.693919,13.616656,-2.387997,-1.799775,9.339629,-1.999364,-6.44716,2.857756,-3.770792,-6.935333,2.099042,104.0,8.7,-8.1,-20.025,210.3585,46.0718,-6.4937,5.0,62.41316,48.843933,2.353317,354.2297,NaN,1.044,44.954838,211.1,6 / 25,31788,2022-01-10 17:05:04:317
1.092025,-0.693919,13.616656,-2.387997,-1.799775,9.339629,-1.999364,-6.44716,2.857756,-3.770792,-6.935333,2.099042,104.0,17.7,-2.775,-28.8,228.9714,10.5752,14.3424,5.0,62.41316,48.843933,2.353317,354.2297,NaN,1.044,44.954838,211.1,6 / 25,31793,2022-01-10 17:05:04:322
1.092025,-0.693919,13.616656,-2.387997,-1.799775,9.339629,-1.999364,-6.44716,2.857756,-3.770792,-6.935333,2.099042,104.0,17.7,-2.775,-28.8,228.9714,10.5752,14.3424,5.0,62.41316,48.843933,2.353317,354.2297,NaN,1.044,44.954838,211.1,6 / 25,31797,2022-01-10 17:05:04:326
1.092025,-0.693919,13.616656,-2.387997,-1.799775,9.339629,-1.999364,-6.44716,2.857756,-3.770792,-6.935333,2.099042,104.0,17.7,-2.775,-28.8,228.9714,10.5752,14.3424,5.0,62.41316,48.843933,2.353317,354.2297,NaN,1.044,44.954838,211.1,6 / 25,31802,2022-01-10 17:05:04:331
1.092025,-0.693919,13.616656,-2.387997,-1.799775,9.339629,-1.999364,-6.44716,2.857756,-3.770792,-6.935333,2.099042,104.0,17.7,-2.775,-28.8,228.9714,10.5752,14.3424,5.0,62.41316,48.843933,2.353317,354.2297,NaN,1.044,44.954838,211.1,6 / 25,31807,2022-01-10 17:05:04:336
1.092025,-0.693919,13.616656,-2.387997,-1.799775,9.339629,-1.999364,-6.44716,2.857756,-3.770792,-6.935333,2.099042,104.0,17.7,-2.775,-28.8,228.9714,10.5752,14.3424,5.0,62.41316,48.843933,2.353317,354.2297,NaN,1.044,44.954838,211.1,6 / 25,31813,2022-01-10 17:05:04:342
1.092025,-0.693919,13.616656,-2.387997,-1.799775,9.339629,-1.999364,-6.44716,2.857756,-3.770792,-6.935333,2.099042,35.0,17.7,-2.775,-28.8,228.9714,10.5752,14.3424,5.0,62.41316,48.843933,2.353317,354.2297,NaN,1.044,44.954838,211.1,6 / 25,31817,2022-01-10 17:05:04:346
1.092025,-0.693919,13.616656,-2.387997,-1.799775,9.339629,-1.999364,-6.44716,2.857756,-3.770792,-6.935333,2.099042,35.0,17.7,-2.775,-28.8,228.9714,10.5752,14.3424,5.0,51.39179,48.843933,2.353317,354.2297,NaN,1.044,44.954838,211.1,6 / 25,31822,2022-01-10 17:05:04:351
1.092025,-0.693919,13.616656,-2.387997,-1.799775,9.339629,-1.999364,-6.44716,2.857756,-3.770792,-6.935333,2.099042,35.0,17.7,-2.775,-28.8,228.9714,10.5752,14.3424,5.0,51.39179,48.843933,2.353317,354.2297,NaN,1.044,44.954838,211.1,6 / 25,31828,2022-01-10 17:05:04:357
1.092025,-0.693919,13.616656,-2.387997,-1.799775,9.339629,-1.999364,-6.44716,2.857756,-3.770792,-6.935333,2.099042,35.0,17.7,-2.775,-28.8,228.9714,10.5752,14.3424,5.0,51.39179,48.843933,2.353317,354.2297,NaN,1.044,44.954838,211.1,6 / 25,31833,2022-01-10 17:05:04:362
1.092025,-0.693919,13.616656,-2.387997,-1.799775,9.339629,-1.999364,-6.44716,2.857756,-3.770792,-6.935333,2.099042,35.0,17.7,-2.775,-28.8,228.9714,10.5752,14.3424,5.0,51.39179,48.843933,2.353317,354.2297,NaN,1.044,44.954838,211.1,6 / 25,31838,2022-01-10 17:05:04:367
1.092025,-0.693919,13.616656,-2.387997,-1.799775,9.339629,-1.999364,-6.44716,2.857756,-3.770792,-6.935333,2.099042,35.0,17.7,-2.775,-28.8,228.9714,10.5752,14.3424,5.0,51.39179,48.843933,2.353317,354.2297,NaN,1.044,44.954838,211.1,6 / 25,31846,2022-01-10 17:05:04:375
1.092025,-0.693919,13.616656,-2.387997,-1.799775,9.339629,-1.999364,-6.44716,2.857756,-3.770792,-6.935333,2.099042,35.0,17.7,-2.775,-28.8,228.9714,10.5752,14.3424,5.0,51.39179,48.843933,2.353317,354.2297,NaN,1.044,44.954838,211.1,6 / 25,31848,2022-01-10 17:05:04:377
1.092025,-0.693919,13.616656,-2.387997,-1.799775,9.339629,1.45259,-2.24511,6.507038,-3.770792,-6.935333,2.099042,35.0,17.7,-2.775,-28.8,228.9714,10.5752,14.3424,5.0,51.39179,48.843933,2.353317,354.2297,NaN,1.044,44.954838,211.1,6 / 25,31859,2022-01-10 17:05:04:388
1.092025,-0.693919,13.616656,-2.387997,-1.799775,9.339629,1.45259,-2.24511,6.507038,-3.770792,-6.935333,2.099042,35.0,17.7,-2.775,-28.8,228.9714,10.5752,14.3424,5.0,51.39179,48.843933,2.353317,354.2297,NaN,1.044,44.954838,211.1,6 / 25,31860,2022-01-10 17:05:04:389
1.092025,-0.693919,13.616656,-2.387997,-1.799775,9.339629,1.45259,-2.24511,6.507038,-3.770792,-6.935333,2.099042,35.0,17.7,-2.775,-28.8,228.9714,10.5752,14.3424,5.0,51.39179,48.843933,2.353317,354.2297,NaN,1.044,44.954838,211.1,6 / 25,31862,2022-01-10 17:05:04:391
1.092025,-0.693919,13.616656,-2.387997,-1.799775,9.339629,1.45259,-2.24511,6.507038,-3.770792,-6.935333,2.099042,35.0,17.7,-2.775,-28.8,228.9714,10.5752,14.3424,5.0,51.39179,48.843933,2.353317,354.2297,NaN,1.044,44.954838,211.1,6 / 25,31867,2022-01-10 17:05:04:396
3.178566,-2.083251,19.3035,-2.387997,-1.799775,9.339629,1.45259,-2.24511,6.507038,-3.770792,-6.935333,2.099042,35.0,17.7,-2.775,-28.8,228.9714,10.5752,14.3424,5.0,51.39179,48.843933,2.353317,354.2297,NaN,1.044,44.954838,211.1,6 / 25,31873,2022-01-10 17:05:04:402
3.178566,-2.083251,19.3035,-2.387997,-1.799775,9.339629,1.45259,-2.24511,6.507038,-3.770792,-6.935333,2.099042,35.0,17.7,-2.775,-28.8,228.9714,10.5752,14.3424,5.0,51.39179,48.843933,2.353317,354.2297,NaN,1.044,44.954838,211.1,6 / 25,31878,2022-01-10 17:05:04:407
3.178566,-2.083251,19.3035,-2.387997,-1.799775,9.339629,1.45259,-2.24511,6.507038,-3.770792,-6.935333,2.099042,35.0,17.7,-2.775,-28.8,228.9714,10.5752,14.3424,5.0,51.39179,48.843933,2.353317,354.2297,NaN,1.044,44.954838,211.1,6 / 25,31882,2022-01-10 17:05:04:411
3.178566,-2.083251,19.3035,-2.387997,-1.799775,9.339629,1.45259,-2.24511,6.507038,-3.770792,-6.935333,2.099042,35.0,17.7,-2.775,-28.8,228.9714,10.5752,14.3424,5.0,51.39179,48.843933,2.353317,354.2297,NaN,1.044,44.954838,211.1,6 / 25,31887,2022-01-10 17:05:04:416
3.178566,-2.083251,19.3035,-2.387997,-1.799775,9.339629,1.45259,-2.24511,6.507038,-3.770792,-6.935333,2.099042,35.0,17.7,-2.775,-28.8,228.9714,10.5752,14.3424,5.0,51.39179,48.843933,2.353317,354.2297,NaN,1.044,44.954838,211.1,6 / 25,31893,2022-01-10 17:05:04:422
3.178566,-2.083251,19.3035,-2.387997,-1.799775,9.339629,1.45259,-2.24511,6.507038,1.842321,-0.615438,0.907046,35.0,17.7,-2.775,-28.8,228.9714,10.5752,14.3424,5.0,51.39179,48.843933,2.353317,354.2297,NaN,1.044,44.954838,211.1,6 / 25,31899,2022-01-10 17:05:04:428
3.178566,-2.083251,19.3035,-2.387997,-1.799775,9.339629,1.45259,-2.24511,6.507038,1.842321,-0.615438,0.907046,35.0,17.7,-2.775,-28.8,228.9714,10.5752,14.3424,5.0,51.39179,48.843933,2.353317,354.2297,NaN,1.044,44.954838,211.1,6 / 25,31902,2022-01-10 17:05:04:431
3.178566,-2.083251,19.3035,-2.387997,-1.799775,9.339629,1.45259,-2.24511,6.507038,1.842321,-0.615438,0.907046,35.0,17.7,-2.775,-28.8,228.9714,10.5752,14.3424,5.0,51.39179,48.843933,2.353317,354.2297,NaN,1.044,44.954838,211.1,6 / 25,31908,2022-01-10 17:05:04:437
3.178566,-2.083251,19.3035,-2.387997,-1.799775,9.339629,1.45259,-2.24511,6.507038,1.842321,-0.615438,0.907046,35.0,17.7,-2.775,-28.8,228.9714,10.5752,14.3424,5.0,51.39179,48.843933,2.353317,354.2297,NaN,1.044,44.954838,211.1,6 / 25,31913,2022-01-10 17:05:04:442
3.178566,-2.083251,19.3035,0.108481,1.463504,9.696224,1.45259,-2.24511,6.507038,1.842321,-0.615438,0.907046,35.0,17.7,-2.775,-28.8,228.9714,10.5752,14.3424,5.0,51.39179,48.843933,2.353317,354.2297,NaN,1.044,44.954838,211.1,6 / 25,31917,2022-01-10 17:05:04:446
3.178566,-2.083251,19.3035,0.108481,1.463504,9.696224,1.45259,-2.24511,6.507038,1.842321,-0.615438,0.907046,35.0,17.7,-2.775,-28.8,228.9714,10.5752,14.3424,5.0,51.39179,48.843933,2.353317,354.2297,NaN,1.044,44.954838,211.1,6 / 25,31923,2022-01-10 17:05:04:452
3.178566,-2.083251,19.3035,0.108481,1.463504,9.696224,1.45259,-2.24511,6.507038,1.842321,-0.615438,0.907046,35.0,17.7,-2.775,-28.8,228.9714,10.5752,14.3424,5.0,51.39179,48.843933,2.353317,354.2297,NaN,1.044,44.954838,211.1,6 / 25,31927,2022-01-10 17:05:04:456
3.178566,-2.083251,19.3035,0.108481,1.463504,9.696224,1.45259,-2.24511,6.507038,1.842321,-0.615438,0.907046,35.0,17.7,-2.775,-28.8,228.9714,10.5752,14.3424,5.0,51.39179,48.843933,2.353317,354.2297,NaN,1.044,44.954838,211.1,6 / 25,31932,2022-01-10 17:05:04:461
3.178566,-2.083251,19.3035,0.108481,1.463504,9.696224,1.45259,-2.24511,6.507038,1.842321,-0.615438,0.907046,35.0,14.4,-1.575,-32.85,281.5009,-8.5826,-0.641,5.0,51.39179,48.843933,2.353317,354.2297,NaN,1.044,44.954838,211.1,6 / 25,31937,2022-01-10 17:05:04:466
3.178566,-2.083251,19.3035,0.108481,1.463504,9.696224,1.45259,-2.24511,6.507038,1.842321,-0.615438,0.907046,35.0,14.4,-1.575,-32.85,281.5009,-8.5826,-0.641,5.0,51.39179,48.843933,2.353317,354.2297,NaN,1.044,44.954838,211.1,6 / 25,31943,2022-01-10 17:05:04:472
3.178566,-2.083251,19.3035,0.108481,1.463504,9.696224,1.45259,-2.24511,6.507038,1.842321,-0.615438,0.907046,35.0,14.4,-1.575,-32.85,281.5009,-8.5826,-0.641,5.0,51.39179,48.843933,2.353317,354.2297,NaN,1.044,44.954838,211.1,6 / 25,31947,2022-01-10 17:05:04:476
3.178566,-2.083251,19.3035,0.108481,1.463504,9.696224,1.45259,-2.24511,6.507038,1.842321,-0.615438,0.907046,35.0,14.4,-1.575,-32.85,281.5009,-8.5826,-0.641,5.0,51.39179,48.843933,2.353317,354.2297,NaN,1.044,44.954838,211.1,6 / 25,31953,2022-01-10 17:05:04:482
3.178566,-2.083251,19.3035,0.108481,1.463504,9.696224,1.45259,-2.24511,6.507038,1.842321,-0.615438,0.907046,35.0,14.4,-1.575,-32.85,281.5009,-8.5826,-0.641,5.0,51.39179,48.843933,2.353317,354.2297,NaN,1.044,44.954838,211.1,6 / 25,31957,2022-01-10 17:05:04:486
3.178566,-2.083251,19.3035,0.108481,1.463504,9.696224,1.45259,-2.24511,6.507038,1.842321,-0.615438,0.907046,35.0,14.4,-1.575,-32.85,281.5009,-8.5826,-0.641,5.0,51.39179,48.843933,2.353317,354.2297,NaN,1.044,44.954838,211.1,6 / 25,31962,2022-01-10 17:05:04:491
2.125724,-0.917947,10.629517,0.108481,1.463504,9.696224,2.46363,-1.78304,5.056491,1.842321,-0.615438,0.907046,35.0,14.4,-1.575,-32.85,281.5009,-8.5826,-0.641,5.0,51.39179,48.843933,2.353317,354.2297,NaN,1.044,44.954838,211.1,6 / 25,31968,2022-01-10 17:05:04:497
2.125724,-0.917947,10.629517,0.108481,1.463504,9.696224,2.46363,-1.78304,5.056491,1.842321,-0.615438,0.907046,35.0,14.4,-1.575,-32.85,281.5009,-8.5826,-0.641,5.0,51.39179,48.843933,2.353317,354.2297,NaN,1.044,44.954838,211.1,6 / 25,31974,2022-01-10 17:05:04:503
2.125724,-0.917947,10.629517,0.108481,1.463504,9.696224,2.46363,-1.78304,5.056491,1.842321,-0.615438,0.907046,35.0,14.4,-1.575,-32.85,281.5009,-8.5826,-0.641,5.0,51.39179,48.843933,2.353317,354.2297,NaN,1.044,44.954838,211.1,6 / 25,31978,2022-01-10 17:05:04:507
2.125724,-0.917947,10.629517,0.108481,1.463504,9.696224,2.46363,-1.78304,5.056491,1.842321,-0.615438,0.907046,35.0,14.4,-1.575,-32.85,281.5009,-8.5826,-0.641,5.0,51.39179,48.843933,2.353317,354.2297,NaN,1.044,44.954838,211.1,6 / 25,31982,2022-01-10 17:05:04:511
2.125724,-0.917947,10.629517,0.108481,1.463504,9.696224,2.46363,-1.78304,5.056491,1.842321,-0.615438,0.907046,35.0,14.4,-1.575,-32.85,281.5009,-8.5826,-0.641,5.0,51.39179,48.843933,2.353317,354.2297,NaN,1.044,44.954838,211.1,6 / 25,31988,2022-01-10 17:05:04:517
2.125724,-0.917947,10.629517,0.108481,1.463504,9.696224,2.46363,-1.78304,5.056491,1.842321,-0.615438,0.907046,35.0,14.4,-1.575,-32.85,281.5009,-8.5826,-0.641,5.0,51.39179,48.843933,2.353317,354.2297,NaN,1.044,44.954838,211.1,6 / 25,31993,2022-01-10 17:05:04:522
2.125724,-0.917947,10.629517,0.108481,1.463504,9.696224,2.46363,-1.78304,5.056491,1.842321,-0.615438,0.907046,35.0,14.4,-1.575,-32.85,281.5009,-8.5826,-0.641,5.0,51.39179,48.843933,2.353317,354.2297,NaN,1.044,44.954838,211.1,6 / 25,31997,2022-01-10 17:05:04:526
2.125724,-0.917947,10.629517,0.108481,1.463504,9.696224,2.46363,-1.78304,5.056491,1.842321,-0.615438,0.907046,35.0,14.4,-1.575,-32.85,281.5009,-8.5826,-0.641,5.0,51.39179,48.843933,2.353317,354.2297,NaN,1.044,44.954838,211.1,6 / 25,32004,2022-01-10 17:05:04:533
2.125724,-0.917947,10.629517,0.108481,1.463504,9.696224,2.46363,-1.78304,5.056491,1.842321,-0.615438,0.907046,35.0,14.4,-1.575,-32.85,281.5009,-8.5826,-0.641,5.0,51.39179,48.843933,2.353317,354.2297,NaN,1.044,44.954838,211.1,6 / 25,32008,2022-01-10 17:05:04:537
2.125724,-0.917947,10.629517,0.108481,1.463504,9.696224,2.46363,-1.78304,5.056491,1.842321,-0.615438,0.907046,35.0,14.4,-1.575,-32.85,281.5009,-8.5826,-0.641,5.0,51.39179,48.843933,2.353317,354.2297,NaN,1.044,44.954838,211.1,6 / 25,32014,2022-01-10 17:05:04:543
2.125724,-0.917947,10.629517,0.108481,1.463504,9.696224,2.46363,-1.78304,5.056491,1.842321,-0.615438,0.907046,35.0,14.4,-1.575,-32.85,281.5009,-8.5826,-0.641,5.0,51.39179,48.843933,2.353317,354.2297,NaN,1.044,44.954838,211.1,6 / 25,32018,2022-01-10 17:05:04:547
2.125724,-0.917947,10.629517,0.108481,1.463504,9.696224,2.46363,-1.78304,5.056491,1.842321,-0.615438,0.907046,35.0,14.4,-1.575,-32.85,281.5009,-8.5826,-0.641,5.0,51.39179,48.843933,2.353317,354.2297,NaN,1.044,44.954838,211.1,6 / 25,32023,2022-01-10 17:05:04:552
2.125724,-0.917947,10.629517,-0.645323,1.546078,9.662484,2.46363,-1.78304,5.056491,0.16591,1.006379,0.962571,35.0,14.4,-1.575,-32.85,281.5009,-8.5826,-0.641,5.0,51.39179,48.843933,2.353317,354.2297,NaN,1.044,44.954838,211.1,6 / 25,32028,2022-01-10 17:05:04:557
2.125724,-0.917947,10.629517,-0.645323,1.546078,9.662484,2.46363,-1.78304,5.056491,0.16591,1.006379,0.962571,35.0,14.4,-1.575,-32.85,281.5009,-8.5826,-0.641,5.0,51.39179,48.843933,2.353317,354.2297,NaN,1.044,44.954838,211.1,6 / 25,32034,2022-01-10 17:05:04:563
2.125724,-0.917947,10.629517,-0.645323,1.546078,9.662484,2.46363,-1.78304,5.056491,0.16591,1.006379,0.962571,35.0,14.4,-1.575,-32.85,281.5009,-8.5826,-0.641,5.0,51.39179,48.843933,2.353317,354.2297,NaN,1.044,44.954838,211.1,6 / 25,32038,2022-01-10 17:05:04:567
2.125724,-0.917947,10.629517,-0.645323,1.546078,9.662484,2.46363,-1.78304,5.056491,0.16591,1.006379,0.962571,33.0,14.4,-1.575,-32.85,281.5009,-8.5826,-0.641,5.0,51.39179,48.843933,2.353317,354.2297,NaN,1.044,44.954838,211.1,6 / 25,32044,2022-01-10 17:05:04:573
2.125724,-0.917947,10.629517,-0.645323,1.546078,9.662484,2.46363,-1.78304,5.056491,0.16591,1.006379,0.962571,33.0,14.4,-1.575,-32.85,281.5009,-8.5826,-0.641,5.0,51.39179,48.843933,2.353317,354.2297,NaN,1.044,44.954838,211.1,6 / 25,32047,2022-01-10 17:05:04:576
2.125724,-0.917947,10.629517,-0.645323,1.546078,9.662484,2.46363,-1.78304,5.056491,0.16591,1.006379,0.962571,33.0,14.4,-1.575,-32.85,281.5009,-8.5826,-0.641,5.0,51.39179,48.843933,2.353317,354.2297,NaN,1.044,44.954838,211.1,6 / 25,32053,2022-01-10 17:05:04:582
2.125724,-0.917947,10.629517,-0.645323,1.546078,9.662484,2.46363,-1.78304,5.056491,0.16591,1.006379,0.962571,33.0,14.025,-10.2,-31.725,248.3678,-9.0709,3.8209,5.0,51.39179,48.843933,2.353317,354.2297,NaN,1.044,44.954838,211.1,6 / 25,32058,2022-01-10 17:05:04:587
2.125724,-0.917947,10.629517,-0.645323,1.546078,9.662484,2.46363,-1.78304,5.056491,0.16591,1.006379,0.962571,33.0,14.025,-10.2,-31.725,248.3678,-9.0709,3.8209,5.0,51.39179,48.843933,2.353317,354.2297,NaN,1.044,44.954838,211.1,6 / 25,32062,2022-01-10 17:05:04:591
2.125724,-0.917947,10.629517,-0.645323,1.546078,9.662484,2.46363,-1.78304,5.056491,0.16591,1.006379,0.962571,33.0,14.025,-10.2,-31.725,248.3678,-9.0709,3.8209,5.0,51.39179,48.843933,2.353317,354.2297,NaN,1.044,44.954838,211.1,6 / 25,32067,2022-01-10 17:05:04:596
2.125724,-0.917947,10.629517,-0.645323,1.546078,9.662484,2.46363,-1.78304,5.056491,0.16591,1.006379,0.962571,33.0,14.025,-10.2,-31.725,248.3678,-9.0709,3.8209,5.0,51.39179,48.843933,2.353317,354.2297,NaN,1.044,44.954838,211.1,6 / 25,32074,2022-01-10 17:05:04:603
2.125724,-0.917947,10.629517,-0.645323,1.546078,9.662484,2.46363,-1.78304,5.056491,0.16591,1.006379,0.962571,33.0,14.025,-10.2,-31.725,248.3678,-9.0709,3.8209,5.0,51.39179,48.843933,2.353317,354.2297,NaN,1.044,44.954838,211.1,6 / 25,32078,2022-01-10 17:05:04:607
2.125724,-0.917947,10.629517,-0.645323,1.546078,9.662484,2.46363,-1.78304,5.056491,0.16591,1.006379,0.962571,33.0,14.025,-10.2,-31.725,248.3678,-9.0709,3.8209,5.0,51.39179,48.843933,2.353317,354.2297,NaN,1.044,44.954838,211.1,6 / 25,32083,2022-01-10 17:05:04:612
2.125724,-0.917947,10.629517,-0.645323,1.546078,9.662484,2.46363,-1.78304,5.056491,0.16591,1.006379,0.962571,33.0,14.025,-10.2,-31.725,248.3678,-9.0709,3.8209,5.0,51.39179,48.843933,2.353317,354.2297,NaN,1.044,44.954838,211.1,6 / 25,32087,2022-01-10 17:05:04:616
2.125724,-0.917947,10.629517,-0.645323,1.546078,9.662484,2.46363,-1.78304,5.056491,0.16591,1.006379,0.962571,33.0,14.025,-10.2,-31.725,248.3678,-9.0709,3.8209,5.0,51.39179,48.843933,2.353317,354.2297,NaN,1.044,44.954838,211.1,6 / 25,32094,2022-01-10 17:05:04:623
0.718146,-0.653241,8.65454,-0.645323,1.546078,9.662484,1.230971,-1.267684,4.412684,0.16591,1.006379,0.962571,33.0,14.025,-10.2,-31.725,248.3678,-9.0709,3.8209,5.0,51.39179,48.843933,2.353317,354.2297,NaN,1.044,44.954838,211.1,6 / 25,32098,2022-01-10 17:05:04:627
0.718146,-0.653241,8.65454,-0.645323,1.546078,9.662484,1.230971,-1.267684,4.412684,0.16591,1.006379,0.962571,33.0,14.025,-10.2,-31.725,248.3678,-9.0709,3.8209,5.0,51.39179,48.843933,2.353317,354.2297,NaN,1.044,44.954838,211.1,6 / 25,32104,2022-01-10 17:05:04:633
0.718146,-0.653241,8.65454,-0.645323,1.546078,9.662484,1.230971,-1.267684,4.412684,0.16591,1.006379,0.962571,33.0,14.025,-10.2,-31.725,248.3678,-9.0709,3.8209,5.0,51.39179,48.843933,2.353317,354.2297,NaN,1.044,44.954838,211.1,6 / 25,32108,2022-01-10 17:05:04:637
0.718146,-0.653241,8.65454,-0.645323,1.546078,9.662484,1.230971,-1.267684,4.412684,0.16591,1.006379,0.962571,33.0,14.025,-10.2,-31.725,248.3678,-9.0709,3.8209,5.0,51.39179,48.843933,2.353317,354.2297,NaN,1.044,44.954838,211.1,6 / 25,32112,2022-01-10 17:05:04:641
0.718146,-0.653241,8.65454,-0.645323,1.546078,9.662484,1.230971,-1.267684,4.412684,0.16591,1.006379,0.962571,33.0,14.025,-10.2,-31.725,248.3678,-9.0709,3.8209,5.0,51.39179,48.843933,2.353317,354.2297,NaN,1.044,44.954838,211.1,6 / 25,32118,2022-01-10 17:05:04:647
0.718146,-0.653241,8.65454,-0.645323,1.546078,9.662484,1.230971,-1.267684,4.412684,0.16591,1.006379,0.962571,33.0,14.025,-10.2,-31.725,248.3678,-9.0709,3.8209,5.0,51.39179,48.843933,2.353317,354.2297,NaN,1.044,44.954838,211.1,6 / 25,32122,2022-01-10 17:05:04:651
0.718146,-0.653241,8.65454,-0.645323,1.546078,9.662484,1.230971,-1.267684,4.412684,0.16591,1.006379,0.962571,33.0,14.025,-10.2,-31.725,248.3678,-9.0709,3.8209,5.0,51.39179,48.843933,2.353317,354.2297,NaN,1.044,44.954838,211.1,6 / 25,32128,2022-01-10 17:05:04:657
0.718146,-0.653241,8.65454,-0.645323,1.546078,9.662484,1.230971,-1.267684,4.412684,0.16591,1.006379,0.962571,33.0,14.025,-10.2,-31.725,248.3678,-9.0709,3.8209,5.0,51.39179,48.843933,2.353317,354.2297,NaN,1.044,44.954838,211.1,6 / 25,32133,2022-01-10 17:05:04:662
0.718146,-0.653241,8.65454,-0.645323,1.546078,9.662484,1.230971,-1.267684,4.412684,0.16591,1.006379,0.962571,33.0,14.025,-10.2,-31.725,248.3678,-9.0709,3.8209,5.0,50.07688,48.843933,2.353317,354.2297,NaN,1.044,44.954838,211.1,6 / 25,32138,2022-01-10 17:05:04:667
0.718146,-0.653241,8.65454,-0.645323,1.546078,9.662484,1.230971,-1.267684,4.412684,0.16591,1.006379,0.962571,33.0,14.025,-10.2,-31.725,248.3678,-9.0709,3.8209,5.0,50.07688,48.843933,2.353317,354.2297,NaN,1.044,44.954838,211.1,6 / 25,32143,2022-01-10 17:05:04:672
0.718146,-0.653241,8.65454,-0.645323,1.546078,9.662484,1.230971,-1.267684,4.412684,0.16591,1.006379,0.962571,33.0,14.025,-10.2,-31.725,248.3678,-9.0709,3.8209,5.0,50.07688,48.843933,2.353317,354.2297,NaN,1.044,44.954838,211.1,6 / 25,32148,2022-01-10 17:05:04:677
0.718146,-0.653241,8.65454,-0.645323,1.546078,9.662484,1.230971,-1.267684,4.412684,0.16591,1.006379,0.962571,33.0,14.025,-10.2,-31.725,248.3678,-9.0709,3.8209,5.0,50.07688,48.843933,2.353317,354.2297,NaN,1.044,44.954838,211.1,6 / 25,32153,2022-01-10 17:05:04:682
0.718146,-0.653241,8.65454,-0.769983,1.513012,9.658587,1.230971,-1.267684,4.412684,-0.263113,0.105192,-0.216908,33.0,14.025,-10.2,-31.725,248.3678,-9.0709,3.8209,5.0,50.07688,48.843933,2.353317,354.2297,NaN,1.044,44.954838,211.1,6 / 25,32157,2022-01-10 17:05:04:686
0.718146,-0.653241,8.65454,-0.769983,1.513012,9.658587,1.230971,-1.267684,4.412684,-0.263113,0.105192,-0.216908,33.0,14.025,-10.2,-31.725,248.3678,-9.0709,3.8209,5.0,50.07688,48.843933,2.353317,354.2297,NaN,1.044,44.954838,211.1,6 / 25,32162,2022-01-10 17:05:04:691
0.718146,-0.653241,8.65454,-0.769983,1.513012,9.658587,1.230971,-1.267684,4.412684,-0.263113,0.105192,-0.216908,33.0,14.025,-10.2,-31.725,248.3678,-9.0709,3.8209,5.0,50.07688,48.843933,2.353317,354.2297,NaN,1.044,44.954838,211.1,6 / 25,32168,2022-01-10 17:05:04:697
0.718146,-0.653241,8.65454,-0.769983,1.513012,9.658587,1.230971,-1.267684,4.412684,-0.263113,0.105192,-0.216908,33.0,14.025,-10.2,-31.725,248.3678,-9.0709,3.8209,5.0,50.07688,48.843933,2.353317,354.2297,NaN,1.044,44.954838,211.1,6 / 25,32172,2022-01-10 17:05:04:701
0.718146,-0.653241,8.65454,-0.769983,1.513012,9.658587,1.230971,-1.267684,4.412684,-0.263113,0.105192,-0.216908,33.0,14.025,-10.2,-31.725,248.3678,-9.0709,3.8209,5.0,50.07688,48.843933,2.353317,354.2297,NaN,1.044,44.954838,211.1,6 / 25,32178,2022-01-10 17:05:04:707
0.718146,-0.653241,8.65454,-0.769983,1.513012,9.658587,1.230971,-1.267684,4.412684,-0.263113,0.105192,-0.216908,33.0,14.025,-10.2,-31.725,248.3678,-9.0709,3.8209,5.0,50.07688,48.843933,2.353317,354.2297,NaN,1.044,44.954838,211.1,6 / 25,32183,2022-01-10 17:05:04:712
0.718146,-0.653241,8.65454,-0.769983,1.513012,9.658587,1.230971,-1.267684,4.412684,-0.263113,0.105192,-0.216908,33.0,14.025,-10.2,-31.725,248.3678,-9.0709,3.8209,5.0,50.07688,48.843933,2.353317,354.2297,NaN,1.044,44.954838,211.1,6 / 25,32188,2022-01-10 17:05:04:717
0.718146,-0.653241,8.65454,-0.769983,1.513012,9.658587,1.230971,-1.267684,4.412684,-0.263113,0.105192,-0.216908,33.0,14.025,-10.2,-31.725,248.3678,-9.0709,3.8209,5.0,50.07688,48.843933,2.353317,354.2297,NaN,1.044,44.954838,211.1,6 / 25,32193,2022-01-10 17:05:04:722
-0.762114,-0.649651,9.988838,-0.769983,1.513012,9.658587,1.230971,-1.267684,4.412684,-0.263113,0.105192,-0.216908,33.0,10.8,-16.95,-32.25,215.6553,-8.8753,4.558,5.0,50.07688,48.843933,2.353317,354.2297,NaN,1.044,44.954838,211.1,6 / 25,32200,2022-01-10 17:05:04:729
-0.762114,-0.649651,9.988838,-0.769983,1.513012,9.658587,1.230971,-1.267684,4.412684,-0.263113,0.105192,-0.216908,33.0,10.8,-16.95,-32.25,215.6553,-8.8753,4.558,5.0,50.07688,48.843933,2.353317,354.2297,NaN,1.044,44.954838,211.1,6 / 25,32203,2022-01-10 17:05:04:732
-0.762114,-0.649651,9.988838,-0.769983,1.513012,9.658587,1.230971,-1.267684,4.412684,-0.263113,0.105192,-0.216908,33.0,10.8,-16.95,-32.25,215.6553,-8.8753,4.558,5.0,50.07688,48.843933,2.353317,354.2297,NaN,1.044,44.954838,211.1,6 / 25,32208,2022-01-10 17:05:04:737
-0.762114,-0.649651,9.988838,-0.769983,1.513012,9.658587,1.230971,-1.267684,4.412684,-0.263113,0.105192,-0.216908,33.0,10.8,-16.95,-32.25,215.6553,-8.8753,4.558,5.0,50.07688,48.843933,2.353317,354.2297,NaN,1.044,44.954838,211.1,6 / 25,32212,2022-01-10 17:05:04:741
-0.762114,-0.649651,9.988838,-0.769983,1.513012,9.658587,1.230971,-1.267684,4.412684,-0.263113,0.105192,-0.216908,33.0,10.8,-16.95,-32.25,215.6553,-8.8753,4.558,5.0,50.07688,48.843933,2.353317,354.2297,NaN,1.044,44.954838,211.1,6 / 25,32217,2022-01-10 17:05:04:746
-0.762114,-0.649651,9.988838,-0.769983,1.513012,9.658587,1.42442,-1.450436,4.935075,-0.263113,0.105192,-0.216908,33.0,10.8,-16.95,-32.25,215.6553,-8.8753,4.558,5.0,50.07688,48.843933,2.353317,354.2297,NaN,1.044,44.954838,211.1,6 / 25,32222,2022-01-10 17:05:04:751
-0.762114,-0.649651,9.988838,-0.769983,1.513012,9.658587,1.42442,-1.450436,4.935075,-0.263113,0.105192,-0.216908,33.0,10.8,-16.95,-32.25,215.6553,-8.8753,4.558,5.0,50.07688,48.843933,2.353317,354.2297,NaN,1.044,44.954838,211.1,6 / 25,32229,2022-01-10 17:05:04:758
-0.762114,-0.649651,9.988838,-0.769983,1.513012,9.658587,1.42442,-1.450436,4.935075,-0.263113,0.105192,-0.216908,33.0,10.8,-16.95,-32.25,215.6553,-8.8753,4.558,5.0,50.07688,48.843933,2.353317,354.2297,NaN,1.044,44.954838,211.1,6 / 25,32232,2022-01-10 17:05:04:761
-0.762114,-0.649651,9.988838,-0.769983,1.513012,9.658587,1.42442,-1.450436,4.935075,-0.263113,0.105192,-0.216908,33.0,10.8,-16.95,-32.25,215.6553,-8.8753,4.558,5.0,50.07688,48.843933,2.353317,354.2297,NaN,1.044,44.954838,211.1,6 / 25,32240,2022-01-10 17:05:04:769
-0.762114,-0.649651,9.988838,-0.769983,1.513012,9.658587,1.42442,-1.450436,4.935075,-0.263113,0.105192,-0.216908,33.0,10.8,-16.95,-32.25,215.6553,-8.8753,4.558,5.0,50.07688,48.843933,2.353317,354.2297,NaN,1.044,44.954838,211.1,6 / 25,32242,2022-01-10 17:05:04:771
-0.762114,-0.649651,9.988838,-0.769983,1.513012,9.658587,1.42442,-1.450436,4.935075,-0.263113,0.105192,-0.216908,33.0,10.8,-16.95,-32.25,215.6553,-8.8753,4.558,5.0,50.07688,48.843933,2.353317,354.2297,NaN,1.044,44.954838,211.1,6 / 25,32248,2022-01-10 17:05:04:777
-0.762114,-0.649651,9.988838,-0.769983,1.513012,9.658587,1.42442,-1.450436,4.935075,-0.263113,0.105192,-0.216908,33.0,10.8,-16.95,-32.25,215.6553,-8.8753,4.558,5.0,50.07688,48.843933,2.353317,354.2297,NaN,1.044,44.954838,211.1,6 / 25,32254,2022-01-10 17:05:04:783
-0.762114,-0.649651,9.988838,-0.769983,1.513012,9.658587,1.42442,-1.450436,4.935075,-0.263113,0.105192,-0.216908,33.0,10.8,-16.95,-32.25,215.6553,-8.8753,4.558,5.0,50.07688,48.843933,2.353317,354.2297,NaN,1.044,44.954838,211.1,6 / 25,32258,2022-01-10 17:05:04:787
-0.762114,-0.649651,9.988838,-0.769983,1.513012,9.658587,1.42442,-1.450436,4.935075,-0.263113,0.105192,-0.216908,33.0,10.8,-16.95,-32.25,215.6553,-8.8753,4.558,5.0,50.07688,48.843933,2.353317,354.2297,NaN,1.044,44.954838,211.1,6 / 25,32262,2022-01-10 17:05:04:791
-0.762114,-0.649651,9.988838,-0.769983,1.513012,9.658587,1.42442,-1.450436,4.935075,-0.263113,0.105192,-0.216908,33.0,10.8,-16.95,-32.25,215.6553,-8.8753,4.558,5.0,50.07688,48.843933,2.353317,354.2297,NaN,1.044,44.954838,211.1,6 / 25,32268,2022-01-10 17:05:04:797
-0.762114,-0.649651,9.988838,-0.829974,0.426743,9.762142,1.42442,-1.450436,4.935075,-0.263113,0.105192,-0.216908,33.0,10.8,-16.95,-32.25,215.6553,-8.8753,4.558,5.0,50.07688,48.843933,2.353317,354.2297,NaN,1.044,44.954838,211.1,6 / 25,32273,2022-01-10 17:05:04:802
-0.762114,-0.649651,9.988838,-0.829974,0.426743,9.762142,1.42442,-1.450436,4.935075,-0.263113,0.105192,-0.216908,33.0,10.8,-16.95,-32.25,215.6553,-8.8753,4.558,5.0,50.07688,48.843933,2.353317,354.2297,NaN,1.044,44.954838,211.1,6 / 25,32278,2022-01-10 17:05:04:807
-0.762114,-0.649651,9.988838,-0.829974,0.426743,9.762142,1.42442,-1.450436,4.935075,-0.263113,0.105192,-0.216908,33.0,10.8,-16.95,-32.25,215.6553,-8.8753,4.558,5.0,50.07688,48.843933,2.353317,354.2297,NaN,1.044,44.954838,211.1,6 / 25,32282,2022-01-10 17:05:04:811
-0.762114,-0.649651,9.988838,-0.829974,0.426743,9.762142,1.42442,-1.450436,4.935075,-0.263113,0.105192,-0.216908,71.0,10.8,-16.95,-32.25,215.6553,-8.8753,4.558,5.0,50.07688,48.843933,2.353317,354.2297,NaN,1.044,44.954838,211.1,6 / 25,32288,2022-01-10 17:05:04:817
-0.624527,-0.030508,11.109876,-0.829974,0.426743,9.762142,1.42442,-1.450436,4.935075,-0.263113,0.105192,-0.216908,71.0,10.8,-16.95,-32.25,215.6553,-8.8753,4.558,5.0,50.07688,48.843933,2.353317,354.2297,NaN,1.044,44.954838,211.1,6 / 25,32293,2022-01-10 17:05:04:822
-0.624527,-0.030508,11.109876,-0.829974,0.426743,9.762142,1.42442,-1.450436,4.935075,-0.263113,0.105192,-0.216908,71.0,10.8,-16.95,-32.25,215.6553,-8.8753,4.558,5.0,50.07688,48.843933,2.353317,354.2297,NaN,1.044,44.954838,211.1,6 / 25,32297,2022-01-10 17:05:04:826
-0.624527,-0.030508,11.109876,-0.829974,0.426743,9.762142,1.42442,-1.450436,4.935075,-0.263113,0.105192,-0.216908,71.0,10.8,-16.95,-32.25,215.6553,-8.8753,4.558,5.0,50.07688,48.843933,2.353317,354.2297,NaN,1.044,44.954838,211.1,6 / 25,32303,2022-01-10 17:05:04:832
-0.624527,-0.030508,11.109876,-0.829974,0.426743,9.762142,1.42442,-1.450436,4.935075,-0.263113,0.105192,-0.216908,71.0,10.8,-16.95,-32.25,215.6553,-8.8753,4.558,5.0,50.07688,48.843933,2.353317,354.2297,NaN,1.044,44.954838,211.1,6 / 25,32307,2022-01-10 17:05:04:836
-0.624527,-0.030508,11.109876,-0.829974,0.426743,9.762142,1.42442,-1.450436,4.935075,-1.592923,0.166975,-0.330355,71.0,10.8,-16.95,-32.25,215.6553,-8.8753,4.558,5.0,50.07688,48.843933,2.353317,354.2297,NaN,1.044,44.954838,211.1,6 / 25,32313,2022-01-10 17:05:04:842
-0.624527,-0.030508,11.109876,-0.829974,0.426743,9.762142,1.42442,-1.450436,4.935075,-1.592923,0.166975,-0.330355,71.0,10.8,-16.95,-32.25,215.6553,-8.8753,4.558,5.0,50.07688,48.843933,2.353317,354.2297,NaN,1.044,44.954838,211.1,6 / 25,32318,2022-01-10 17:05:04:847
-0.624527,-0.030508,11.109876,-0.829974,0.426743,9.762142,1.42442,-1.450436,4.935075,-1.592923,0.166975,-0.330355,71.0,10.8,-16.95,-32.25,215.6553,-8.8753,4.558,5.0,50.07688,48.843933,2.353317,354.2297,NaN,1.044,44.954838,211.1,6 / 25,32322,2022-01-10 17:05:04:851
-0.624527,-0.030508,11.109876,-0.829974,0.426743,9.762142,1.42442,-1.450436,4.935075,-1.592923,0.166975,-0.330355,71.0,10.8,-16.95,-32.25,215.6553,-8.8753,4.558,5.0,50.07688,48.843933,2.353317,354.2297,NaN,1.044,44.954838,211.1,6 / 25,32327,2022-01-10 17:05:04:856
-0.624527,-0.030508,11.109876,-0.829974,0.426743,9.762142,1.961044,-0.550698,4.778177,-1.592923,0.166975,-0.330355,71.0,10.8,-16.95,-32.25,215.6553,-8.8753,4.558,5.0,50.07688,48.843933,2.353317,354.2297,NaN,1.044,44.954838,211.1,6 / 25,32333,2022-01-10 17:05:04:862
-0.624527,-0.030508,11.109876,-0.829974,0.426743,9.762142,1.961044,-0.550698,4.778177,-1.592923,0.166975,-0.330355,71.0,5.475,-19.05,-34.2,186.8526,-2.4941,4.8596,5.0,50.07688,48.843933,2.353317,354.2297,NaN,1.044,44.954838,211.1,6 / 25,32338,2022-01-10 17:05:04:867
-0.624527,-0.030508,11.109876,-0.829974,0.426743,9.762142,1.961044,-0.550698,4.778177,-1.592923,0.166975,-0.330355,71.0,5.475,-19.05,-34.2,186.8526,-2.4941,4.8596,5.0,50.07688,48.843933,2.353317,354.2297,NaN,1.044,44.954838,211.1,6 / 25,32342,2022-01-10 17:05:04:871
-0.624527,-0.030508,11.109876,-0.829974,0.426743,9.762142,1.961044,-0.550698,4.778177,-1.592923,0.166975,-0.330355,71.0,5.475,-19.05,-34.2,186.8526,-2.4941,4.8596,5.0,50.07688,48.843933,2.353317,354.2297,NaN,1.044,44.954838,211.1,6 / 25,32347,2022-01-10 17:05:04:876
-0.624527,-0.030508,11.109876,-0.829974,0.426743,9.762142,1.961044,-0.550698,4.778177,-1.592923,0.166975,-0.330355,71.0,5.475,-19.05,-34.2,186.8526,-2.4941,4.8596,5.0,50.07688,48.843933,2.353317,354.2297,NaN,1.044,44.954838,211.1,6 / 25,32353,2022-01-10 17:05:04:882
-0.624527,-0.030508,11.109876,-0.829974,0.426743,9.762142,1.961044,-0.550698,4.778177,-1.592923,0.166975,-0.330355,71.0,5.475,-19.05,-34.2,186.8526,-2.4941,4.8596,5.0,50.07688,48.843933,2.353317,354.2297,NaN,1.044,44.954838,211.1,6 / 25,32357,2022-01-10 17:05:04:886
-0.624527,-0.030508,11.109876,-0.829974,0.426743,9.762142,1.961044,-0.550698,4.778177,-1.592923,0.166975,-0.330355,71.0,5.475,-19.05,-34.2,186.8526,-2.4941,4.8596,5.0,50.07688,48.843933,2.353317,354.2297,NaN,1.044,44.954838,211.1,6 / 25,32363,2022-01-10 17:05:04:892
-0.624527,-0.030508,11.109876,-0.829974,0.426743,9.762142,1.961044,-0.550698,4.778177,-1.592923,0.166975,-0.330355,71.0,5.475,-19.05,-34.2,186.8526,-2.4941,4.8596,5.0,50.07688,48.843933,2.353317,354.2297,NaN,1.044,44.954838,211.1,6 / 25,32367,2022-01-10 17:05:04:896
-0.624527,-0.030508,11.109876,-0.829974,0.426743,9.762142,1.961044,-0.550698,4.778177,-1.592923,0.166975,-0.330355,71.0,5.475,-19.05,-34.2,186.8526,-2.4941,4.8596,5.0,50.07688,48.843933,2.353317,354.2297,NaN,1.044,44.954838,211.1,6 / 25,32373,2022-01-10 17:05:04:902
-0.624527,-0.030508,11.109876,-0.829974,0.426743,9.762142,1.961044,-0.550698,4.778177,-1.592923,0.166975,-0.330355,71.0,5.475,-19.05,-34.2,186.8526,-2.4941,4.8596,5.0,50.07688,48.843933,2.353317,354.2297,NaN,1.044,44.954838,211.1,6 / 25,32378,2022-01-10 17:05:04:907
-0.624527,-0.030508,11.109876,-0.829974,0.426743,9.762142,1.961044,-0.550698,4.778177,-1.592923,0.166975,-0.330355,71.0,5.475,-19.05,-34.2,186.8526,-2.4941,4.8596,5.0,50.07688,48.843933,2.353317,354.2297,NaN,1.044,44.954838,211.1,6 / 25,32382,2022-01-10 17:05:04:911
-0.624527,-0.030508,11.109876,-0.829974,0.426743,9.762142,1.961044,-0.550698,4.778177,-1.592923,0.166975,-0.330355,71.0,5.475,-19.05,-34.2,186.8526,-2.4941,4.8596,5.0,50.07688,48.843933,2.353317,354.2297,NaN,1.044,44.954838,211.1,6 / 25,32388,2022-01-10 17:05:04:917
-0.624527,-0.030508,11.109876,-0.829974,0.426743,9.762142,1.961044,-0.550698,4.778177,-1.592923,0.166975,-0.330355,71.0,5.475,-19.05,-34.2,186.8526,-2.4941,4.8596,5.0,50.07688,48.843933,2.353317,354.2297,NaN,1.044,44.954838,211.1,6 / 25,32392,2022-01-10 17:05:04:921
0.258425,-1.777867,17.26631,-0.829974,0.426743,9.762142,1.961044,-0.550698,4.778177,-1.592923,0.166975,-0.330355,71.0,5.475,-19.05,-34.2,186.8526,-2.4941,4.8596,5.0,50.07688,48.843933,2.353317,354.2297,NaN,1.044,44.954838,211.1,6 / 25,32397,2022-01-10 17:05:04:926
0.258425,-1.777867,17.26631,-0.487054,-0.457789,9.783843,1.961044,-0.550698,4.778177,-1.592923,0.166975,-0.330355,71.0,5.475,-19.05,-34.2,186.8526,-2.4941,4.8596,5.0,50.07688,48.843933,2.353317,354.2297,NaN,1.044,44.954838,211.1,6 / 25,32403,2022-01-10 17:05:04:932
0.258425,-1.777867,17.26631,-0.487054,-0.457789,9.783843,1.961044,-0.550698,4.778177,-1.592923,0.166975,-0.330355,71.0,5.475,-19.05,-34.2,186.8526,-2.4941,4.8596,5.0,50.07688,48.843933,2.353317,354.2297,NaN,1.044,44.954838,211.1,6 / 25,32407,2022-01-10 17:05:04:936
0.258425,-1.777867,17.26631,-0.487054,-0.457789,9.783843,1.961044,-0.550698,4.778177,-1.592923,0.166975,-0.330355,71.0,5.475,-19.05,-34.2,186.8526,-2.4941,4.8596,5.0,50.07688,48.843933,2.353317,354.2297,NaN,1.044,44.954838,211.1,6 / 25,32412,2022-01-10 17:05:04:941
0.258425,-1.777867,17.26631,-0.487054,-0.457789,9.783843,1.961044,-0.550698,4.778177,-1.592923,0.166975,-0.330355,71.0,5.475,-19.05,-34.2,186.8526,-2.4941,4.8596,5.0,50.07688,48.843933,2.353317,354.2297,NaN,1.044,44.954838,211.1,6 / 25,32419,2022-01-10 17:05:04:948
0.258425,-1.777867,17.26631,-0.487054,-0.457789,9.783843,1.961044,-0.550698,4.778177,-1.592923,0.166975,-0.330355,71.0,5.475,-19.05,-34.2,186.8526,-2.4941,4.8596,5.0,50.07688,48.843933,2.353317,354.2297,NaN,1.044,44.954838,211.1,6 / 25,32422,2022-01-10 17:05:04:951
0.258425,-1.777867,17.26631,-0.487054,-0.457789,9.783843,1.961044,-0.550698,4.778177,-1.592923,0.166975,-0.330355,71.0,5.475,-19.05,-34.2,186.8526,-2.4941,4.8596,5.0,50.07688,48.843933,2.353317,354.2297,NaN,1.044,44.954838,211.1,6 / 25,32429,2022-01-10 17:05:04:958
0.258425,-1.777867,17.26631,-0.487054,-0.457789,9.783843,1.961044,-0.550698,4.778177,-1.592923,0.166975,-0.330355,71.0,5.475,-19.05,-34.2,186.8526,-2.4941,4.8596,5.0,50.07688,48.843933,2.353317,354.2297,NaN,1.044,44.954838,211.1,6 / 25,32433,2022-01-10 17:05:04:962
0.258425,-1.777867,17.26631,-0.487054,-0.457789,9.783843,1.961044,-0.550698,4.778177,-1.592923,0.166975,-0.330355,71.0,5.475,-19.05,-34.2,186.8526,-2.4941,4.8596,5.0,50.07688,48.843933,2.353317,354.2297,NaN,1.044,44.954838,211.1,6 / 25,32438,2022-01-10 17:05:04:967
0.258425,-1.777867,17.26631,-0.487054,-0.457789,9.783843,1.961044,-0.550698,4.778177,-1.592923,0.166975,-0.330355,71.0,5.475,-19.05,-34.2,186.8526,-2.4941,4.8596,5.0,50.07688,48.843933,2.353317,354.2297,NaN,1.044,44.954838,211.1,6 / 25,32442,2022-01-10 17:05:04:971
0.258425,-1.777867,17.26631,-0.487054,-0.457789,9.783843,1.961044,-0.550698,4.778177,1.852174,-2.459756,0.78987,71.0,5.475,-19.05,-34.2,186.8526,-2.4941,4.8596,5.0,50.07688,48.843933,2.353317,354.2297,NaN,1.044,44.954838,211.1,6 / 25,32448,2022-01-10 17:05:04:977
0.258425,-1.777867,17.26631,-0.487054,-0.457789,9.783843,1.961044,-0.550698,4.778177,1.852174,-2.459756,0.78987,71.0,5.475,-19.05,-34.2,186.8526,-2.4941,4.8596,5.0,50.07688,48.843933,2.353317,354.2297,NaN,1.044,44.954838,211.1,6 / 25,32452,2022-01-10 17:05:04:981
0.258425,-1.777867,17.26631,-0.487054,-0.457789,9.783843,1.961044,-0.550698,4.778177,1.852174,-2.459756,0.78987,71.0,4.275,-18.75,-34.575,186.2406,2.6756,2.8499,5.0,50.07688,48.843933,2.353317,354.2297,NaN,1.044,44.954838,211.1,6 / 25,32457,2022-01-10 17:05:04:986
0.258425,-1.777867,17.26631,-0.487054,-0.457789,9.783843,1.961044,-0.550698,4.778177,1.852174,-2.459756,0.78987,71.0,4.275,-18.75,-34.575,186.2406,2.6756,2.8499,5.0,50.07688,48.843933,2.353317,354.2297,NaN,1.044,44.954838,211.1,6 / 25,32463,2022-01-10 17:05:04:992
0.258425,-1.777867,17.26631,-0.487054,-0.457789,9.783843,1.961044,-0.550698,4.778177,1.852174,-2.459756,0.78987,71.0,4.275,-18.75,-34.575,186.2406,2.6756,2.8499,5.0,50.07688,48.843933,2.353317,354.2297,NaN,1.044,44.954838,211.1,6 / 25,32467,2022-01-10 17:05:04:996
0.258425,-1.777867,17.26631,-0.487054,-0.457789,9.783843,0.215201,-1.896723,11.567318,1.852174,-2.459756,0.78987,71.0,4.275,-18.75,-34.575,186.2406,2.6756,2.8499,5.0,36.16948,48.843933,2.353317,354.2297,NaN,1.044,44.954838,211.1,6 / 25,32472,2022-01-10 17:05:05:001
0.258425,-1.777867,17.26631,-0.487054,-0.457789,9.783843,0.215201,-1.896723,11.567318,1.852174,-2.459756,0.78987,71.0,4.275,-18.75,-34.575,186.2406,2.6756,2.8499,5.0,36.16948,48.843933,2.353317,354.2297,NaN,1.044,44.954838,211.1,6 / 25,32477,2022-01-10 17:05:05:006
0.258425,-1.777867,17.26631,-0.487054,-0.457789,9.783843,0.215201,-1.896723,11.567318,1.852174,-2.459756,0.78987,71.0,4.275,-18.75,-34.575,186.2406,2.6756,2.8499,5.0,36.16948,48.843933,2.353317,354.2297,NaN,1.044,44.954838,211.1,6 / 25,32485,2022-01-10 17:05:05:014
0.258425,-1.777867,17.26631,-0.487054,-0.457789,9.783843,0.215201,-1.896723,11.567318,1.852174,-2.459756,0.78987,71.0,4.275,-18.75,-34.575,186.2406,2.6756,2.8499,5.0,36.16948,48.843933,2.353317,354.2297,NaN,1.044,44.954838,211.1,6 / 25,32488,2022-01-10 17:05:05:017
0.258425,-1.777867,17.26631,-0.487054,-0.457789,9.783843,0.215201,-1.896723,11.567318,1.852174,-2.459756,0.78987,71.0,4.275,-18.75,-34.575,186.2406,2.6756,2.8499,5.0,36.16948,48.843933,2.353317,354.2297,NaN,1.044,44.954838,211.1,6 / 25,32493,2022-01-10 17:05:05:022
0.258425,-1.777867,17.26631,-0.487054,-0.457789,9.783843,0.215201,-1.896723,11.567318,1.852174,-2.459756,0.78987,71.0,4.275,-18.75,-34.575,186.2406,2.6756,2.8499,5.0,36.16948,48.843933,2.353317,354.2297,NaN,1.044,44.954838,211.1,6 / 25,32497,2022-01-10 17:05:05:026
0.258425,-1.777867,17.26631,-0.487054,-0.457789,9.783843,0.215201,-1.896723,11.567318,1.852174,-2.459756,0.78987,71.0,4.275,-18.75,-34.575,186.2406,2.6756,2.8499,5.0,36.16948,48.843933,2.353317,354.2297,NaN,1.044,44.954838,211.1,6 / 25,32502,2022-01-10 17:05:05:031
5.647062,0.878764,16.068401,-0.487054,-0.457789,9.783843,0.215201,-1.896723,11.567318,1.852174,-2.459756,0.78987,71.0,4.275,-18.75,-34.575,186.2406,2.6756,2.8499,5.0,36.16948,48.843933,2.353317,354.2297,NaN,1.044,44.954838,211.1,6 / 25,32513,2022-01-10 17:05:05:042
5.647062,0.878764,16.068401,-0.487054,-0.457789,9.783843,0.215201,-1.896723,11.567318,1.852174,-2.459756,0.78987,71.0,4.275,-18.75,-34.575,186.2406,2.6756,2.8499,5.0,36.16948,48.843933,2.353317,354.2297,NaN,1.044,44.954838,211.1,6 / 25,32514,2022-01-10 17:05:05:043
5.647062,0.878764,16.068401,2.435376,2.012141,9.28389,0.215201,-1.896723,11.567318,1.852174,-2.459756,0.78987,21.0,4.275,-18.75,-34.575,186.2406,2.6756,2.8499,5.0,36.16948,48.843933,2.353317,354.2297,NaN,1.044,44.954838,211.1,6 / 25,32518,2022-01-10 17:05:05:047
5.647062,0.878764,16.068401,2.435376,2.012141,9.28389,0.215201,-1.896723,11.567318,1.852174,-2.459756,0.78987,21.0,4.275,-18.75,-34.575,186.2406,2.6756,2.8499,5.0,36.16948,48.843933,2.353317,354.2297,NaN,1.044,44.954838,211.1,6 / 25,32522,2022-01-10 17:05:05:051
5.647062,0.878764,16.068401,2.435376,2.012141,9.28389,0.215201,-1.896723,11.567318,1.852174,-2.459756,0.78987,21.0,4.275,-18.75,-34.575,186.2406,2.6756,2.8499,5.0,36.16948,48.843933,2.353317,354.2297,NaN,1.044,44.954838,211.1,6 / 25,32527,2022-01-10 17:05:05:056
5.647062,0.878764,16.068401,2.435376,2.012141,9.28389,0.215201,-1.896723,11.567318,1.852174,-2.459756,0.78987,21.0,4.275,-18.75,-34.575,186.2406,2.6756,2.8499,5.0,36.16948,48.843933,2.353317,354.2297,NaN,1.044,44.954838,211.1,6 / 25,32533,2022-01-10 17:05:05:062
5.647062,0.878764,16.068401,2.435376,2.012141,9.28389,0.215201,-1.896723,11.567318,1.852174,-2.459756,0.78987,21.0,4.275,-18.75,-34.575,186.2406,2.6756,2.8499,5.0,36.16948,48.843933,2.353317,354.2297,NaN,1.044,44.954838,211.1,6 / 25,32538,2022-01-10 17:05:05:067
5.647062,0.878764,16.068401,2.435376,2.012141,9.28389,0.215201,-1.896723,11.567318,1.852174,-2.459756,0.78987,21.0,4.275,-18.75,-34.575,186.2406,2.6756,2.8499,5.0,36.16948,48.843933,2.353317,354.2297,NaN,1.044,44.954838,211.1,6 / 25,32542,2022-01-10 17:05:05:071
5.647062,0.878764,16.068401,2.435376,2.012141,9.28389,0.215201,-1.896723,11.567318,1.852174,-2.459756,0.78987,21.0,4.275,-18.75,-34.575,186.2406,2.6756,2.8499,5.0,36.16948,48.843933,2.353317,354.2297,NaN,1.044,44.954838,211.1,6 / 25,32548,2022-01-10 17:05:05:077
5.647062,0.878764,16.068401,2.435376,2.012141,9.28389,0.215201,-1.896723,11.567318,1.852174,-2.459756,0.78987,21.0,4.275,-18.75,-34.575,186.2406,2.6756,2.8499,5.0,36.16948,48.843933,2.353317,354.2297,NaN,1.044,44.954838,211.1,6 / 25,32553,2022-01-10 17:05:05:082
5.647062,0.878764,16.068401,2.435376,2.012141,9.28389,0.215201,-1.896723,11.567318,1.852174,-2.459756,0.78987,21.0,4.275,-18.75,-34.575,186.2406,2.6756,2.8499,5.0,36.16948,48.843933,2.353317,354.2297,NaN,1.044,44.954838,211.1,6 / 25,32557,2022-01-10 17:05:05:086
5.647062,0.878764,16.068401,2.435376,2.012141,9.28389,0.215201,-1.896723,11.567318,6.301386,-0.364043,-1.998377,21.0,4.275,-18.75,-34.575,186.2406,2.6756,2.8499,5.0,36.16948,48.843933,2.353317,354.2297,NaN,1.044,44.954838,211.1,6 / 25,32564,2022-01-10 17:05:05:093
5.647062,0.878764,16.068401,2.435376,2.012141,9.28389,0.215201,-1.896723,11.567318,6.301386,-0.364043,-1.998377,21.0,4.275,-18.75,-34.575,186.2406,2.6756,2.8499,5.0,36.16948,48.843933,2.353317,354.2297,NaN,1.044,44.954838,211.1,6 / 25,32567,2022-01-10 17:05:05:096
5.647062,0.878764,16.068401,2.435376,2.012141,9.28389,0.215201,-1.896723,11.567318,6.301386,-0.364043,-1.998377,21.0,4.275,-18.75,-34.575,186.2406,2.6756,2.8499,5.0,36.16948,48.843933,2.353317,354.2297,NaN,1.044,44.954838,211.1,6 / 25,32572,2022-01-10 17:05:05:101
5.647062,0.878764,16.068401,2.435376,2.012141,9.28389,0.215201,-1.896723,11.567318,6.301386,-0.364043,-1.998377,21.0,4.275,-18.75,-34.575,186.2406,2.6756,2.8499,5.0,36.16948,48.843933,2.353317,354.2297,NaN,1.044,44.954838,211.1,6 / 25,32577,2022-01-10 17:05:05:106
5.647062,0.878764,16.068401,2.435376,2.012141,9.28389,0.215201,-1.896723,11.567318,6.301386,-0.364043,-1.998377,21.0,4.275,-18.75,-34.575,186.2406,2.6756,2.8499,5.0,36.16948,48.843933,2.353317,354.2297,NaN,1.044,44.954838,211.1,6 / 25,32583,2022-01-10 17:05:05:112
5.647062,0.878764,16.068401,2.435376,2.012141,9.28389,6.292959,-1.719107,12.374838,6.301386,-0.364043,-1.998377,21.0,4.275,-18.75,-34.575,186.2406,2.6756,2.8499,5.0,36.16948,48.843933,2.353317,354.2297,NaN,1.044,44.954838,211.1,6 / 25,32588,2022-01-10 17:05:05:117
5.647062,0.878764,16.068401,2.435376,2.012141,9.28389,6.292959,-1.719107,12.374838,6.301386,-0.364043,-1.998377,21.0,4.275,-18.75,-34.575,186.2406,2.6756,2.8499,5.0,36.16948,48.843933,2.353317,354.2297,NaN,1.044,44.954838,211.1,6 / 25,32592,2022-01-10 17:05:05:121
5.647062,0.878764,16.068401,2.435376,2.012141,9.28389,6.292959,-1.719107,12.374838,6.301386,-0.364043,-1.998377,21.0,1.05,-20.4,-32.55,215.5371,-11.8401,-14.6988,5.0,36.16948,48.843933,2.353317,354.2297,NaN,1.044,44.954838,211.1,6 / 25,32597,2022-01-10 17:05:05:126
5.647062,0.878764,16.068401,2.435376,2.012141,9.28389,6.292959,-1.719107,12.374838,6.301386,-0.364043,-1.998377,21.0,1.05,-20.4,-32.55,215.5371,-11.8401,-14.6988,5.0,36.16948,48.843933,2.353317,354.2297,NaN,1.044,44.954838,211.1,6 / 25,32602,2022-01-10 17:05:05:131
5.647062,0.878764,16.068401,2.435376,2.012141,9.28389,6.292959,-1.719107,12.374838,6.301386,-0.364043,-1.998377,21.0,1.05,-20.4,-32.55,215.5371,-11.8401,-14.6988,5.0,36.16948,48.843933,2.353317,354.2297,NaN,1.044,44.954838,211.1,6 / 25,32608,2022-01-10 17:05:05:137
5.647062,0.878764,16.068401,2.435376,2.012141,9.28389,6.292959,-1.719107,12.374838,6.301386,-0.364043,-1.998377,21.0,1.05,-20.4,-32.55,215.5371,-11.8401,-14.6988,5.0,36.16948,48.843933,2.353317,354.2297,NaN,1.044,44.954838,211.1,6 / 25,32612,2022-01-10 17:05:05:141
5.647062,0.878764,16.068401,2.435376,2.012141,9.28389,6.292959,-1.719107,12.374838,6.301386,-0.364043,-1.998377,21.0,1.05,-20.4,-32.55,215.5371,-11.8401,-14.6988,5.0,36.16948,48.843933,2.353317,354.2297,NaN,1.044,44.954838,211.1,6 / 25,32617,2022-01-10 17:05:05:146
5.647062,0.878764,16.068401,2.435376,2.012141,9.28389,6.292959,-1.719107,12.374838,6.301386,-0.364043,-1.998377,21.0,1.05,-20.4,-32.55,215.5371,-11.8401,-14.6988,5.0,36.16948,48.843933,2.353317,354.2297,NaN,1.044,44.954838,211.1,6 / 25,32622,2022-01-10 17:05:05:151
5.855237,-2.78046,17.85913,2.435376,2.012141,9.28389,6.292959,-1.719107,12.374838,6.301386,-0.364043,-1.998377,21.0,1.05,-20.4,-32.55,215.5371,-11.8401,-14.6988,5.0,36.16948,48.843933,2.353317,354.2297,NaN,1.044,44.954838,211.1,6 / 25,32627,2022-01-10 17:05:05:156
5.855237,-2.78046,17.85913,2.435376,2.012141,9.28389,6.292959,-1.719107,12.374838,6.301386,-0.364043,-1.998377,21.0,1.05,-20.4,-32.55,215.5371,-11.8401,-14.6988,5.0,36.16948,48.843933,2.353317,354.2297,NaN,1.044,44.954838,211.1,6 / 25,32632,2022-01-10 17:05:05:161
5.855237,-2.78046,17.85913,2.435376,2.012141,9.28389,6.292959,-1.719107,12.374838,6.301386,-0.364043,-1.998377,21.0,1.05,-20.4,-32.55,215.5371,-11.8401,-14.6988,5.0,36.16948,48.843933,2.353317,354.2297,NaN,1.044,44.954838,211.1,6 / 25,32638,2022-01-10 17:05:05:167
5.855237,-2.78046,17.85913,2.435376,2.012141,9.28389,6.292959,-1.719107,12.374838,6.301386,-0.364043,-1.998377,21.0,1.05,-20.4,-32.55,215.5371,-11.8401,-14.6988,5.0,36.16948,48.843933,2.353317,354.2297,NaN,1.044,44.954838,211.1,6 / 25,32642,2022-01-10 17:05:05:171
5.855237,-2.78046,17.85913,2.435376,2.012141,9.28389,6.292959,-1.719107,12.374838,6.301386,-0.364043,-1.998377,21.0,1.05,-20.4,-32.55,215.5371,-11.8401,-14.6988,5.0,36.16948,48.843933,2.353317,354.2297,NaN,1.044,44.954838,211.1,6 / 25,32648,2022-01-10 17:05:05:177
5.855237,-2.78046,17.85913,0.447246,9.557216,2.151734,6.292959,-1.719107,12.374838,6.301386,-0.364043,-1.998377,21.0,1.05,-20.4,-32.55,215.5371,-11.8401,-14.6988,5.0,36.16948,48.843933,2.353317,354.2297,NaN,1.044,44.954838,211.1,6 / 25,32653,2022-01-10 17:05:05:182
5.855237,-2.78046,17.85913,0.447246,9.557216,2.151734,6.292959,-1.719107,12.374838,6.301386,-0.364043,-1.998377,21.0,1.05,-20.4,-32.55,215.5371,-11.8401,-14.6988,5.0,36.16948,48.843933,2.353317,354.2297,NaN,1.044,44.954838,211.1,6 / 25,32657,2022-01-10 17:05:05:186
5.855237,-2.78046,17.85913,0.447246,9.557216,2.151734,6.292959,-1.719107,12.374838,6.301386,-0.364043,-1.998377,21.0,1.05,-20.4,-32.55,215.5371,-11.8401,-14.6988,5.0,36.16948,48.843933,2.353317,354.2297,NaN,1.044,44.954838,211.1,6 / 25,32662,2022-01-10 17:05:05:191
5.855237,-2.78046,17.85913,0.447246,9.557216,2.151734,6.292959,-1.719107,12.374838,6.301386,-0.364043,-1.998377,21.0,1.05,-20.4,-32.55,215.5371,-11.8401,-14.6988,5.0,36.16948,48.843933,2.353317,354.2297,NaN,1.044,44.954838,211.1,6 / 25,32667,2022-01-10 17:05:05:196
5.855237,-2.78046,17.85913,0.447246,9.557216,2.151734,6.292959,-1.719107,12.374838,6.301386,-0.364043,-1.998377,21.0,1.05,-20.4,-32.55,215.5371,-11.8401,-14.6988,5.0,36.16948,48.843933,2.353317,354.2297,NaN,1.044,44.954838,211.1,6 / 25,32673,2022-01-10 17:05:05:202
5.855237,-2.78046,17.85913,0.447246,9.557216,2.151734,6.292959,-1.719107,12.374838,6.301386,-0.364043,-1.998377,21.0,1.05,-20.4,-32.55,215.5371,-11.8401,-14.6988,5.0,36.16948,48.843933,2.353317,354.2297,NaN,1.044,44.954838,211.1,6 / 25,32678,2022-01-10 17:05:05:207
5.855237,-2.78046,17.85913,0.447246,9.557216,2.151734,6.292959,-1.719107,12.374838,6.301386,-0.364043,-1.998377,21.0,1.05,-20.4,-32.55,215.5371,-11.8401,-14.6988,5.0,36.16948,48.843933,2.353317,354.2297,NaN,1.044,44.954838,211.1,6 / 25,32683,2022-01-10 17:05:05:212
5.855237,-2.78046,17.85913,0.447246,9.557216,2.151734,6.292959,-1.719107,12.374838,6.301386,-0.364043,-1.998377,3.0,1.05,-20.4,-32.55,215.5371,-11.8401,-14.6988,5.0,36.16948,48.843933,2.353317,354.2297,NaN,1.044,44.954838,211.1,6 / 25,32687,2022-01-10 17:05:05:216
5.855237,-2.78046,17.85913,0.447246,9.557216,2.151734,6.292959,-1.719107,12.374838,6.301386,-0.364043,-1.998377,3.0,1.05,-20.4,-32.55,215.5371,-11.8401,-14.6988,5.0,36.16948,48.843933,2.353317,354.2297,NaN,1.044,44.954838,211.1,6 / 25,32693,2022-01-10 17:05:05:222
5.855237,-2.78046,17.85913,0.447246,9.557216,2.151734,6.292959,-1.719107,12.374838,6.301386,-0.364043,-1.998377,3.0,1.05,-20.4,-32.55,215.5371,-11.8401,-14.6988,5.0,36.16948,48.843933,2.353317,354.2297,NaN,1.044,44.954838,211.1,6 / 25,32698,2022-01-10 17:05:05:227
5.855237,-2.78046,17.85913,0.447246,9.557216,2.151734,4.768638,-10.499868,16.653507,16.259317,-0.984941,-4.41366,3.0,1.05,-20.4,-32.55,215.5371,-11.8401,-14.6988,5.0,36.16948,48.843933,2.353317,354.2297,NaN,1.044,44.954838,211.1,6 / 25,32703,2022-01-10 17:05:05:232
5.855237,-2.78046,17.85913,0.447246,9.557216,2.151734,4.768638,-10.499868,16.653507,16.259317,-0.984941,-4.41366,3.0,1.05,-20.4,-32.55,215.5371,-11.8401,-14.6988,5.0,36.16948,48.843933,2.353317,354.2297,NaN,1.044,44.954838,211.1,6 / 25,32707,2022-01-10 17:05:05:236
5.855237,-2.78046,17.85913,0.447246,9.557216,2.151734,4.768638,-10.499868,16.653507,16.259317,-0.984941,-4.41366,3.0,1.05,-20.4,-32.55,215.5371,-11.8401,-14.6988,5.0,36.16948,48.843933,2.353317,354.2297,NaN,1.044,44.954838,211.1,6 / 25,32713,2022-01-10 17:05:05:242
5.855237,-2.78046,17.85913,0.447246,9.557216,2.151734,4.768638,-10.499868,16.653507,16.259317,-0.984941,-4.41366,3.0,1.05,-20.4,-32.55,215.5371,-11.8401,-14.6988,5.0,36.16948,48.843933,2.353317,354.2297,NaN,1.044,44.954838,211.1,6 / 25,32718,2022-01-10 17:05:05:247
5.855237,-2.78046,17.85913,0.447246,9.557216,2.151734,4.768638,-10.499868,16.653507,16.259317,-0.984941,-4.41366,3.0,1.05,-20.4,-32.55,215.5371,-11.8401,-14.6988,5.0,36.16948,48.843933,2.353317,354.2297,NaN,1.044,44.954838,211.1,6 / 25,32723,2022-01-10 17:05:05:252
5.855237,-2.78046,17.85913,0.447246,9.557216,2.151734,4.768638,-10.499868,16.653507,16.259317,-0.984941,-4.41366,3.0,1.05,-20.4,-32.55,215.5371,-11.8401,-14.6988,5.0,36.16948,48.843933,2.353317,354.2297,NaN,1.044,44.954838,211.1,6 / 25,32728,2022-01-10 17:05:05:257
5.855237,-2.78046,17.85913,0.447246,9.557216,2.151734,4.768638,-10.499868,16.653507,16.259317,-0.984941,-4.41366,3.0,1.05,-20.4,-32.55,215.5371,-11.8401,-14.6988,5.0,36.16948,48.843933,2.353317,354.2297,NaN,1.044,44.954838,211.1,6 / 25,32732,2022-01-10 17:05:05:261
-0.833899,-8.021639,-0.229113,0.447246,9.557216,2.151734,4.768638,-10.499868,16.653507,16.259317,-0.984941,-4.41366,3.0,1.125,-21.15,-18.075,339.2776,-77.0497,-11.7419,5.0,36.16948,48.843933,2.353317,354.2297,NaN,1.044,44.954838,211.1,6 / 25,32737,2022-01-10 17:05:05:266
-0.833899,-8.021639,-0.229113,0.447246,9.557216,2.151734,4.768638,-10.499868,16.653507,16.259317,-0.984941,-4.41366,3.0,1.125,-21.15,-18.075,339.2776,-77.0497,-11.7419,5.0,36.16948,48.843933,2.353317,354.2297,NaN,1.044,44.954838,211.1,6 / 25,32743,2022-01-10 17:05:05:272
-0.833899,-8.021639,-0.229113,0.447246,9.557216,2.151734,4.768638,-10.499868,16.653507,16.259317,-0.984941,-4.41366,3.0,1.125,-21.15,-18.075,339.2776,-77.0497,-11.7419,5.0,36.16948,48.843933,2.353317,354.2297,NaN,1.044,44.954838,211.1,6 / 25,32748,2022-01-10 17:05:05:277
-0.833899,-8.021639,-0.229113,0.447246,9.557216,2.151734,4.768638,-10.499868,16.653507,16.259317,-0.984941,-4.41366,3.0,1.125,-21.15,-18.075,339.2776,-77.0497,-11.7419,5.0,36.16948,48.843933,2.353317,354.2297,NaN,1.044,44.954838,211.1,6 / 25,32754,2022-01-10 17:05:05:283
-0.833899,-8.021639,-0.229113,-5.062203,-2.2736,-8.085495,4.768638,-10.499868,16.653507,16.259317,-0.984941,-4.41366,3.0,1.125,-21.15,-18.075,339.2776,-77.0497,-11.7419,5.0,36.16948,48.843933,2.353317,354.2297,NaN,1.044,44.954838,211.1,6 / 25,32759,2022-01-10 17:05:05:288
-0.833899,-8.021639,-0.229113,-5.062203,-2.2736,-8.085495,4.768638,-10.499868,16.653507,16.259317,-0.984941,-4.41366,3.0,1.125,-21.15,-18.075,339.2776,-77.0497,-11.7419,5.0,36.16948,48.843933,2.353317,354.2297,NaN,1.044,44.954838,211.1,6 / 25,32762,2022-01-10 17:05:05:291
-0.833899,-8.021639,-0.229113,-5.062203,-2.2736,-8.085495,4.768638,-10.499868,16.653507,16.259317,-0.984941,-4.41366,3.0,1.125,-21.15,-18.075,339.2776,-77.0497,-11.7419,5.0,36.16948,48.843933,2.353317,354.2297,NaN,1.044,44.954838,211.1,6 / 25,32767,2022-01-10 17:05:05:296
-0.833899,-8.021639,-0.229113,-5.062203,-2.2736,-8.085495,4.768638,-10.499868,16.653507,16.259317,-0.984941,-4.41366,3.0,1.125,-21.15,-18.075,339.2776,-77.0497,-11.7419,5.0,36.16948,48.843933,2.353317,354.2297,NaN,1.044,44.954838,211.1,6 / 25,32773,2022-01-10 17:05:05:302
-0.833899,-8.021639,-0.229113,-5.062203,-2.2736,-8.085495,4.768638,-10.499868,16.653507,16.259317,-0.984941,-4.41366,3.0,1.125,-21.15,-18.075,339.2776,-77.0497,-11.7419,5.0,36.16948,48.843933,2.353317,354.2297,NaN,1.044,44.954838,211.1,6 / 25,32777,2022-01-10 17:05:05:306
-0.833899,-8.021639,-0.229113,-5.062203,-2.2736,-8.085495,4.768638,-10.499868,16.653507,16.259317,-0.984941,-4.41366,3.0,1.125,-21.15,-18.075,339.2776,-77.0497,-11.7419,5.0,57.02509,48.843933,2.353317,354.2297,NaN,1.044,44.954838,211.1,6 / 25,32783,2022-01-10 17:05:05:312
-0.833899,-8.021639,-0.229113,-5.062203,-2.2736,-8.085495,4.768638,-10.499868,16.653507,16.259317,-0.984941,-4.41366,3.0,1.125,-21.15,-18.075,339.2776,-77.0497,-11.7419,5.0,57.02509,48.843933,2.353317,354.2297,NaN,1.044,44.954838,211.1,6 / 25,32788,2022-01-10 17:05:05:317
-0.833899,-8.021639,-0.229113,-5.062203,-2.2736,-8.085495,4.768638,-10.499868,16.653507,16.259317,-0.984941,-4.41366,3.0,1.125,-21.15,-18.075,339.2776,-77.0497,-11.7419,5.0,57.02509,48.843933,2.353317,354.2297,NaN,1.044,44.954838,211.1,6 / 25,32792,2022-01-10 17:05:05:321
-0.833899,-8.021639,-0.229113,-5.062203,-2.2736,-8.085495,4.768638,-10.499868,16.653507,16.259317,-0.984941,-4.41366,3.0,1.125,-21.15,-18.075,339.2776,-77.0497,-11.7419,5.0,57.02509,48.843933,2.353317,354.2297,NaN,1.044,44.954838,211.1,6 / 25,32798,2022-01-10 17:05:05:327
-0.833899,-8.021639,-0.229113,-5.062203,-2.2736,-8.085495,4.768638,-10.499868,16.653507,16.259317,-0.984941,-4.41366,3.0,1.125,-21.15,-18.075,339.2776,-77.0497,-11.7419,5.0,57.02509,48.843933,2.353317,354.2297,NaN,1.044,44.954838,211.1,6 / 25,32804,2022-01-10 17:05:05:333
-0.833899,-8.021639,-0.229113,-5.062203,-2.2736,-8.085495,4.768638,-10.499868,16.653507,16.259317,-0.984941,-4.41366,3.0,1.125,-21.15,-18.075,339.2776,-77.0497,-11.7419,5.0,57.02509,48.843933,2.353317,354.2297,NaN,1.044,44.954838,211.1,6 / 25,32808,2022-01-10 17:05:05:337
-0.833899,-8.021639,-0.229113,-5.062203,-2.2736,-8.085495,4.768638,-10.499868,16.653507,16.259317,-0.984941,-4.41366,3.0,1.125,-21.15,-18.075,339.2776,-77.0497,-11.7419,5.0,57.02509,48.843933,2.353317,354.2297,NaN,1.044,44.954838,211.1,6 / 25,32812,2022-01-10 17:05:05:341
-0.833899,-8.021639,-0.229113,-5.062203,-2.2736,-8.085495,4.768638,-10.499868,16.653507,16.259317,-0.984941,-4.41366,3.0,1.125,-21.15,-18.075,339.2776,-77.0497,-11.7419,5.0,57.02509,48.843933,2.353317,354.2297,NaN,1.044,44.954838,211.1,6 / 25,32818,2022-01-10 17:05:05:347
-0.833899,-8.021639,-0.229113,-5.062203,-2.2736,-8.085495,4.768638,-10.499868,16.653507,16.259317,-0.984941,-4.41366,3.0,1.125,-21.15,-18.075,339.2776,-77.0497,-11.7419,5.0,57.02509,48.843933,2.353317,354.2297,NaN,1.044,44.954838,211.1,6 / 25,32822,2022-01-10 17:05:05:351
-0.833899,-8.021639,-0.229113,-5.062203,-2.2736,-8.085495,4.768638,-10.499868,16.653507,16.259317,-0.984941,-4.41366,3.0,1.125,-21.15,-18.075,339.2776,-77.0497,-11.7419,5.0,57.02509,48.843933,2.353317,354.2297,NaN,1.044,44.954838,211.1,6 / 25,32828,2022-01-10 17:05:05:357
1.368695,-5.120939,-0.242273,-5.062203,-2.2736,-8.085495,1.662422,-2.132518,0.030646,9.42678,-12.393853,-10.81611,3.0,1.125,-21.15,-18.075,339.2776,-77.0497,-11.7419,5.0,57.02509,48.843933,2.353317,354.2297,NaN,1.044,44.954838,211.1,6 / 25,32833,2022-01-10 17:05:05:362
1.368695,-5.120939,-0.242273,-5.062203,-2.2736,-8.085495,1.662422,-2.132518,0.030646,9.42678,-12.393853,-10.81611,3.0,1.125,-21.15,-18.075,339.2776,-77.0497,-11.7419,5.0,57.02509,48.843933,2.353317,354.2297,NaN,1.044,44.954838,211.1,6 / 25,32837,2022-01-10 17:05:05:366
1.368695,-5.120939,-0.242273,-5.062203,-2.2736,-8.085495,1.662422,-2.132518,0.030646,9.42678,-12.393853,-10.81611,3.0,1.125,-21.15,-18.075,339.2776,-77.0497,-11.7419,5.0,57.02509,48.843933,2.353317,354.2297,NaN,1.044,44.954838,211.1,6 / 25,32847,2022-01-10 17:05:05:376
1.368695,-5.120939,-0.242273,-5.062203,-2.2736,-8.085495,1.662422,-2.132518,0.030646,9.42678,-12.393853,-10.81611,3.0,-0.6,-8.475,-7.5,150.83,13.4056,147.95,5.0,57.02509,48.843933,2.353317,354.2297,NaN,1.044,44.954838,211.1,6 / 25,32856,2022-01-10 17:05:05:385
1.368695,-5.120939,-0.242273,-5.062203,-2.2736,-8.085495,1.662422,-2.132518,0.030646,9.42678,-12.393853,-10.81611,3.0,-0.6,-8.475,-7.5,150.83,13.4056,147.95,5.0,57.02509,48.843933,2.353317,354.2297,NaN,1.044,44.954838,211.1,6 / 25,32856,2022-01-10 17:05:05:385
1.368695,-5.120939,-0.242273,-5.062203,-2.2736,-8.085495,1.662422,-2.132518,0.030646,9.42678,-12.393853,-10.81611,3.0,-0.6,-8.475,-7.5,150.83,13.4056,147.95,5.0,57.02509,48.843933,2.353317,354.2297,NaN,1.044,44.954838,211.1,6 / 25,32858,2022-01-10 17:05:05:387
1.368695,-5.120939,-0.242273,-5.062203,-2.2736,-8.085495,1.662422,-2.132518,0.030646,9.42678,-12.393853,-10.81611,3.0,-0.6,-8.475,-7.5,150.83,13.4056,147.95,5.0,57.02509,48.843933,2.353317,354.2297,NaN,1.044,44.954838,211.1,6 / 25,32864,2022-01-10 17:05:05:393
1.368695,-5.120939,-0.242273,-5.062203,-2.2736,-8.085495,1.662422,-2.132518,0.030646,9.42678,-12.393853,-10.81611,11.0,-0.6,-8.475,-7.5,150.83,13.4056,147.95,5.0,57.02509,48.843933,2.353317,354.2297,NaN,1.044,44.954838,211.1,6 / 25,32868,2022-01-10 17:05:05:397
1.368695,-5.120939,-0.242273,-5.062203,-2.2736,-8.085495,1.662422,-2.132518,0.030646,9.42678,-12.393853,-10.81611,11.0,-0.6,-8.475,-7.5,150.83,13.4056,147.95,5.0,57.02509,48.843933,2.353317,354.2297,NaN,1.044,44.954838,211.1,6 / 25,32873,2022-01-10 17:05:05:402
1.368695,-5.120939,-0.242273,-5.062203,-2.2736,-8.085495,1.662422,-2.132518,0.030646,9.42678,-12.393853,-10.81611,11.0,-0.6,-8.475,-7.5,150.83,13.4056,147.95,5.0,57.02509,48.843933,2.353317,354.2297,NaN,1.044,44.954838,211.1,6 / 25,32878,2022-01-10 17:05:05:407
1.368695,-5.120939,-0.242273,-5.062203,-2.2736,-8.085495,1.662422,-2.132518,0.030646,9.42678,-12.393853,-10.81611,11.0,-0.6,-8.475,-7.5,150.83,13.4056,147.95,5.0,57.02509,48.843933,2.353317,354.2297,NaN,1.044,44.954838,211.1,6 / 25,32883,2022-01-10 17:05:05:412
1.368695,-5.120939,-0.242273,4.379285,-8.691829,1.201815,1.662422,-2.132518,0.030646,9.42678,-12.393853,-10.81611,11.0,-0.6,-8.475,-7.5,150.83,13.4056,147.95,5.0,57.02509,48.843933,2.353317,354.2297,NaN,1.044,44.954838,211.1,6 / 25,32888,2022-01-10 17:05:05:417
1.368695,-5.120939,-0.242273,4.379285,-8.691829,1.201815,1.662422,-2.132518,0.030646,9.42678,-12.393853,-10.81611,11.0,-0.6,-8.475,-7.5,150.83,13.4056,147.95,5.0,57.02509,48.843933,2.353317,354.2297,NaN,1.044,44.954838,211.1,6 / 25,32893,2022-01-10 17:05:05:422
1.368695,-5.120939,-0.242273,4.379285,-8.691829,1.201815,1.662422,-2.132518,0.030646,9.42678,-12.393853,-10.81611,11.0,-0.6,-8.475,-7.5,150.83,13.4056,147.95,5.0,57.02509,48.843933,2.353317,354.2297,NaN,1.044,44.954838,211.1,6 / 25,32898,2022-01-10 17:05:05:427
1.368695,-5.120939,-0.242273,4.379285,-8.691829,1.201815,1.662422,-2.132518,0.030646,9.42678,-12.393853,-10.81611,11.0,-0.6,-8.475,-7.5,150.83,13.4056,147.95,5.0,57.02509,48.843933,2.353317,354.2297,NaN,1.044,44.954838,211.1,6 / 25,32904,2022-01-10 17:05:05:433
1.368695,-5.120939,-0.242273,4.379285,-8.691829,1.201815,1.662422,-2.132518,0.030646,9.42678,-12.393853,-10.81611,11.0,-0.6,-8.475,-7.5,150.83,13.4056,147.95,5.0,57.02509,48.843933,2.353317,354.2297,NaN,1.044,44.954838,211.1,6 / 25,32908,2022-01-10 17:05:05:437
1.368695,-5.120939,-0.242273,4.379285,-8.691829,1.201815,1.662422,-2.132518,0.030646,9.42678,-12.393853,-10.81611,11.0,-0.6,-8.475,-7.5,150.83,13.4056,147.95,5.0,57.02509,48.843933,2.353317,354.2297,NaN,1.044,44.954838,211.1,6 / 25,32913,2022-01-10 17:05:05:442
1.368695,-5.120939,-0.242273,4.379285,-8.691829,1.201815,1.662422,-2.132518,0.030646,9.42678,-12.393853,-10.81611,11.0,-0.6,-8.475,-7.5,150.83,13.4056,147.95,5.0,57.02509,48.843933,2.353317,354.2297,NaN,1.044,44.954838,211.1,6 / 25,32919,2022-01-10 17:05:05:448
1.368695,-5.120939,-0.242273,4.379285,-8.691829,1.201815,1.662422,-2.132518,0.030646,9.42678,-12.393853,-10.81611,11.0,-0.6,-8.475,-7.5,150.83,13.4056,147.95,5.0,57.02509,48.843933,2.353317,354.2297,NaN,1.044,44.954838,211.1,6 / 25,32923,2022-01-10 17:05:05:452
3.597609,-8.432606,-0.337089,4.379285,-8.691829,1.201815,1.662422,-2.132518,0.030646,9.42678,-12.393853,-10.81611,11.0,-0.6,-8.475,-7.5,150.83,13.4056,147.95,5.0,57.02509,48.843933,2.353317,354.2297,NaN,1.044,44.954838,211.1,6 / 25,32928,2022-01-10 17:05:05:457
3.597609,-8.432606,-0.337089,4.379285,-8.691829,1.201815,1.662422,-2.132518,0.030646,9.42678,-12.393853,-10.81611,11.0,-0.6,-8.475,-7.5,150.83,13.4056,147.95,5.0,57.02509,48.843933,2.353317,354.2297,NaN,1.044,44.954838,211.1,6 / 25,32933,2022-01-10 17:05:05:462
3.597609,-8.432606,-0.337089,4.379285,-8.691829,1.201815,1.662422,-2.132518,0.030646,9.42678,-12.393853,-10.81611,11.0,-0.6,-8.475,-7.5,150.83,13.4056,147.95,5.0,57.02509,48.843933,2.353317,354.2297,NaN,1.044,44.954838,211.1,6 / 25,32939,2022-01-10 17:05:05:468
3.597609,-8.432606,-0.337089,4.379285,-8.691829,1.201815,1.662422,-2.132518,0.030646,9.42678,-12.393853,-10.81611,11.0,-0.6,-8.475,-7.5,150.83,13.4056,147.95,5.0,57.02509,48.843933,2.353317,354.2297,NaN,1.044,44.954838,211.1,6 / 25,32943,2022-01-10 17:05:05:472
3.597609,-8.432606,-0.337089,4.379285,-8.691829,1.201815,1.662422,-2.132518,0.030646,9.42678,-12.393853,-10.81611,11.0,-0.6,-8.475,-7.5,150.83,13.4056,147.95,5.0,57.02509,48.843933,2.353317,354.2297,NaN,1.044,44.954838,211.1,6 / 25,32948,2022-01-10 17:05:05:477
3.597609,-8.432606,-0.337089,4.379285,-8.691829,1.201815,-0.687921,-4.805274,3.533944,9.42678,-12.393853,-10.81611,11.0,-0.6,-8.475,-7.5,150.83,13.4056,147.95,5.0,57.02509,48.843933,2.353317,354.2297,NaN,1.044,44.954838,211.1,6 / 25,32953,2022-01-10 17:05:05:482
3.597609,-8.432606,-0.337089,4.379285,-8.691829,1.201815,-0.687921,-4.805274,3.533944,9.42678,-12.393853,-10.81611,11.0,-0.6,-8.475,-7.5,150.83,13.4056,147.95,5.0,57.02509,48.843933,2.353317,354.2297,NaN,1.044,44.954838,211.1,6 / 25,32959,2022-01-10 17:05:05:488
3.597609,-8.432606,-0.337089,4.379285,-8.691829,1.201815,-0.687921,-4.805274,3.533944,9.42678,-12.393853,-10.81611,11.0,-0.6,-8.475,-7.5,150.83,13.4056,147.95,5.0,57.02509,48.843933,2.353317,354.2297,NaN,1.044,44.954838,211.1,6 / 25,32963,2022-01-10 17:05:05:492
3.597609,-8.432606,-0.337089,4.379285,-8.691829,1.201815,-0.687921,-4.805274,3.533944,-12.345385,-9.530906,-9.046758,11.0,-0.6,-8.475,-7.5,150.83,13.4056,147.95,5.0,57.02509,48.843933,2.353317,354.2297,NaN,1.044,44.954838,211.1,6 / 25,32967,2022-01-10 17:05:05:496
3.597609,-8.432606,-0.337089,4.379285,-8.691829,1.201815,-0.687921,-4.805274,3.533944,-12.345385,-9.530906,-9.046758,11.0,-0.6,-8.475,-7.5,150.83,13.4056,147.95,5.0,57.02509,48.843933,2.353317,354.2297,NaN,1.044,44.954838,211.1,6 / 25,32973,2022-01-10 17:05:05:502
3.597609,-8.432606,-0.337089,4.379285,-8.691829,1.201815,-0.687921,-4.805274,3.533944,-12.345385,-9.530906,-9.046758,11.0,-0.6,-8.475,-7.5,150.83,13.4056,147.95,5.0,57.02509,48.843933,2.353317,354.2297,NaN,1.044,44.954838,211.1,6 / 25,32977,2022-01-10 17:05:05:506
3.597609,-8.432606,-0.337089,4.379285,-8.691829,1.201815,-0.687921,-4.805274,3.533944,-12.345385,-9.530906,-9.046758,11.0,-0.6,-8.475,-7.5,150.83,13.4056,147.95,5.0,57.02509,48.843933,2.353317,354.2297,NaN,1.044,44.954838,211.1,6 / 25,32983,2022-01-10 17:05:05:512
3.597609,-8.432606,-0.337089,4.379285,-8.691829,1.201815,-0.687921,-4.805274,3.533944,-12.345385,-9.530906,-9.046758,11.0,-0.6,-8.475,-7.5,150.83,13.4056,147.95,5.0,57.02509,48.843933,2.353317,354.2297,NaN,1.044,44.954838,211.1,6 / 25,32987,2022-01-10 17:05:05:516
3.597609,-8.432606,-0.337089,4.379285,-8.691829,1.201815,-0.687921,-4.805274,3.533944,-12.345385,-9.530906,-9.046758,11.0,-0.6,-8.475,-7.5,150.83,13.4056,147.95,5.0,57.02509,48.843933,2.353317,354.2297,NaN,1.044,44.954838,211.1,6 / 25,32993,2022-01-10 17:05:05:522
3.597609,-8.432606,-0.337089,4.379285,-8.691829,1.201815,-0.687921,-4.805274,3.533944,-12.345385,-9.530906,-9.046758,11.0,-5.625,-6.6,7.875,124.9154,62.4144,-74.654,5.0,57.02509,48.843933,2.353317,354.2297,NaN,1.044,44.954838,211.1,6 / 25,32998,2022-01-10 17:05:05:527
3.597609,-8.432606,-0.337089,3.052393,6.124887,-7.024176,-0.687921,-4.805274,3.533944,-12.345385,-9.530906,-9.046758,11.0,-5.625,-6.6,7.875,124.9154,62.4144,-74.654,5.0,57.02509,48.843933,2.353317,354.2297,NaN,1.044,44.954838,211.1,6 / 25,33003,2022-01-10 17:05:05:532
3.597609,-8.432606,-0.337089,3.052393,6.124887,-7.024176,-0.687921,-4.805274,3.533944,-12.345385,-9.530906,-9.046758,11.0,-5.625,-6.6,7.875,124.9154,62.4144,-74.654,5.0,57.02509,48.843933,2.353317,354.2297,NaN,1.044,44.954838,211.1,6 / 25,33008,2022-01-10 17:05:05:537
3.597609,-8.432606,-0.337089,3.052393,6.124887,-7.024176,-0.687921,-4.805274,3.533944,-12.345385,-9.530906,-9.046758,11.0,-5.625,-6.6,7.875,124.9154,62.4144,-74.654,5.0,57.02509,48.843933,2.353317,354.2297,NaN,1.044,44.954838,211.1,6 / 25,33013,2022-01-10 17:05:05:542
3.597609,-8.432606,-0.337089,3.052393,6.124887,-7.024176,-0.687921,-4.805274,3.533944,-12.345385,-9.530906,-9.046758,11.0,-5.625,-6.6,7.875,124.9154,62.4144,-74.654,5.0,57.02509,48.843933,2.353317,354.2297,NaN,1.044,44.954838,211.1,6 / 25,33017,2022-01-10 17:05:05:546
3.597609,-8.432606,-0.337089,3.052393,6.124887,-7.024176,-0.687921,-4.805274,3.533944,-12.345385,-9.530906,-9.046758,11.0,-5.625,-6.6,7.875,124.9154,62.4144,-74.654,5.0,57.02509,48.843933,2.353317,354.2297,NaN,1.044,44.954838,211.1,6 / 25,33023,2022-01-10 17:05:05:552
3.597609,-8.432606,-0.337089,3.052393,6.124887,-7.024176,-0.687921,-4.805274,3.533944,-12.345385,-9.530906,-9.046758,11.0,-5.625,-6.6,7.875,124.9154,62.4144,-74.654,5.0,57.02509,48.843933,2.353317,354.2297,NaN,1.044,44.954838,211.1,6 / 25,33028,2022-01-10 17:05:05:557
0.28355,-9.066106,-0.16331,3.052393,6.124887,-7.024176,-0.687921,-4.805274,3.533944,-12.345385,-9.530906,-9.046758,11.0,-5.625,-6.6,7.875,124.9154,62.4144,-74.654,5.0,57.02509,48.843933,2.353317,354.2297,NaN,1.044,44.954838,211.1,6 / 25,33033,2022-01-10 17:05:05:562
0.28355,-9.066106,-0.16331,3.052393,6.124887,-7.024176,-0.687921,-4.805274,3.533944,-12.345385,-9.530906,-9.046758,11.0,-5.625,-6.6,7.875,124.9154,62.4144,-74.654,5.0,57.02509,48.843933,2.353317,354.2297,NaN,1.044,44.954838,211.1,6 / 25,33038,2022-01-10 17:05:05:567
0.28355,-9.066106,-0.16331,3.052393,6.124887,-7.024176,-0.687921,-4.805274,3.533944,-12.345385,-9.530906,-9.046758,11.0,-5.625,-6.6,7.875,124.9154,62.4144,-74.654,5.0,57.02509,48.843933,2.353317,354.2297,NaN,1.044,44.954838,211.1,6 / 25,33043,2022-01-10 17:05:05:572
0.28355,-9.066106,-0.16331,3.052393,6.124887,-7.024176,-0.687921,-4.805274,3.533944,-12.345385,-9.530906,-9.046758,11.0,-5.625,-6.6,7.875,124.9154,62.4144,-74.654,5.0,57.02509,48.843933,2.353317,354.2297,NaN,1.044,44.954838,211.1,6 / 25,33048,2022-01-10 17:05:05:577
0.28355,-9.066106,-0.16331,3.052393,6.124887,-7.024176,-0.687921,-4.805274,3.533944,-12.345385,-9.530906,-9.046758,11.0,-5.625,-6.6,7.875,124.9154,62.4144,-74.654,5.0,57.02509,48.843933,2.353317,354.2297,NaN,1.044,44.954838,211.1,6 / 25,33053,2022-01-10 17:05:05:582
0.28355,-9.066106,-0.16331,3.052393,6.124887,-7.024176,-0.687921,-4.805274,3.533944,-12.345385,-9.530906,-9.046758,11.0,-5.625,-6.6,7.875,124.9154,62.4144,-74.654,5.0,57.02509,48.843933,2.353317,354.2297,NaN,1.044,44.954838,211.1,6 / 25,33057,2022-01-10 17:05:05:586
0.28355,-9.066106,-0.16331,3.052393,6.124887,-7.024176,-0.687921,-4.805274,3.533944,-12.345385,-9.530906,-9.046758,11.0,-5.625,-6.6,7.875,124.9154,62.4144,-74.654,5.0,57.02509,48.843933,2.353317,354.2297,NaN,1.044,44.954838,211.1,6 / 25,33063,2022-01-10 17:05:05:592
0.28355,-9.066106,-0.16331,3.052393,6.124887,-7.024176,1.137809,-14.687656,-0.872605,-12.345385,-9.530906,-9.046758,11.0,-5.625,-6.6,7.875,124.9154,62.4144,-74.654,5.0,57.02509,48.843933,2.353317,354.2297,NaN,1.044,44.954838,211.1,6 / 25,33067,2022-01-10 17:05:05:596
0.28355,-9.066106,-0.16331,3.052393,6.124887,-7.024176,1.137809,-14.687656,-0.872605,-12.345385,-9.530906,-9.046758,11.0,-5.625,-6.6,7.875,124.9154,62.4144,-74.654,5.0,57.02509,48.843933,2.353317,354.2297,NaN,1.044,44.954838,211.1,6 / 25,33073,2022-01-10 17:05:05:602
0.28355,-9.066106,-0.16331,3.052393,6.124887,-7.024176,1.137809,-14.687656,-0.872605,-12.345385,-9.530906,-9.046758,11.0,-5.625,-6.6,7.875,124.9154,62.4144,-74.654,5.0,57.02509,48.843933,2.353317,354.2297,NaN,1.044,44.954838,211.1,6 / 25,33077,2022-01-10 17:05:05:606
0.28355,-9.066106,-0.16331,3.052393,6.124887,-7.024176,1.137809,-14.687656,-0.872605,-12.345385,-9.530906,-9.046758,11.0,-5.625,-6.6,7.875,124.9154,62.4144,-74.654,5.0,57.02509,48.843933,2.353317,354.2297,NaN,1.044,44.954838,211.1,6 / 25,33083,2022-01-10 17:05:05:612
0.28355,-9.066106,-0.16331,3.052393,6.124887,-7.024176,1.137809,-14.687656,-0.872605,-12.345385,-9.530906,-9.046758,11.0,-5.625,-6.6,7.875,124.9154,62.4144,-74.654,5.0,57.02509,48.843933,2.353317,354.2297,NaN,1.044,44.954838,211.1,6 / 25,33088,2022-01-10 17:05:05:617
0.28355,-9.066106,-0.16331,3.052393,6.124887,-7.024176,1.137809,-14.687656,-0.872605,-12.345385,-9.530906,-9.046758,11.0,-5.625,-6.6,7.875,124.9154,62.4144,-74.654,5.0,57.02509,48.843933,2.353317,354.2297,NaN,1.044,44.954838,211.1,6 / 25,33092,2022-01-10 17:05:05:621
0.28355,-9.066106,-0.16331,3.052393,6.124887,-7.024176,1.137809,-14.687656,-0.872605,-15.501004,1.119826,-4.545083,10.0,-5.625,-6.6,7.875,124.9154,62.4144,-74.654,5.0,57.02509,48.843933,2.353317,354.2297,NaN,1.044,44.954838,211.1,6 / 25,33098,2022-01-10 17:05:05:627
0.28355,-9.066106,-0.16331,3.052393,6.124887,-7.024176,1.137809,-14.687656,-0.872605,-15.501004,1.119826,-4.545083,10.0,-5.625,-6.6,7.875,124.9154,62.4144,-74.654,5.0,57.02509,48.843933,2.353317,354.2297,NaN,1.044,44.954838,211.1,6 / 25,33103,2022-01-10 17:05:05:632
0.28355,-9.066106,-0.16331,3.052393,6.124887,-7.024176,1.137809,-14.687656,-0.872605,-15.501004,1.119826,-4.545083,10.0,-5.625,-6.6,7.875,124.9154,62.4144,-74.654,5.0,57.02509,48.843933,2.353317,354.2297,NaN,1.044,44.954838,211.1,6 / 25,33109,2022-01-10 17:05:05:638
0.28355,-9.066106,-0.16331,3.052393,6.124887,-7.024176,1.137809,-14.687656,-0.872605,-15.501004,1.119826,-4.545083,10.0,-5.625,-6.6,7.875,124.9154,62.4144,-74.654,5.0,57.02509,48.843933,2.353317,354.2297,NaN,1.044,44.954838,211.1,6 / 25,33114,2022-01-10 17:05:05:643
-0.564407,-7.620542,0.09661,3.052393,6.124887,-7.024176,1.137809,-14.687656,-0.872605,-15.501004,1.119826,-4.545083,10.0,-5.625,-6.6,7.875,124.9154,62.4144,-74.654,5.0,56.23136,48.843933,2.353317,354.2297,NaN,1.044,44.954838,211.1,6 / 25,33118,2022-01-10 17:05:05:647
-0.564407,-7.620542,0.09661,3.052393,6.124887,-7.024176,1.137809,-14.687656,-0.872605,-15.501004,1.119826,-4.545083,10.0,-5.625,-6.6,7.875,124.9154,62.4144,-74.654,5.0,56.23136,48.843933,2.353317,354.2297,NaN,1.044,44.954838,211.1,6 / 25,33123,2022-01-10 17:05:05:652
-0.564407,-7.620542,0.09661,3.052393,6.124887,-7.024176,1.137809,-14.687656,-0.872605,-15.501004,1.119826,-4.545083,10.0,-5.625,-6.6,7.875,124.9154,62.4144,-74.654,5.0,56.23136,48.843933,2.353317,354.2297,NaN,1.044,44.954838,211.1,6 / 25,33128,2022-01-10 17:05:05:657
-0.564407,-7.620542,0.09661,3.052393,6.124887,-7.024176,1.137809,-14.687656,-0.872605,-15.501004,1.119826,-4.545083,10.0,-5.625,-6.6,7.875,124.9154,62.4144,-74.654,5.0,56.23136,48.843933,2.353317,354.2297,NaN,1.044,44.954838,211.1,6 / 25,33133,2022-01-10 17:05:05:662
-0.564407,-7.620542,0.09661,-3.053479,4.482692,8.170199,1.137809,-14.687656,-0.872605,-15.501004,1.119826,-4.545083,10.0,-0.6,-5.1,9.075,194.6646,-27.2006,20.4924,5.0,56.23136,48.843933,2.353317,354.2297,NaN,1.044,44.954838,211.1,6 / 25,33138,2022-01-10 17:05:05:667
-0.564407,-7.620542,0.09661,-3.053479,4.482692,8.170199,1.137809,-14.687656,-0.872605,-15.501004,1.119826,-4.545083,10.0,-0.6,-5.1,9.075,194.6646,-27.2006,20.4924,5.0,56.23136,48.843933,2.353317,354.2297,NaN,1.044,44.954838,211.1,6 / 25,33143,2022-01-10 17:05:05:672
-0.564407,-7.620542,0.09661,-3.053479,4.482692,8.170199,1.137809,-14.687656,-0.872605,-15.501004,1.119826,-4.545083,10.0,-0.6,-5.1,9.075,194.6646,-27.2006,20.4924,5.0,56.23136,48.843933,2.353317,354.2297,NaN,1.044,44.954838,211.1,6 / 25,33148,2022-01-10 17:05:05:677
-0.564407,-7.620542,0.09661,-3.053479,4.482692,8.170199,1.137809,-14.687656,-0.872605,-15.501004,1.119826,-4.545083,10.0,-0.6,-5.1,9.075,194.6646,-27.2006,20.4924,5.0,56.23136,48.843933,2.353317,354.2297,NaN,1.044,44.954838,211.1,6 / 25,33153,2022-01-10 17:05:05:682
-0.564407,-7.620542,0.09661,-3.053479,4.482692,8.170199,1.137809,-14.687656,-0.872605,-15.501004,1.119826,-4.545083,10.0,-0.6,-5.1,9.075,194.6646,-27.2006,20.4924,5.0,56.23136,48.843933,2.353317,354.2297,NaN,1.044,44.954838,211.1,6 / 25,33158,2022-01-10 17:05:05:687
-0.564407,-7.620542,0.09661,-3.053479,4.482692,8.170199,1.137809,-14.687656,-0.872605,-15.501004,1.119826,-4.545083,10.0,-0.6,-5.1,9.075,194.6646,-27.2006,20.4924,5.0,56.23136,48.843933,2.353317,354.2297,NaN,1.044,44.954838,211.1,6 / 25,33162,2022-01-10 17:05:05:691
-0.564407,-7.620542,0.09661,-3.053479,4.482692,8.170199,1.137809,-14.687656,-0.872605,-15.501004,1.119826,-4.545083,10.0,-0.6,-5.1,9.075,194.6646,-27.2006,20.4924,5.0,56.23136,48.843933,2.353317,354.2297,NaN,1.044,44.954838,211.1,6 / 25,33168,2022-01-10 17:05:05:697
-0.564407,-7.620542,0.09661,-3.053479,4.482692,8.170199,1.137809,-14.687656,-0.872605,-15.501004,1.119826,-4.545083,10.0,-0.6,-5.1,9.075,194.6646,-27.2006,20.4924,5.0,56.23136,48.843933,2.353317,354.2297,NaN,1.044,44.954838,211.1,6 / 25,33172,2022-01-10 17:05:05:701
-0.564407,-7.620542,0.09661,-3.053479,4.482692,8.170199,1.137809,-14.687656,-0.872605,-15.501004,1.119826,-4.545083,10.0,-0.6,-5.1,9.075,194.6646,-27.2006,20.4924,5.0,56.23136,48.843933,2.353317,354.2297,NaN,1.044,44.954838,211.1,6 / 25,33178,2022-01-10 17:05:05:707
-0.564407,-7.620542,0.09661,-3.053479,4.482692,8.170199,1.137809,-14.687656,-0.872605,-15.501004,1.119826,-4.545083,10.0,-0.6,-5.1,9.075,194.6646,-27.2006,20.4924,5.0,56.23136,48.843933,2.353317,354.2297,NaN,1.044,44.954838,211.1,6 / 25,33183,2022-01-10 17:05:05:712
-0.564407,-7.620542,0.09661,-3.053479,4.482692,8.170199,2.54087,-6.135602,-3.385578,-15.501004,1.119826,-4.545083,10.0,-0.6,-5.1,9.075,194.6646,-27.2006,20.4924,5.0,56.23136,48.843933,2.353317,354.2297,NaN,1.044,44.954838,211.1,6 / 25,33188,2022-01-10 17:05:05:717
-0.564407,-7.620542,0.09661,-3.053479,4.482692,8.170199,2.54087,-6.135602,-3.385578,-15.501004,1.119826,-4.545083,10.0,-0.6,-5.1,9.075,194.6646,-27.2006,20.4924,5.0,56.23136,48.843933,2.353317,354.2297,NaN,1.044,44.954838,211.1,6 / 25,33192,2022-01-10 17:05:05:721
-0.564407,-7.620542,0.09661,-3.053479,4.482692,8.170199,2.54087,-6.135602,-3.385578,-15.501004,1.119826,-4.545083,10.0,-0.6,-5.1,9.075,194.6646,-27.2006,20.4924,5.0,56.23136,48.843933,2.353317,354.2297,NaN,1.044,44.954838,211.1,6 / 25,33198,2022-01-10 17:05:05:727
-0.564407,-7.620542,0.09661,-3.053479,4.482692,8.170199,2.54087,-6.135602,-3.385578,-15.501004,1.119826,-4.545083,10.0,-0.6,-5.1,9.075,194.6646,-27.2006,20.4924,5.0,56.23136,48.843933,2.353317,354.2297,NaN,1.044,44.954838,211.1,6 / 25,33203,2022-01-10 17:05:05:732
-0.564407,-7.620542,0.09661,-3.053479,4.482692,8.170199,2.54087,-6.135602,-3.385578,-15.501004,1.119826,-4.545083,10.0,-0.6,-5.1,9.075,194.6646,-27.2006,20.4924,5.0,56.23136,48.843933,2.353317,354.2297,NaN,1.044,44.954838,211.1,6 / 25,33207,2022-01-10 17:05:05:736
-0.564407,-7.620542,0.09661,-3.053479,4.482692,8.170199,2.54087,-6.135602,-3.385578,-15.501004,1.119826,-4.545083,10.0,-0.6,-5.1,9.075,194.6646,-27.2006,20.4924,5.0,56.23136,48.843933,2.353317,354.2297,NaN,1.044,44.954838,211.1,6 / 25,33213,2022-01-10 17:05:05:742
-0.564407,-7.620542,0.09661,-3.053479,4.482692,8.170199,2.54087,-6.135602,-3.385578,-15.501004,1.119826,-4.545083,10.0,-0.6,-5.1,9.075,194.6646,-27.2006,20.4924,5.0,56.23136,48.843933,2.353317,354.2297,NaN,1.044,44.954838,211.1,6 / 25,33218,2022-01-10 17:05:05:747
-0.564407,-7.620542,0.09661,-3.053479,4.482692,8.170199,2.54087,-6.135602,-3.385578,-15.501004,1.119826,-4.545083,10.0,-0.6,-5.1,9.075,194.6646,-27.2006,20.4924,5.0,56.23136,48.843933,2.353317,354.2297,NaN,1.044,44.954838,211.1,6 / 25,33222,2022-01-10 17:05:05:751
-12.925131,12.434303,47.46373,-3.053479,4.482692,8.170199,2.54087,-6.135602,-3.385578,3.211411,-11.353519,0.006391,10.0,-0.6,-5.1,9.075,194.6646,-27.2006,20.4924,5.0,56.23136,48.843933,2.353317,354.2297,NaN,1.044,44.954838,211.1,6 / 25,33228,2022-01-10 17:05:05:757
-12.925131,12.434303,47.46373,-3.053479,4.482692,8.170199,2.54087,-6.135602,-3.385578,3.211411,-11.353519,0.006391,10.0,-0.6,-5.1,9.075,194.6646,-27.2006,20.4924,5.0,56.23136,48.843933,2.353317,354.2297,NaN,1.044,44.954838,211.1,6 / 25,33232,2022-01-10 17:05:05:761
-12.925131,12.434303,47.46373,-3.053479,4.482692,8.170199,2.54087,-6.135602,-3.385578,3.211411,-11.353519,0.006391,10.0,-0.6,-5.1,9.075,194.6646,-27.2006,20.4924,5.0,56.23136,48.843933,2.353317,354.2297,NaN,1.044,44.954838,211.1,6 / 25,33237,2022-01-10 17:05:05:766
-12.925131,12.434303,47.46373,-3.053479,4.482692,8.170199,2.54087,-6.135602,-3.385578,3.211411,-11.353519,0.006391,10.0,-0.6,-5.1,9.075,194.6646,-27.2006,20.4924,5.0,56.23136,48.843933,2.353317,354.2297,NaN,1.044,44.954838,211.1,6 / 25,33242,2022-01-10 17:05:05:771
-12.925131,12.434303,47.46373,-3.053479,4.482692,8.170199,2.54087,-6.135602,-3.385578,3.211411,-11.353519,0.006391,10.0,-0.6,-5.1,9.075,194.6646,-27.2006,20.4924,5.0,56.23136,48.843933,2.353317,354.2297,NaN,1.044,44.954838,211.1,6 / 25,33248,2022-01-10 17:05:05:777
-12.925131,12.434303,47.46373,0.031461,-1.326895,9.716415,2.54087,-6.135602,-3.385578,3.211411,-11.353519,0.006391,10.0,-0.6,-5.1,9.075,194.6646,-27.2006,20.4924,5.0,56.23136,48.843933,2.353317,354.2297,NaN,1.044,44.954838,211.1,6 / 25,33254,2022-01-10 17:05:05:783
-12.925131,12.434303,47.46373,0.031461,-1.326895,9.716415,2.54087,-6.135602,-3.385578,3.211411,-11.353519,0.006391,10.0,-0.6,-5.1,9.075,194.6646,-27.2006,20.4924,5.0,56.23136,48.843933,2.353317,354.2297,NaN,1.044,44.954838,211.1,6 / 25,33259,2022-01-10 17:05:05:788
-12.925131,12.434303,47.46373,0.031461,-1.326895,9.716415,2.54087,-6.135602,-3.385578,3.211411,-11.353519,0.006391,10.0,-0.6,-5.1,9.075,194.6646,-27.2006,20.4924,5.0,56.23136,48.843933,2.353317,354.2297,NaN,1.044,44.954838,211.1,6 / 25,33263,2022-01-10 17:05:05:792
-12.925131,12.434303,47.46373,0.031461,-1.326895,9.716415,2.54087,-6.135602,-3.385578,3.211411,-11.353519,0.006391,10.0,-0.6,-5.1,9.075,194.6646,-27.2006,20.4924,5.0,56.23136,48.843933,2.353317,354.2297,NaN,1.044,44.954838,211.1,6 / 25,33267,2022-01-10 17:05:05:796
-12.925131,12.434303,47.46373,0.031461,-1.326895,9.716415,2.54087,-6.135602,-3.385578,3.211411,-11.353519,0.006391,10.0,-0.6,-5.1,9.075,194.6646,-27.2006,20.4924,5.0,56.23136,48.843933,2.353317,354.2297,NaN,1.044,44.954838,211.1,6 / 25,33273,2022-01-10 17:05:05:802
-12.925131,12.434303,47.46373,0.031461,-1.326895,9.716415,2.54087,-6.135602,-3.385578,3.211411,-11.353519,0.006391,10.0,-0.6,-5.1,9.075,194.6646,-27.2006,20.4924,5.0,56.23136,48.843933,2.353317,354.2297,NaN,1.044,44.954838,211.1,6 / 25,33278,2022-01-10 17:05:05:807
-12.925131,12.434303,47.46373,0.031461,-1.326895,9.716415,2.54087,-6.135602,-3.385578,3.211411,-11.353519,0.006391,10.0,-0.6,-5.1,9.075,194.6646,-27.2006,20.4924,5.0,56.23136,48.843933,2.353317,354.2297,NaN,1.044,44.954838,211.1,6 / 25,33282,2022-01-10 17:05:05:811
-12.925131,12.434303,47.46373,0.031461,-1.326895,9.716415,2.54087,-6.135602,-3.385578,3.211411,-11.353519,0.006391,10.0,-0.6,-5.1,9.075,194.6646,-27.2006,20.4924,5.0,56.23136,48.843933,2.353317,354.2297,NaN,1.044,44.954838,211.1,6 / 25,33288,2022-01-10 17:05:05:817
-12.925131,12.434303,47.46373,0.031461,-1.326895,9.716415,2.54087,-6.135602,-3.385578,3.211411,-11.353519,0.006391,10.0,-0.6,-5.1,9.075,194.6646,-27.2006,20.4924,5.0,56.23136,48.843933,2.353317,354.2297,NaN,1.044,44.954838,211.1,6 / 25,33292,2022-01-10 17:05:05:821
-12.925131,12.434303,47.46373,0.031461,-1.326895,9.716415,2.54087,-6.135602,-3.385578,3.211411,-11.353519,0.006391,10.0,-0.6,-5.1,9.075,194.6646,-27.2006,20.4924,5.0,56.23136,48.843933,2.353317,354.2297,NaN,1.044,44.954838,211.1,6 / 25,33297,2022-01-10 17:05:05:826
-12.925131,12.434303,47.46373,0.031461,-1.326895,9.716415,2.54087,-6.135602,-3.385578,3.211411,-11.353519,0.006391,10.0,-0.6,-5.1,9.075,194.6646,-27.2006,20.4924,5.0,56.23136,48.843933,2.353317,354.2297,NaN,1.044,44.954838,211.1,6 / 25,33303,2022-01-10 17:05:05:832
-12.925131,12.434303,47.46373,0.031461,-1.326895,9.716415,2.54087,-6.135602,-3.385578,3.211411,-11.353519,0.006391,10.0,-0.6,-5.1,9.075,194.6646,-27.2006,20.4924,5.0,56.23136,48.843933,2.353317,354.2297,NaN,1.044,44.954838,211.1,6 / 25,33308,2022-01-10 17:05:05:837
-12.925131,12.434303,47.46373,0.031461,-1.326895,9.716415,2.54087,-6.135602,-3.385578,3.211411,-11.353519,0.006391,10.0,-0.6,-5.1,9.075,194.6646,-27.2006,20.4924,5.0,56.23136,48.843933,2.353317,354.2297,NaN,1.044,44.954838,211.1,6 / 25,33312,2022-01-10 17:05:05:841
1.19013,-0.157328,0.996012,0.031461,-1.326895,9.716415,1.410425,3.795857,16.239468,3.211411,-11.353519,0.006391,67.0,0.15,5.325,-4.425,359.8319,7.7763,-0.1855,5.0,56.23136,48.843933,2.353317,354.2297,NaN,1.044,44.954838,211.1,6 / 25,33319,2022-01-10 17:05:05:848
1.19013,-0.157328,0.996012,0.031461,-1.326895,9.716415,1.410425,3.795857,16.239468,3.211411,-11.353519,0.006391,67.0,0.15,5.325,-4.425,359.8319,7.7763,-0.1855,5.0,56.23136,48.843933,2.353317,354.2297,NaN,1.044,44.954838,211.1,6 / 25,33322,2022-01-10 17:05:05:851
1.19013,-0.157328,0.996012,0.031461,-1.326895,9.716415,1.410425,3.795857,16.239468,3.211411,-11.353519,0.006391,67.0,0.15,5.325,-4.425,359.8319,7.7763,-0.1855,5.0,56.23136,48.843933,2.353317,354.2297,NaN,1.044,44.954838,211.1,6 / 25,33327,2022-01-10 17:05:05:856
1.19013,-0.157328,0.996012,0.031461,-1.326895,9.716415,1.410425,3.795857,16.239468,3.211411,-11.353519,0.006391,67.0,0.15,5.325,-4.425,359.8319,7.7763,-0.1855,5.0,56.23136,48.843933,2.353317,354.2297,NaN,1.044,44.954838,211.1,6 / 25,33333,2022-01-10 17:05:05:862
1.19013,-0.157328,0.996012,0.031461,-1.326895,9.716415,1.410425,3.795857,16.239468,3.211411,-11.353519,0.006391,67.0,0.15,5.325,-4.425,359.8319,7.7763,-0.1855,5.0,56.23136,48.843933,2.353317,354.2297,NaN,1.044,44.954838,211.1,6 / 25,33338,2022-01-10 17:05:05:867
1.19013,-0.157328,0.996012,0.031461,-1.326895,9.716415,1.410425,3.795857,16.239468,3.211411,-11.353519,0.006391,67.0,0.15,5.325,-4.425,359.8319,7.7763,-0.1855,5.0,56.23136,48.843933,2.353317,354.2297,NaN,1.044,44.954838,211.1,6 / 25,33342,2022-01-10 17:05:05:871
1.19013,-0.157328,0.996012,0.031461,-1.326895,9.716415,1.410425,3.795857,16.239468,3.211411,-11.353519,0.006391,67.0,0.15,5.325,-4.425,359.8319,7.7763,-0.1855,5.0,56.23136,48.843933,2.353317,354.2297,NaN,1.044,44.954838,211.1,6 / 25,33348,2022-01-10 17:05:05:877
1.19013,-0.157328,0.996012,0.031461,-1.326895,9.716415,1.410425,3.795857,16.239468,3.211411,-11.353519,0.006391,67.0,0.15,5.325,-4.425,359.8319,7.7763,-0.1855,5.0,56.23136,48.843933,2.353317,354.2297,NaN,1.044,44.954838,211.1,6 / 25,33352,2022-01-10 17:05:05:881
1.19013,-0.157328,0.996012,0.031461,-1.326895,9.716415,1.410425,3.795857,16.239468,3.211411,-11.353519,0.006391,67.0,0.15,5.325,-4.425,359.8319,7.7763,-0.1855,5.0,56.23136,48.843933,2.353317,354.2297,NaN,1.044,44.954838,211.1,6 / 25,33357,2022-01-10 17:05:05:886
1.19013,-0.157328,0.996012,0.031461,-1.326895,9.716415,1.410425,3.795857,16.239468,3.211411,-11.353519,0.006391,67.0,0.15,5.325,-4.425,359.8319,7.7763,-0.1855,5.0,56.23136,48.843933,2.353317,354.2297,NaN,1.044,44.954838,211.1,6 / 25,33363,2022-01-10 17:05:05:892
1.19013,-0.157328,0.996012,0.031461,-1.326895,9.716415,1.410425,3.795857,16.239468,3.211411,-11.353519,0.006391,67.0,0.15,5.325,-4.425,359.8319,7.7763,-0.1855,5.0,56.23136,48.843933,2.353317,354.2297,NaN,1.044,44.954838,211.1,6 / 25,33367,2022-01-10 17:05:05:896
1.19013,-0.157328,0.996012,0.031461,-1.326895,9.716415,1.410425,3.795857,16.239468,3.211411,-11.353519,0.006391,67.0,0.15,5.325,-4.425,359.8319,7.7763,-0.1855,5.0,56.23136,48.843933,2.353317,354.2297,NaN,1.044,44.954838,211.1,6 / 25,33373,2022-01-10 17:05:05:902
1.19013,-0.157328,0.996012,0.031461,-1.326895,9.716415,1.410425,3.795857,16.239468,3.211411,-11.353519,0.006391,67.0,0.15,5.325,-4.425,359.8319,7.7763,-0.1855,5.0,56.23136,48.843933,2.353317,354.2297,NaN,1.044,44.954838,211.1,6 / 25,33378,2022-01-10 17:05:05:907
1.19013,-0.157328,0.996012,0.031461,-1.326895,9.716415,1.410425,3.795857,16.239468,3.211411,-11.353519,0.006391,67.0,0.15,5.325,-4.425,359.8319,7.7763,-0.1855,5.0,56.23136,48.843933,2.353317,354.2297,NaN,1.044,44.954838,211.1,6 / 25,33383,2022-01-10 17:05:05:912
1.19013,-0.157328,0.996012,0.063117,-0.742244,9.778316,1.410425,3.795857,16.239468,0.574027,1.708368,-1.039268,67.0,0.15,5.325,-4.425,359.8319,7.7763,-0.1855,5.0,56.23136,48.843933,2.353317,354.2297,NaN,1.044,44.954838,211.1,6 / 25,33387,2022-01-10 17:05:05:916
1.19013,-0.157328,0.996012,0.063117,-0.742244,9.778316,1.410425,3.795857,16.239468,0.574027,1.708368,-1.039268,67.0,0.15,5.325,-4.425,359.8319,7.7763,-0.1855,5.0,56.23136,48.843933,2.353317,354.2297,NaN,1.044,44.954838,211.1,6 / 25,33394,2022-01-10 17:05:05:923
1.19013,-0.157328,0.996012,0.063117,-0.742244,9.778316,1.410425,3.795857,16.239468,0.574027,1.708368,-1.039268,67.0,0.15,5.325,-4.425,359.8319,7.7763,-0.1855,5.0,56.23136,48.843933,2.353317,354.2297,NaN,1.044,44.954838,211.1,6 / 25,33397,2022-01-10 17:05:05:926
1.19013,-0.157328,0.996012,0.063117,-0.742244,9.778316,1.410425,3.795857,16.239468,0.574027,1.708368,-1.039268,67.0,0.15,5.325,-4.425,359.8319,7.7763,-0.1855,5.0,56.23136,48.843933,2.353317,354.2297,NaN,1.044,44.954838,211.1,6 / 25,33404,2022-01-10 17:05:05:933
1.19013,-0.157328,0.996012,0.063117,-0.742244,9.778316,1.410425,3.795857,16.239468,0.574027,1.708368,-1.039268,67.0,0.15,5.325,-4.425,359.8319,7.7763,-0.1855,5.0,56.23136,48.843933,2.353317,354.2297,NaN,1.044,44.954838,211.1,6 / 25,33408,2022-01-10 17:05:05:937
1.19013,-0.157328,0.996012,0.063117,-0.742244,9.778316,1.410425,3.795857,16.239468,0.574027,1.708368,-1.039268,67.0,0.15,5.325,-4.425,359.8319,7.7763,-0.1855,5.0,56.23136,48.843933,2.353317,354.2297,NaN,1.044,44.954838,211.1,6 / 25,33412,2022-01-10 17:05:05:941
1.19013,-0.157328,0.996012,0.063117,-0.742244,9.778316,1.410425,3.795857,16.239468,0.574027,1.708368,-1.039268,67.0,0.15,5.325,-4.425,359.8319,7.7763,-0.1855,5.0,56.23136,48.843933,2.353317,354.2297,NaN,1.044,44.954838,211.1,6 / 25,33418,2022-01-10 17:05:05:947
1.19013,-0.157328,0.996012,0.063117,-0.742244,9.778316,1.410425,3.795857,16.239468,0.574027,1.708368,-1.039268,67.0,0.15,5.325,-4.425,359.8319,7.7763,-0.1855,5.0,56.23136,48.843933,2.353317,354.2297,NaN,1.044,44.954838,211.1,6 / 25,33423,2022-01-10 17:05:05:952
1.19013,-0.157328,0.996012,0.063117,-0.742244,9.778316,1.410425,3.795857,16.239468,0.574027,1.708368,-1.039268,67.0,0.15,5.325,-4.425,359.8319,7.7763,-0.1855,5.0,56.23136,48.843933,2.353317,354.2297,NaN,1.044,44.954838,211.1,6 / 25,33427,2022-01-10 17:05:05:956
-0.205185,0.379262,8.347961,0.063117,-0.742244,9.778316,-3.175857,1.416599,6.082834,0.574027,1.708368,-1.039268,67.0,0.15,5.325,-4.425,359.8319,7.7763,-0.1855,5.0,56.23136,48.843933,2.353317,354.2297,NaN,1.044,44.954838,211.1,6 / 25,33433,2022-01-10 17:05:05:962
-0.205185,0.379262,8.347961,0.063117,-0.742244,9.778316,-3.175857,1.416599,6.082834,0.574027,1.708368,-1.039268,67.0,0.15,5.325,-4.425,359.8319,7.7763,-0.1855,5.0,56.23136,48.843933,2.353317,354.2297,NaN,1.044,44.954838,211.1,6 / 25,33438,2022-01-10 17:05:05:967
-0.205185,0.379262,8.347961,0.063117,-0.742244,9.778316,-3.175857,1.416599,6.082834,0.574027,1.708368,-1.039268,67.0,0.15,5.325,-4.425,359.8319,7.7763,-0.1855,5.0,56.23136,48.843933,2.353317,354.2297,NaN,1.044,44.954838,211.1,6 / 25,33443,2022-01-10 17:05:05:972
-0.205185,0.379262,8.347961,0.063117,-0.742244,9.778316,-3.175857,1.416599,6.082834,0.574027,1.708368,-1.039268,67.0,0.15,5.325,-4.425,359.8319,7.7763,-0.1855,5.0,64.605,48.843933,2.353317,354.2297,NaN,1.044,44.954838,211.1,6 / 25,33448,2022-01-10 17:05:05:977
-0.205185,0.379262,8.347961,0.063117,-0.742244,9.778316,-3.175857,1.416599,6.082834,0.574027,1.708368,-1.039268,67.0,0.525,2.925,-22.65,317.4498,4.3407,-0.3698,5.0,64.605,48.843933,2.353317,354.2297,NaN,1.044,44.954838,211.1,6 / 25,33453,2022-01-10 17:05:05:982
-0.205185,0.379262,8.347961,0.063117,-0.742244,9.778316,-3.175857,1.416599,6.082834,0.574027,1.708368,-1.039268,67.0,0.525,2.925,-22.65,317.4498,4.3407,-0.3698,5.0,64.605,48.843933,2.353317,354.2297,NaN,1.044,44.954838,211.1,6 / 25,33458,2022-01-10 17:05:05:987
-0.205185,0.379262,8.347961,0.063117,-0.742244,9.778316,-3.175857,1.416599,6.082834,0.574027,1.708368,-1.039268,67.0,0.525,2.925,-22.65,317.4498,4.3407,-0.3698,5.0,64.605,48.843933,2.353317,354.2297,NaN,1.044,44.954838,211.1,6 / 25,33463,2022-01-10 17:05:05:992
-0.205185,0.379262,8.347961,0.063117,-0.742244,9.778316,-3.175857,1.416599,6.082834,0.574027,1.708368,-1.039268,67.0,0.525,2.925,-22.65,317.4498,4.3407,-0.3698,5.0,64.605,48.843933,2.353317,354.2297,NaN,1.044,44.954838,211.1,6 / 25,33467,2022-01-10 17:05:05:996
-0.205185,0.379262,8.347961,0.063117,-0.742244,9.778316,-3.175857,1.416599,6.082834,0.574027,1.708368,-1.039268,67.0,0.525,2.925,-22.65,317.4498,4.3407,-0.3698,5.0,64.605,48.843933,2.353317,354.2297,NaN,1.044,44.954838,211.1,6 / 25,33473,2022-01-10 17:05:06:002
-0.205185,0.379262,8.347961,0.063117,-0.742244,9.778316,-3.175857,1.416599,6.082834,0.574027,1.708368,-1.039268,67.0,0.525,2.925,-22.65,317.4498,4.3407,-0.3698,5.0,64.605,48.843933,2.353317,354.2297,NaN,1.044,44.954838,211.1,6 / 25,33477,2022-01-10 17:05:06:006
-0.205185,0.379262,8.347961,0.063117,-0.742244,9.778316,-3.175857,1.416599,6.082834,0.574027,1.708368,-1.039268,67.0,0.525,2.925,-22.65,317.4498,4.3407,-0.3698,5.0,64.605,48.843933,2.353317,354.2297,NaN,1.044,44.954838,211.1,6 / 25,33483,2022-01-10 17:05:06:012
-0.205185,0.379262,8.347961,-0.328288,-0.787575,9.76946,-3.175857,1.416599,6.082834,0.574027,1.708368,-1.039268,67.0,0.525,2.925,-22.65,317.4498,4.3407,-0.3698,5.0,64.605,48.843933,2.353317,354.2297,NaN,1.044,44.954838,211.1,6 / 25,33488,2022-01-10 17:05:06:017
-0.205185,0.379262,8.347961,-0.328288,-0.787575,9.76946,-3.175857,1.416599,6.082834,0.574027,1.708368,-1.039268,67.0,0.525,2.925,-22.65,317.4498,4.3407,-0.3698,5.0,64.605,48.843933,2.353317,354.2297,NaN,1.044,44.954838,211.1,6 / 25,33493,2022-01-10 17:05:06:022
-0.205185,0.379262,8.347961,-0.328288,-0.787575,9.76946,-3.175857,1.416599,6.082834,0.574027,1.708368,-1.039268,67.0,0.525,2.925,-22.65,317.4498,4.3407,-0.3698,5.0,64.605,48.843933,2.353317,354.2297,NaN,1.044,44.954838,211.1,6 / 25,33497,2022-01-10 17:05:06:026
-0.205185,0.379262,8.347961,-0.328288,-0.787575,9.76946,-3.175857,1.416599,6.082834,0.574027,1.708368,-1.039268,67.0,0.525,2.925,-22.65,317.4498,4.3407,-0.3698,5.0,64.605,48.843933,2.353317,354.2297,NaN,1.044,44.954838,211.1,6 / 25,33503,2022-01-10 17:05:06:032
-0.205185,0.379262,8.347961,-0.328288,-0.787575,9.76946,-3.175857,1.416599,6.082834,0.574027,1.708368,-1.039268,67.0,0.525,2.925,-22.65,317.4498,4.3407,-0.3698,5.0,64.605,48.843933,2.353317,354.2297,NaN,1.044,44.954838,211.1,6 / 25,33507,2022-01-10 17:05:06:036
-0.205185,0.379262,8.347961,-0.328288,-0.787575,9.76946,-3.175857,1.416599,6.082834,-0.060452,0.262314,0.141543,67.0,0.525,2.925,-22.65,317.4498,4.3407,-0.3698,5.0,64.605,48.843933,2.353317,354.2297,NaN,1.044,44.954838,211.1,6 / 25,33512,2022-01-10 17:05:06:041
-0.205185,0.379262,8.347961,-0.328288,-0.787575,9.76946,-3.175857,1.416599,6.082834,-0.060452,0.262314,0.141543,67.0,0.525,2.925,-22.65,317.4498,4.3407,-0.3698,5.0,64.605,48.843933,2.353317,354.2297,NaN,1.044,44.954838,211.1,6 / 25,33517,2022-01-10 17:05:06:046
-0.205185,0.379262,8.347961,-0.328288,-0.787575,9.76946,-3.175857,1.416599,6.082834,-0.060452,0.262314,0.141543,67.0,0.525,2.925,-22.65,317.4498,4.3407,-0.3698,5.0,64.605,48.843933,2.353317,354.2297,NaN,1.044,44.954838,211.1,6 / 25,33523,2022-01-10 17:05:06:052
-0.205185,0.379262,8.347961,-0.328288,-0.787575,9.76946,-3.175857,1.416599,6.082834,-0.060452,0.262314,0.141543,67.0,0.525,2.925,-22.65,317.4498,4.3407,-0.3698,5.0,64.605,48.843933,2.353317,354.2297,NaN,1.044,44.954838,211.1,6 / 25,33528,2022-01-10 17:05:06:057
-1.428216,1.228415,9.712168,-0.328288,-0.787575,9.76946,-3.175857,1.416599,6.082834,-0.060452,0.262314,0.141543,67.0,0.525,2.925,-22.65,317.4498,4.3407,-0.3698,5.0,64.605,48.843933,2.353317,354.2297,NaN,1.044,44.954838,211.1,6 / 25,33533,2022-01-10 17:05:06:062
-1.428216,1.228415,9.712168,-0.328288,-0.787575,9.76946,-3.175857,1.416599,6.082834,-0.060452,0.262314,0.141543,67.0,0.525,2.925,-22.65,317.4498,4.3407,-0.3698,5.0,64.605,48.843933,2.353317,354.2297,NaN,1.044,44.954838,211.1,6 / 25,33538,2022-01-10 17:05:06:067
-1.428216,1.228415,9.712168,-0.328288,-0.787575,9.76946,-3.175857,1.416599,6.082834,-0.060452,0.262314,0.141543,67.0,0.525,2.925,-22.65,317.4498,4.3407,-0.3698,5.0,64.605,48.843933,2.353317,354.2297,NaN,1.044,44.954838,211.1,6 / 25,33544,2022-01-10 17:05:06:073
-1.428216,1.228415,9.712168,-0.328288,-0.787575,9.76946,-3.175857,1.416599,6.082834,-0.060452,0.262314,0.141543,67.0,0.525,2.925,-22.65,317.4498,4.3407,-0.3698,5.0,64.605,48.843933,2.353317,354.2297,NaN,1.044,44.954838,211.1,6 / 25,33547,2022-01-10 17:05:06:076
-1.428216,1.228415,9.712168,-0.328288,-0.787575,9.76946,-3.175857,1.416599,6.082834,-0.060452,0.262314,0.141543,67.0,0.525,2.925,-22.65,317.4498,4.3407,-0.3698,5.0,64.605,48.843933,2.353317,354.2297,NaN,1.044,44.954838,211.1,6 / 25,33553,2022-01-10 17:05:06:082
-1.428216,1.228415,9.712168,-0.328288,-0.787575,9.76946,-0.809388,1.477448,3.954198,-0.060452,0.262314,0.141543,67.0,0.525,2.925,-22.65,317.4498,4.3407,-0.3698,5.0,64.605,48.843933,2.353317,354.2297,NaN,1.044,44.954838,211.1,6 / 25,33558,2022-01-10 17:05:06:087
-1.428216,1.228415,9.712168,-0.328288,-0.787575,9.76946,-0.809388,1.477448,3.954198,-0.060452,0.262314,0.141543,67.0,0.525,2.925,-22.65,317.4498,4.3407,-0.3698,5.0,64.605,48.843933,2.353317,354.2297,NaN,1.044,44.954838,211.1,6 / 25,33563,2022-01-10 17:05:06:092
-1.428216,1.228415,9.712168,-0.328288,-0.787575,9.76946,-0.809388,1.477448,3.954198,-0.060452,0.262314,0.141543,67.0,0.525,2.925,-22.65,317.4498,4.3407,-0.3698,5.0,64.605,48.843933,2.353317,354.2297,NaN,1.044,44.954838,211.1,6 / 25,33568,2022-01-10 17:05:06:097
-1.428216,1.228415,9.712168,-0.328288,-0.787575,9.76946,-0.809388,1.477448,3.954198,-0.060452,0.262314,0.141543,67.0,0.525,2.925,-22.65,317.4498,4.3407,-0.3698,5.0,64.605,48.843933,2.353317,354.2297,NaN,1.044,44.954838,211.1,6 / 25,33573,2022-01-10 17:05:06:102
-1.428216,1.228415,9.712168,-0.328288,-0.787575,9.76946,-0.809388,1.477448,3.954198,-0.060452,0.262314,0.141543,67.0,0.525,2.925,-22.65,317.4498,4.3407,-0.3698,5.0,64.605,48.843933,2.353317,354.2297,NaN,1.044,44.954838,211.1,6 / 25,33578,2022-01-10 17:05:06:107
-1.428216,1.228415,9.712168,-0.328288,-0.787575,9.76946,-0.809388,1.477448,3.954198,-0.060452,0.262314,0.141543,67.0,0.525,2.925,-22.65,317.4498,4.3407,-0.3698,5.0,64.605,48.843933,2.353317,354.2297,NaN,1.044,44.954838,211.1,6 / 25,33583,2022-01-10 17:05:06:112
-1.428216,1.228415,9.712168,-0.328288,-0.787575,9.76946,-0.809388,1.477448,3.954198,-0.060452,0.262314,0.141543,67.0,0.525,2.925,-22.65,317.4498,4.3407,-0.3698,5.0,64.605,48.843933,2.353317,354.2297,NaN,1.044,44.954838,211.1,6 / 25,33588,2022-01-10 17:05:06:117
-1.428216,1.228415,9.712168,-0.328288,-0.787575,9.76946,-0.809388,1.477448,3.954198,-0.060452,0.262314,0.141543,67.0,0.525,2.925,-22.65,317.4498,4.3407,-0.3698,5.0,64.605,48.843933,2.353317,354.2297,NaN,1.044,44.954838,211.1,6 / 25,33593,2022-01-10 17:05:06:122
-1.428216,1.228415,9.712168,-0.328288,-0.787575,9.76946,-0.809388,1.477448,3.954198,-0.060452,0.262314,0.141543,67.0,-0.75,15.0,-33.9,9.9349,4.6064,1.9246,5.0,64.605,48.843933,2.353317,354.2297,NaN,1.044,44.954838,211.1,6 / 25,33597,2022-01-10 17:05:06:126
-1.428216,1.228415,9.712168,-0.328288,-0.787575,9.76946,-0.809388,1.477448,3.954198,-0.060452,0.262314,0.141543,67.0,-0.75,15.0,-33.9,9.9349,4.6064,1.9246,5.0,64.605,48.843933,2.353317,354.2297,NaN,1.044,44.954838,211.1,6 / 25,33603,2022-01-10 17:05:06:132
-1.428216,1.228415,9.712168,-0.328288,-0.787575,9.76946,-0.809388,1.477448,3.954198,-0.060452,0.262314,0.141543,67.0,-0.75,15.0,-33.9,9.9349,4.6064,1.9246,5.0,64.605,48.843933,2.353317,354.2297,NaN,1.044,44.954838,211.1,6 / 25,33608,2022-01-10 17:05:06:137
-1.428216,1.228415,9.712168,-0.328288,-0.787575,9.76946,-0.809388,1.477448,3.954198,-0.060452,0.262314,0.141543,67.0,-0.75,15.0,-33.9,9.9349,4.6064,1.9246,5.0,64.605,48.843933,2.353317,354.2297,NaN,1.044,44.954838,211.1,6 / 25,33612,2022-01-10 17:05:06:141
-1.428216,1.228415,9.712168,-0.328288,-0.787575,9.76946,-0.809388,1.477448,3.954198,-0.060452,0.262314,0.141543,67.0,-0.75,15.0,-33.9,9.9349,4.6064,1.9246,5.0,64.605,48.843933,2.353317,354.2297,NaN,1.044,44.954838,211.1,6 / 25,33617,2022-01-10 17:05:06:146
-1.576571,2.478665,10.567303,-0.493551,-0.69702,9.769389,-0.809388,1.477448,3.954198,-0.060452,0.262314,0.141543,67.0,-0.75,15.0,-33.9,9.9349,4.6064,1.9246,5.0,64.605,48.843933,2.353317,354.2297,NaN,1.044,44.954838,211.1,6 / 25,33623,2022-01-10 17:05:06:152
-1.576571,2.478665,10.567303,-0.493551,-0.69702,9.769389,-0.809388,1.477448,3.954198,-0.060452,0.262314,0.141543,67.0,-0.75,15.0,-33.9,9.9349,4.6064,1.9246,5.0,64.605,48.843933,2.353317,354.2297,NaN,1.044,44.954838,211.1,6 / 25,33628,2022-01-10 17:05:06:157
-1.576571,2.478665,10.567303,-0.493551,-0.69702,9.769389,-0.809388,1.477448,3.954198,0.26471,-0.39134,0.273632,67.0,-0.75,15.0,-33.9,9.9349,4.6064,1.9246,5.0,64.605,48.843933,2.353317,354.2297,NaN,1.044,44.954838,211.1,6 / 25,33633,2022-01-10 17:05:06:162
-1.576571,2.478665,10.567303,-0.493551,-0.69702,9.769389,-0.809388,1.477448,3.954198,0.26471,-0.39134,0.273632,67.0,-0.75,15.0,-33.9,9.9349,4.6064,1.9246,5.0,64.605,48.843933,2.353317,354.2297,NaN,1.044,44.954838,211.1,6 / 25,33638,2022-01-10 17:05:06:167
-1.576571,2.478665,10.567303,-0.493551,-0.69702,9.769389,-0.809388,1.477448,3.954198,0.26471,-0.39134,0.273632,67.0,-0.75,15.0,-33.9,9.9349,4.6064,1.9246,5.0,64.605,48.843933,2.353317,354.2297,NaN,1.044,44.954838,211.1,6 / 25,33643,2022-01-10 17:05:06:172
-1.576571,2.478665,10.567303,-0.493551,-0.69702,9.769389,-0.809388,1.477448,3.954198,0.26471,-0.39134,0.273632,67.0,-0.75,15.0,-33.9,9.9349,4.6064,1.9246,5.0,64.605,48.843933,2.353317,354.2297,NaN,1.044,44.954838,211.1,6 / 25,33647,2022-01-10 17:05:06:176
-1.576571,2.478665,10.567303,-0.493551,-0.69702,9.769389,-0.809388,1.477448,3.954198,0.26471,-0.39134,0.273632,67.0,-0.75,15.0,-33.9,9.9349,4.6064,1.9246,5.0,64.605,48.843933,2.353317,354.2297,NaN,1.044,44.954838,211.1,6 / 25,33653,2022-01-10 17:05:06:182
-1.576571,2.478665,10.567303,-0.493551,-0.69702,9.769389,-0.809388,1.477448,3.954198,0.26471,-0.39134,0.273632,67.0,-0.75,15.0,-33.9,9.9349,4.6064,1.9246,5.0,64.605,48.843933,2.353317,354.2297,NaN,1.044,44.954838,211.1,6 / 25,33658,2022-01-10 17:05:06:187
-1.576571,2.478665,10.567303,-0.493551,-0.69702,9.769389,-0.809388,1.477448,3.954198,0.26471,-0.39134,0.273632,67.0,-0.75,15.0,-33.9,9.9349,4.6064,1.9246,5.0,64.605,48.843933,2.353317,354.2297,NaN,1.044,44.954838,211.1,6 / 25,33663,2022-01-10 17:05:06:192
-1.576571,2.478665,10.567303,-0.493551,-0.69702,9.769389,-0.809388,1.477448,3.954198,0.26471,-0.39134,0.273632,67.0,-0.75,15.0,-33.9,9.9349,4.6064,1.9246,5.0,64.605,48.843933,2.353317,354.2297,NaN,1.044,44.954838,211.1,6 / 25,33667,2022-01-10 17:05:06:196
-1.576571,2.478665,10.567303,-0.493551,-0.69702,9.769389,-1.347661,2.649501,4.536371,0.26471,-0.39134,0.273632,67.0,-0.75,15.0,-33.9,9.9349,4.6064,1.9246,5.0,64.605,48.843933,2.353317,354.2297,NaN,1.044,44.954838,211.1,6 / 25,33673,2022-01-10 17:05:06:202
-1.576571,2.478665,10.567303,-0.493551,-0.69702,9.769389,-1.347661,2.649501,4.536371,0.26471,-0.39134,0.273632,67.0,-0.75,15.0,-33.9,9.9349,4.6064,1.9246,5.0,64.605,48.843933,2.353317,354.2297,NaN,1.044,44.954838,211.1,6 / 25,33677,2022-01-10 17:05:06:206
-1.576571,2.478665,10.567303,-0.493551,-0.69702,9.769389,-1.347661,2.649501,4.536371,0.26471,-0.39134,0.273632,67.0,-0.75,15.0,-33.9,9.9349,4.6064,1.9246,5.0,64.605,48.843933,2.353317,354.2297,NaN,1.044,44.954838,211.1,6 / 25,33682,2022-01-10 17:05:06:211
-1.576571,2.478665,10.567303,-0.493551,-0.69702,9.769389,-1.347661,2.649501,4.536371,0.26471,-0.39134,0.273632,33.0,-0.75,15.0,-33.9,9.9349,4.6064,1.9246,5.0,64.605,48.843933,2.353317,354.2297,NaN,1.044,44.954838,211.1,6 / 25,33688,2022-01-10 17:05:06:217
-1.576571,2.478665,10.567303,-0.493551,-0.69702,9.769389,-1.347661,2.649501,4.536371,0.26471,-0.39134,0.273632,33.0,-0.75,15.0,-33.9,9.9349,4.6064,1.9246,5.0,64.605,48.843933,2.353317,354.2297,NaN,1.044,44.954838,211.1,6 / 25,33694,2022-01-10 17:05:06:223
-1.576571,2.478665,10.567303,-0.493551,-0.69702,9.769389,-1.347661,2.649501,4.536371,0.26471,-0.39134,0.273632,33.0,-0.75,15.0,-33.9,9.9349,4.6064,1.9246,5.0,64.605,48.843933,2.353317,354.2297,NaN,1.044,44.954838,211.1,6 / 25,33698,2022-01-10 17:05:06:227
-1.576571,2.478665,10.567303,-0.493551,-0.69702,9.769389,-1.347661,2.649501,4.536371,0.26471,-0.39134,0.273632,33.0,-0.75,15.0,-33.9,9.9349,4.6064,1.9246,5.0,64.605,48.843933,2.353317,354.2297,NaN,1.044,44.954838,211.1,6 / 25,33703,2022-01-10 17:05:06:232
-1.576571,2.478665,10.567303,-0.493551,-0.69702,9.769389,-1.347661,2.649501,4.536371,0.26471,-0.39134,0.273632,33.0,-0.75,15.0,-33.9,9.9349,4.6064,1.9246,5.0,64.605,48.843933,2.353317,354.2297,NaN,1.044,44.954838,211.1,6 / 25,33708,2022-01-10 17:05:06:237
-1.576571,2.478665,10.567303,-0.493551,-0.69702,9.769389,-1.347661,2.649501,4.536371,0.26471,-0.39134,0.273632,33.0,-0.75,15.0,-33.9,9.9349,4.6064,1.9246,5.0,64.605,48.843933,2.353317,354.2297,NaN,1.044,44.954838,211.1,6 / 25,33713,2022-01-10 17:05:06:242
-1.576571,2.478665,10.567303,-0.493551,-0.69702,9.769389,-1.347661,2.649501,4.536371,0.26471,-0.39134,0.273632,33.0,-0.75,15.0,-33.9,9.9349,4.6064,1.9246,5.0,64.605,48.843933,2.353317,354.2297,NaN,1.044,44.954838,211.1,6 / 25,33718,2022-01-10 17:05:06:247
-1.576571,2.478665,10.567303,-0.493551,-0.69702,9.769389,-1.347661,2.649501,4.536371,0.26471,-0.39134,0.273632,33.0,-0.75,15.0,-33.9,9.9349,4.6064,1.9246,5.0,64.605,48.843933,2.353317,354.2297,NaN,1.044,44.954838,211.1,6 / 25,33723,2022-01-10 17:05:06:252
-1.576571,2.478665,10.567303,-0.493551,-0.69702,9.769389,-1.347661,2.649501,4.536371,0.26471,-0.39134,0.273632,33.0,-0.75,15.0,-33.9,9.9349,4.6064,1.9246,5.0,64.605,48.843933,2.353317,354.2297,NaN,1.044,44.954838,211.1,6 / 25,33728,2022-01-10 17:05:06:257
0.549452,2.289632,7.647162,0.304769,0.90166,9.760354,-1.347661,2.649501,4.536371,0.26471,-0.39134,0.273632,33.0,-7.8,16.875,-35.925,18.7384,-5.2754,-1.7885,5.0,64.605,48.843933,2.353317,354.2297,NaN,1.044,44.954838,211.1,6 / 25,33733,2022-01-10 17:05:06:262
0.549452,2.289632,7.647162,0.304769,0.90166,9.760354,-1.347661,2.649501,4.536371,0.26471,-0.39134,0.273632,33.0,-7.8,16.875,-35.925,18.7384,-5.2754,-1.7885,5.0,64.605,48.843933,2.353317,354.2297,NaN,1.044,44.954838,211.1,6 / 25,33738,2022-01-10 17:05:06:267
0.549452,2.289632,7.647162,0.304769,0.90166,9.760354,-1.347661,2.649501,4.536371,0.26471,-0.39134,0.273632,33.0,-7.8,16.875,-35.925,18.7384,-5.2754,-1.7885,5.0,64.605,48.843933,2.353317,354.2297,NaN,1.044,44.954838,211.1,6 / 25,33744,2022-01-10 17:05:06:273
0.549452,2.289632,7.647162,0.304769,0.90166,9.760354,-1.347661,2.649501,4.536371,0.26471,-0.39134,0.273632,33.0,-7.8,16.875,-35.925,18.7384,-5.2754,-1.7885,5.0,64.605,48.843933,2.353317,354.2297,NaN,1.044,44.954838,211.1,6 / 25,33748,2022-01-10 17:05:06:277
0.549452,2.289632,7.647162,0.304769,0.90166,9.760354,-1.347661,2.649501,4.536371,0.26471,-0.39134,0.273632,33.0,-7.8,16.875,-35.925,18.7384,-5.2754,-1.7885,5.0,64.605,48.843933,2.353317,354.2297,NaN,1.044,44.954838,211.1,6 / 25,33754,2022-01-10 17:05:06:283
0.549452,2.289632,7.647162,0.304769,0.90166,9.760354,-1.347661,2.649501,4.536371,0.26471,-0.39134,0.273632,33.0,-7.8,16.875,-35.925,18.7384,-5.2754,-1.7885,5.0,64.605,48.843933,2.353317,354.2297,NaN,1.044,44.954838,211.1,6 / 25,33758,2022-01-10 17:05:06:287
0.549452,2.289632,7.647162,0.304769,0.90166,9.760354,-1.347661,2.649501,4.536371,0.26471,-0.39134,0.273632,33.0,-7.8,16.875,-35.925,18.7384,-5.2754,-1.7885,5.0,64.605,48.843933,2.353317,354.2297,NaN,1.044,44.954838,211.1,6 / 25,33763,2022-01-10 17:05:06:292
0.549452,2.289632,7.647162,0.304769,0.90166,9.760354,-1.347661,2.649501,4.536371,1.262967,0.063914,0.406653,33.0,-7.8,16.875,-35.925,18.7384,-5.2754,-1.7885,5.0,43.9028,48.843933,2.353317,354.2297,NaN,1.044,44.954838,211.1,6 / 25,33767,2022-01-10 17:05:06:296
0.549452,2.289632,7.647162,0.304769,0.90166,9.760354,-1.347661,2.649501,4.536371,1.262967,0.063914,0.406653,33.0,-7.8,16.875,-35.925,18.7384,-5.2754,-1.7885,5.0,43.9028,48.843933,2.353317,354.2297,NaN,1.044,44.954838,211.1,6 / 25,33774,2022-01-10 17:05:06:303
0.549452,2.289632,7.647162,0.304769,0.90166,9.760354,-1.347661,2.649501,4.536371,1.262967,0.063914,0.406653,33.0,-7.8,16.875,-35.925,18.7384,-5.2754,-1.7885,5.0,43.9028,48.843933,2.353317,354.2297,NaN,1.044,44.954838,211.1,6 / 25,33778,2022-01-10 17:05:06:307
0.549452,2.289632,7.647162,0.304769,0.90166,9.760354,-1.347661,2.649501,4.536371,1.262967,0.063914,0.406653,33.0,-7.8,16.875,-35.925,18.7384,-5.2754,-1.7885,5.0,43.9028,48.843933,2.353317,354.2297,NaN,1.044,44.954838,211.1,6 / 25,33784,2022-01-10 17:05:06:313
0.549452,2.289632,7.647162,0.304769,0.90166,9.760354,-1.347661,2.649501,4.536371,1.262967,0.063914,0.406653,33.0,-7.8,16.875,-35.925,18.7384,-5.2754,-1.7885,5.0,43.9028,48.843933,2.353317,354.2297,NaN,1.044,44.954838,211.1,6 / 25,33787,2022-01-10 17:05:06:316
0.549452,2.289632,7.647162,0.304769,0.90166,9.760354,-1.347661,2.649501,4.536371,1.262967,0.063914,0.406653,33.0,-7.8,16.875,-35.925,18.7384,-5.2754,-1.7885,5.0,43.9028,48.843933,2.353317,354.2297,NaN,1.044,44.954838,211.1,6 / 25,33793,2022-01-10 17:05:06:322
0.549452,2.289632,7.647162,0.304769,0.90166,9.760354,-1.347661,2.649501,4.536371,1.262967,0.063914,0.406653,33.0,-7.8,16.875,-35.925,18.7384,-5.2754,-1.7885,5.0,43.9028,48.843933,2.353317,354.2297,NaN,1.044,44.954838,211.1,6 / 25,33797,2022-01-10 17:05:06:326
0.549452,2.289632,7.647162,0.304769,0.90166,9.760354,-1.347661,2.649501,4.536371,1.262967,0.063914,0.406653,33.0,-7.8,16.875,-35.925,18.7384,-5.2754,-1.7885,5.0,43.9028,48.843933,2.353317,354.2297,NaN,1.044,44.954838,211.1,6 / 25,33802,2022-01-10 17:05:06:331
0.549452,2.289632,7.647162,0.304769,0.90166,9.760354,0.11685,1.326993,2.116136,1.262967,0.063914,0.406653,33.0,-7.8,16.875,-35.925,18.7384,-5.2754,-1.7885,5.0,43.9028,48.843933,2.353317,354.2297,NaN,1.044,44.954838,211.1,6 / 25,33808,2022-01-10 17:05:06:337
0.549452,2.289632,7.647162,0.304769,0.90166,9.760354,0.11685,1.326993,2.116136,1.262967,0.063914,0.406653,33.0,-7.8,16.875,-35.925,18.7384,-5.2754,-1.7885,5.0,43.9028,48.843933,2.353317,354.2297,NaN,1.044,44.954838,211.1,6 / 25,33812,2022-01-10 17:05:06:341
0.549452,2.289632,7.647162,0.304769,0.90166,9.760354,0.11685,1.326993,2.116136,1.262967,0.063914,0.406653,33.0,-7.8,16.875,-35.925,18.7384,-5.2754,-1.7885,5.0,43.9028,48.843933,2.353317,354.2297,NaN,1.044,44.954838,211.1,6 / 25,33817,2022-01-10 17:05:06:346
0.416351,2.051247,8.472386,0.304769,0.90166,9.760354,0.11685,1.326993,2.116136,1.262967,0.063914,0.406653,33.0,-7.8,16.875,-35.925,18.7384,-5.2754,-1.7885,5.0,43.9028,48.843933,2.353317,354.2297,NaN,1.044,44.954838,211.1,6 / 25,33823,2022-01-10 17:05:06:352
0.416351,2.051247,8.472386,0.304769,0.90166,9.760354,0.11685,1.326993,2.116136,1.262967,0.063914,0.406653,33.0,-7.8,16.875,-35.925,18.7384,-5.2754,-1.7885,5.0,43.9028,48.843933,2.353317,354.2297,NaN,1.044,44.954838,211.1,6 / 25,33828,2022-01-10 17:05:06:357
0.416351,2.051247,8.472386,0.304769,0.90166,9.760354,0.11685,1.326993,2.116136,1.262967,0.063914,0.406653,33.0,-7.8,16.875,-35.925,18.7384,-5.2754,-1.7885,5.0,43.9028,48.843933,2.353317,354.2297,NaN,1.044,44.954838,211.1,6 / 25,33832,2022-01-10 17:05:06:361
0.416351,2.051247,8.472386,0.304769,0.90166,9.760354,0.11685,1.326993,2.116136,1.262967,0.063914,0.406653,33.0,-7.8,16.875,-35.925,18.7384,-5.2754,-1.7885,5.0,43.9028,48.843933,2.353317,354.2297,NaN,1.044,44.954838,211.1,6 / 25,33838,2022-01-10 17:05:06:367
0.416351,2.051247,8.472386,0.304769,0.90166,9.760354,0.11685,1.326993,2.116136,1.262967,0.063914,0.406653,33.0,-7.8,16.875,-35.925,18.7384,-5.2754,-1.7885,5.0,43.9028,48.843933,2.353317,354.2297,NaN,1.044,44.954838,211.1,6 / 25,33843,2022-01-10 17:05:06:372
0.416351,2.051247,8.472386,0.304769,0.90166,9.760354,0.11685,1.326993,2.116136,1.262967,0.063914,0.406653,33.0,-7.8,16.875,-35.925,18.7384,-5.2754,-1.7885,5.0,43.9028,48.843933,2.353317,354.2297,NaN,1.044,44.954838,211.1,6 / 25,33848,2022-01-10 17:05:06:377
0.416351,2.051247,8.472386,0.304769,0.90166,9.760354,0.11685,1.326993,2.116136,1.262967,0.063914,0.406653,33.0,-8.775,15.225,-36.525,23.1226,-5.2754,-1.7885,5.0,43.9028,48.843933,2.353317,354.2297,NaN,1.044,44.954838,211.1,6 / 25,33853,2022-01-10 17:05:06:382
0.416351,2.051247,8.472386,0.304769,0.90166,9.760354,0.11685,1.326993,2.116136,1.262967,0.063914,0.406653,33.0,-8.775,15.225,-36.525,23.1226,-5.2754,-1.7885,5.0,43.9028,48.843933,2.353317,354.2297,NaN,1.044,44.954838,211.1,6 / 25,33857,2022-01-10 17:05:06:386
0.416351,2.051247,8.472386,0.304769,0.90166,9.760354,0.11685,1.326993,2.116136,1.262967,0.063914,0.406653,33.0,-8.775,15.225,-36.525,23.1226,-5.2754,-1.7885,5.0,43.9028,48.843933,2.353317,354.2297,NaN,1.044,44.954838,211.1,6 / 25,33863,2022-01-10 17:05:06:392
0.416351,2.051247,8.472386,0.686914,0.547769,9.767215,0.11685,1.326993,2.116136,1.262967,0.063914,0.406653,33.0,-8.775,15.225,-36.525,23.1226,-5.2754,-1.7885,5.0,43.9028,48.84394,2.3533297,354.2484,NaN,1.008,48.412903,83.7,6 / 25,33868,2022-01-10 17:05:06:397
0.416351,2.051247,8.472386,0.686914,0.547769,9.767215,0.11685,1.326993,2.116136,1.262967,0.063914,0.406653,33.0,-8.775,15.225,-36.525,23.1226,-5.2754,-1.7885,5.0,43.9028,48.84394,2.3533297,354.2484,NaN,1.008,48.412903,83.7,6 / 25,33873,2022-01-10 17:05:06:402
0.416351,2.051247,8.472386,0.686914,0.547769,9.767215,0.11685,1.326993,2.116136,1.262967,0.063914,0.406653,33.0,-8.775,15.225,-36.525,23.1226,-5.2754,-1.7885,5.0,43.9028,48.84394,2.3533297,354.2484,NaN,1.008,48.412903,83.7,6 / 25,33878,2022-01-10 17:05:06:407
0.416351,2.051247,8.472386,0.686914,0.547769,9.767215,0.11685,1.326993,2.116136,1.262967,0.063914,0.406653,33.0,-8.775,15.225,-36.525,23.1226,-5.2754,-1.7885,5.0,43.9028,48.84394,2.3533297,354.2484,NaN,1.008,48.412903,83.7,6 / 25,33883,2022-01-10 17:05:06:412
0.416351,2.051247,8.472386,0.686914,0.547769,9.767215,0.11685,1.326993,2.116136,1.262967,0.063914,0.406653,33.0,-8.775,15.225,-36.525,23.1226,-5.2754,-1.7885,5.0,43.9028,48.84394,2.3533297,354.2484,NaN,1.008,48.412903,83.7,6 / 25,33888,2022-01-10 17:05:06:417
0.416351,2.051247,8.472386,0.686914,0.547769,9.767215,0.11685,1.326993,2.116136,1.262967,0.063914,0.406653,33.0,-8.775,15.225,-36.525,23.1226,-5.2754,-1.7885,5.0,43.9028,48.84394,2.3533297,354.2484,NaN,1.008,48.412903,83.7,6 / 25,33893,2022-01-10 17:05:06:422
0.416351,2.051247,8.472386,0.686914,0.547769,9.767215,0.11685,1.326993,2.116136,1.262967,0.063914,0.406653,33.0,-8.775,15.225,-36.525,23.1226,-5.2754,-1.7885,5.0,43.9028,48.84394,2.3533297,354.2484,NaN,1.008,48.412903,83.7,6 / 25,33898,2022-01-10 17:05:06:427
0.416351,2.051247,8.472386,0.686914,0.547769,9.767215,0.11685,1.326993,2.116136,-2.324205,0.228759,0.351793,33.0,-8.775,15.225,-36.525,23.1226,-5.2754,-1.7885,5.0,43.9028,48.84394,2.3533297,354.2484,NaN,1.008,48.412903,83.7,6 / 25,33902,2022-01-10 17:05:06:431
0.416351,2.051247,8.472386,0.686914,0.547769,9.767215,0.11685,1.326993,2.116136,-2.324205,0.228759,0.351793,33.0,-8.775,15.225,-36.525,23.1226,-5.2754,-1.7885,5.0,43.9028,48.84394,2.3533297,354.2484,NaN,1.008,48.412903,83.7,6 / 25,33909,2022-01-10 17:05:06:438
0.416351,2.051247,8.472386,0.686914,0.547769,9.767215,0.11685,1.326993,2.116136,-2.324205,0.228759,0.351793,33.0,-8.775,15.225,-36.525,23.1226,-5.2754,-1.7885,5.0,43.9028,48.84394,2.3533297,354.2484,NaN,1.008,48.412903,83.7,6 / 25,33913,2022-01-10 17:05:06:442
-0.635294,1.060619,12.554243,0.686914,0.547769,9.767215,0.127826,0.631043,4.457063,-2.324205,0.228759,0.351793,33.0,-8.775,15.225,-36.525,23.1226,-5.2754,-1.7885,5.0,43.9028,48.84394,2.3533297,354.2484,NaN,1.008,48.412903,83.7,6 / 25,33918,2022-01-10 17:05:06:447
-0.635294,1.060619,12.554243,0.686914,0.547769,9.767215,0.127826,0.631043,4.457063,-2.324205,0.228759,0.351793,33.0,-8.775,15.225,-36.525,23.1226,-5.2754,-1.7885,5.0,43.9028,48.84394,2.3533297,354.2484,NaN,1.008,48.412903,83.7,6 / 25,33924,2022-01-10 17:05:06:453
-0.635294,1.060619,12.554243,0.686914,0.547769,9.767215,0.127826,0.631043,4.457063,-2.324205,0.228759,0.351793,33.0,-8.775,15.225,-36.525,23.1226,-5.2754,-1.7885,5.0,43.9028,48.84394,2.3533297,354.2484,NaN,1.008,48.412903,83.7,6 / 25,33928,2022-01-10 17:05:06:457
-0.635294,1.060619,12.554243,0.686914,0.547769,9.767215,0.127826,0.631043,4.457063,-2.324205,0.228759,0.351793,33.0,-8.775,15.225,-36.525,23.1226,-5.2754,-1.7885,5.0,43.9028,48.84394,2.3533297,354.2484,NaN,1.008,48.412903,83.7,6 / 25,33933,2022-01-10 17:05:06:462
-0.635294,1.060619,12.554243,0.686914,0.547769,9.767215,0.127826,0.631043,4.457063,-2.324205,0.228759,0.351793,33.0,-8.775,15.225,-36.525,23.1226,-5.2754,-1.7885,5.0,43.9028,48.84394,2.3533297,354.2484,NaN,1.008,48.412903,83.7,6 / 25,33937,2022-01-10 17:05:06:466
-0.635294,1.060619,12.554243,0.686914,0.547769,9.767215,0.127826,0.631043,4.457063,-2.324205,0.228759,0.351793,33.0,-8.775,15.225,-36.525,23.1226,-5.2754,-1.7885,5.0,43.9028,48.84394,2.3533297,354.2484,NaN,1.008,48.412903,83.7,6 / 25,33943,2022-01-10 17:05:06:472
-0.635294,1.060619,12.554243,0.686914,0.547769,9.767215,0.127826,0.631043,4.457063,-2.324205,0.228759,0.351793,33.0,-8.775,15.225,-36.525,23.1226,-5.2754,-1.7885,5.0,43.9028,48.84394,2.3533297,354.2484,NaN,1.008,48.412903,83.7,6 / 25,33947,2022-01-10 17:05:06:476
-0.635294,1.060619,12.554243,0.686914,0.547769,9.767215,0.127826,0.631043,4.457063,-2.324205,0.228759,0.351793,33.0,-8.775,15.225,-36.525,23.1226,-5.2754,-1.7885,5.0,43.9028,48.84394,2.3533297,354.2484,NaN,1.008,48.412903,83.7,6 / 25,33953,2022-01-10 17:05:06:482
-0.635294,1.060619,12.554243,0.686914,0.547769,9.767215,0.127826,0.631043,4.457063,-2.324205,0.228759,0.351793,33.0,-8.775,15.225,-36.525,23.1226,-5.2754,-1.7885,5.0,43.9028,48.84394,2.3533297,354.2484,NaN,1.008,48.412903,83.7,6 / 25,33957,2022-01-10 17:05:06:486
-0.635294,1.060619,12.554243,0.686914,0.547769,9.767215,0.127826,0.631043,4.457063,-2.324205,0.228759,0.351793,33.0,-8.775,15.225,-36.525,23.1226,-5.2754,-1.7885,5.0,43.9028,48.84394,2.3533297,354.2484,NaN,1.008,48.412903,83.7,6 / 25,33963,2022-01-10 17:05:06:492
-0.635294,1.060619,12.554243,0.686914,0.547769,9.767215,0.127826,0.631043,4.457063,-2.324205,0.228759,0.351793,33.0,-8.775,15.225,-36.525,23.1226,-5.2754,-1.7885,5.0,43.9028,48.84394,2.3533297,354.2484,NaN,1.008,48.412903,83.7,6 / 25,33967,2022-01-10 17:05:06:496
-0.635294,1.060619,12.554243,0.686914,0.547769,9.767215,0.127826,0.631043,4.457063,-2.324205,0.228759,0.351793,33.0,-8.775,15.225,-36.525,23.1226,-5.2754,-1.7885,5.0,43.9028,48.84394,2.3533297,354.2484,NaN,1.008,48.412903,83.7,6 / 25,33973,2022-01-10 17:05:06:502
-0.635294,1.060619,12.554243,0.686914,0.547769,9.767215,0.127826,0.631043,4.457063,-2.324205,0.228759,0.351793,33.0,-8.775,15.225,-36.525,23.1226,-5.2754,-1.7885,5.0,43.9028,48.84394,2.3533297,354.2484,NaN,1.008,48.412903,83.7,6 / 25,33977,2022-01-10 17:05:06:506
-0.635294,1.060619,12.554243,0.686914,0.547769,9.767215,0.127826,0.631043,4.457063,-2.324205,0.228759,0.351793,33.0,-8.775,15.225,-36.525,23.1226,-5.2754,-1.7885,5.0,43.9028,48.84394,2.3533297,354.2484,NaN,1.008,48.412903,83.7,6 / 25,33982,2022-01-10 17:05:06:511
-0.635294,1.060619,12.554243,0.686914,0.547769,9.767215,0.127826,0.631043,4.457063,-2.324205,0.228759,0.351793,33.0,-8.775,15.225,-36.525,23.1226,-5.2754,-1.7885,5.0,43.9028,48.84394,2.3533297,354.2484,NaN,1.008,48.412903,83.7,6 / 25,33988,2022-01-10 17:05:06:517
-0.635294,1.060619,12.554243,0.686914,0.547769,9.767215,0.127826,0.631043,4.457063,-2.324205,0.228759,0.351793,33.0,-8.775,15.225,-36.525,23.1226,-5.2754,-1.7885,5.0,43.9028,48.84394,2.3533297,354.2484,NaN,1.008,48.412903,83.7,6 / 25,33993,2022-01-10 17:05:06:522
-0.635294,1.060619,12.554243,0.686914,0.547769,9.767215,0.127826,0.631043,4.457063,-2.324205,0.228759,0.351793,33.0,-8.775,15.225,-36.525,23.1226,-5.2754,-1.7885,5.0,43.9028,48.84394,2.3533297,354.2484,NaN,1.008,48.412903,83.7,6 / 25,33997,2022-01-10 17:05:06:526
-0.635294,1.060619,12.554243,0.686914,0.547769,9.767215,0.127826,0.631043,4.457063,-2.324205,0.228759,0.351793,33.0,-8.775,15.225,-36.525,23.1226,-5.2754,-1.7885,5.0,43.9028,48.84394,2.3533297,354.2484,NaN,1.008,48.412903,83.7,6 / 25,34003,2022-01-10 17:05:06:532
-0.635294,1.060619,12.554243,0.686914,0.547769,9.767215,0.127826,0.631043,4.457063,-2.324205,0.228759,0.351793,33.0,-8.775,15.225,-36.525,23.1226,-5.2754,-1.7885,5.0,43.9028,48.84394,2.3533297,354.2484,NaN,1.008,48.412903,83.7,6 / 25,34007,2022-01-10 17:05:06:536
-0.635294,1.060619,12.554243,0.686914,0.547769,9.767215,0.127826,0.631043,4.457063,-2.324205,0.228759,0.351793,33.0,-8.775,15.225,-36.525,23.1226,-5.2754,-1.7885,5.0,43.9028,48.84394,2.3533297,354.2484,NaN,1.008,48.412903,83.7,6 / 25,34013,2022-01-10 17:05:06:542
-0.635294,1.060619,12.554243,0.686914,0.547769,9.767215,0.127826,0.631043,4.457063,-2.324205,0.228759,0.351793,33.0,-8.775,15.225,-36.525,23.1226,-5.2754,-1.7885,5.0,43.9028,48.84394,2.3533297,354.2484,NaN,1.008,48.412903,83.7,6 / 25,34018,2022-01-10 17:05:06:547
-0.635294,1.060619,12.554243,0.686914,0.547769,9.767215,0.127826,0.631043,4.457063,-2.324205,0.228759,0.351793,33.0,-8.775,15.225,-36.525,23.1226,-5.2754,-1.7885,5.0,43.9028,48.84394,2.3533297,354.2484,NaN,1.008,48.412903,83.7,6 / 25,34023,2022-01-10 17:05:06:552
-0.635294,1.060619,12.554243,0.686914,0.547769,9.767215,0.127826,0.631043,4.457063,-2.324205,0.228759,0.351793,33.0,-8.775,15.225,-36.525,23.1226,-5.2754,-1.7885,5.0,43.9028,48.84394,2.3533297,354.2484,NaN,1.008,48.412903,83.7,6 / 25,34027,2022-01-10 17:05:06:556
-0.635294,1.060619,12.554243,0.686914,0.547769,9.767215,0.127826,0.631043,4.457063,-2.324205,0.228759,0.351793,33.0,-8.775,15.225,-36.525,23.1226,-5.2754,-1.7885,5.0,43.9028,48.84394,2.3533297,354.2484,NaN,1.008,48.412903,83.7,6 / 25,34033,2022-01-10 17:05:06:562
-0.635294,1.060619,12.554243,0.686914,0.547769,9.767215,0.127826,0.631043,4.457063,-2.324205,0.228759,0.351793,33.0,-8.775,15.225,-36.525,23.1226,-5.2754,-1.7885,5.0,43.9028,48.84394,2.3533297,354.2484,NaN,1.008,48.412903,83.7,6 / 25,34037,2022-01-10 17:05:06:566
-0.635294,1.060619,12.554243,0.686914,0.547769,9.767215,0.127826,0.631043,4.457063,-2.324205,0.228759,0.351793,33.0,-8.775,15.225,-36.525,23.1226,-5.2754,-1.7885,5.0,43.9028,48.84394,2.3533297,354.2484,NaN,1.008,48.412903,83.7,6 / 25,34042,2022-01-10 17:05:06:571
-0.635294,1.060619,12.554243,0.686914,0.547769,9.767215,0.127826,0.631043,4.457063,-2.324205,0.228759,0.351793,33.0,-8.775,15.225,-36.525,23.1226,-5.2754,-1.7885,5.0,43.9028,48.84394,2.3533297,354.2484,NaN,1.008,48.412903,83.7,6 / 25,34048,2022-01-10 17:05:06:577
-0.635294,1.060619,12.554243,0.686914,0.547769,9.767215,0.127826,0.631043,4.457063,-2.324205,0.228759,0.351793,33.0,-8.775,15.225,-36.525,23.1226,-5.2754,-1.7885,5.0,43.9028,48.84394,2.3533297,354.2484,NaN,1.008,48.412903,83.7,6 / 25,34053,2022-01-10 17:05:06:582
-0.635294,1.060619,12.554243,0.686914,0.547769,9.767215,0.127826,0.631043,4.457063,-2.324205,0.228759,0.351793,33.0,-8.775,15.225,-36.525,23.1226,-5.2754,-1.7885,5.0,43.9028,48.84394,2.3533297,354.2484,NaN,1.008,48.412903,83.7,6 / 25,34057,2022-01-10 17:05:06:586
-0.674776,0.227019,13.459927,0.730404,-1.901246,9.592817,-0.327537,1.956765,6.13266,-1.922213,-0.362179,-0.187481,33.0,-9.075,16.425,-35.925,35.953,11.1789,-4.3541,5.0,43.9028,48.84394,2.3533297,354.2484,NaN,1.008,48.412903,83.7,6 / 25,34063,2022-01-10 17:05:06:592
-0.674776,0.227019,13.459927,0.730404,-1.901246,9.592817,-0.327537,1.956765,6.13266,-1.922213,-0.362179,-0.187481,33.0,-9.075,16.425,-35.925,35.953,11.1789,-4.3541,5.0,43.9028,48.84394,2.3533297,354.2484,NaN,1.008,48.412903,83.7,6 / 25,34068,2022-01-10 17:05:06:597
-0.674776,0.227019,13.459927,0.730404,-1.901246,9.592817,-0.327537,1.956765,6.13266,-1.922213,-0.362179,-0.187481,33.0,-9.075,16.425,-35.925,35.953,11.1789,-4.3541,5.0,43.9028,48.84394,2.3533297,354.2484,NaN,1.008,48.412903,83.7,6 / 25,34074,2022-01-10 17:05:06:603
-0.674776,0.227019,13.459927,0.730404,-1.901246,9.592817,-0.327537,1.956765,6.13266,-1.922213,-0.362179,-0.187481,33.0,-9.075,16.425,-35.925,35.953,11.1789,-4.3541,5.0,43.9028,48.84394,2.3533297,354.2484,NaN,1.008,48.412903,83.7,6 / 25,34078,2022-01-10 17:05:06:607
-0.674776,0.227019,13.459927,0.730404,-1.901246,9.592817,-0.327537,1.956765,6.13266,-1.922213,-0.362179,-0.187481,33.0,-9.075,16.425,-35.925,35.953,11.1789,-4.3541,5.0,43.9028,48.84394,2.3533297,354.2484,NaN,1.008,48.412903,83.7,6 / 25,34083,2022-01-10 17:05:06:612
-0.674776,0.227019,13.459927,0.730404,-1.901246,9.592817,-0.327537,1.956765,6.13266,-1.922213,-0.362179,-0.187481,26.0,-9.075,16.425,-35.925,35.953,11.1789,-4.3541,5.0,43.9028,48.84394,2.3533297,354.2484,NaN,1.008,48.412903,83.7,6 / 25,34088,2022-01-10 17:05:06:617
-0.674776,0.227019,13.459927,0.730404,-1.901246,9.592817,-0.327537,1.956765,6.13266,-1.922213,-0.362179,-0.187481,26.0,-9.075,16.425,-35.925,35.953,11.1789,-4.3541,5.0,28.51096,48.84394,2.3533297,354.2484,NaN,1.008,48.412903,83.7,6 / 25,34093,2022-01-10 17:05:06:622
-0.674776,0.227019,13.459927,0.730404,-1.901246,9.592817,-0.327537,1.956765,6.13266,-1.922213,-0.362179,-0.187481,26.0,-9.075,16.425,-35.925,35.953,11.1789,-4.3541,5.0,28.51096,48.84394,2.3533297,354.2484,NaN,1.008,48.412903,83.7,6 / 25,34098,2022-01-10 17:05:06:627
-0.674776,0.227019,13.459927,0.730404,-1.901246,9.592817,-0.327537,1.956765,6.13266,-1.922213,-0.362179,-0.187481,26.0,-9.075,16.425,-35.925,35.953,11.1789,-4.3541,5.0,28.51096,48.84394,2.3533297,354.2484,NaN,1.008,48.412903,83.7,6 / 25,34102,2022-01-10 17:05:06:631
-0.674776,0.227019,13.459927,0.730404,-1.901246,9.592817,-0.327537,1.956765,6.13266,-1.922213,-0.362179,-0.187481,26.0,-9.075,16.425,-35.925,35.953,11.1789,-4.3541,5.0,28.51096,48.84394,2.3533297,354.2484,NaN,1.008,48.412903,83.7,6 / 25,34108,2022-01-10 17:05:06:637
-0.674776,0.227019,13.459927,0.730404,-1.901246,9.592817,-0.327537,1.956765,6.13266,-1.922213,-0.362179,-0.187481,26.0,-9.075,16.425,-35.925,35.953,11.1789,-4.3541,5.0,28.51096,48.84394,2.3533297,354.2484,NaN,1.008,48.412903,83.7,6 / 25,34113,2022-01-10 17:05:06:642
-0.674776,0.227019,13.459927,0.730404,-1.901246,9.592817,-0.327537,1.956765,6.13266,-1.922213,-0.362179,-0.187481,26.0,-9.075,16.425,-35.925,35.953,11.1789,-4.3541,5.0,28.51096,48.84394,2.3533297,354.2484,NaN,1.008,48.412903,83.7,6 / 25,34117,2022-01-10 17:05:06:646
-0.674776,0.227019,13.459927,0.730404,-1.901246,9.592817,-0.327537,1.956765,6.13266,-1.922213,-0.362179,-0.187481,26.0,-9.075,16.425,-35.925,35.953,11.1789,-4.3541,5.0,28.51096,48.84394,2.3533297,354.2484,NaN,1.008,48.412903,83.7,6 / 25,34124,2022-01-10 17:05:06:653
-0.674776,0.227019,13.459927,0.730404,-1.901246,9.592817,-0.327537,1.956765,6.13266,-1.922213,-0.362179,-0.187481,26.0,-9.075,16.425,-35.925,35.953,11.1789,-4.3541,5.0,28.51096,48.84394,2.3533297,354.2484,NaN,1.008,48.412903,83.7,6 / 25,34128,2022-01-10 17:05:06:657
-0.674776,0.227019,13.459927,0.730404,-1.901246,9.592817,-0.327537,1.956765,6.13266,-1.922213,-0.362179,-0.187481,26.0,-9.075,16.425,-35.925,35.953,11.1789,-4.3541,5.0,28.51096,48.84394,2.3533297,354.2484,NaN,1.008,48.412903,83.7,6 / 25,34133,2022-01-10 17:05:06:662
-0.674776,0.227019,13.459927,0.730404,-1.901246,9.592817,-0.327537,1.956765,6.13266,-1.922213,-0.362179,-0.187481,26.0,-9.075,16.425,-35.925,35.953,11.1789,-4.3541,5.0,28.51096,48.84394,2.3533297,354.2484,NaN,1.008,48.412903,83.7,6 / 25,34137,2022-01-10 17:05:06:666
-0.674776,0.227019,13.459927,0.730404,-1.901246,9.592817,-0.327537,1.956765,6.13266,-1.922213,-0.362179,-0.187481,26.0,-9.075,16.425,-35.925,35.953,11.1789,-4.3541,5.0,28.51096,48.84394,2.3533297,354.2484,NaN,1.008,48.412903,83.7,6 / 25,34144,2022-01-10 17:05:06:673
-0.674776,0.227019,13.459927,0.730404,-1.901246,9.592817,-0.327537,1.956765,6.13266,-1.922213,-0.362179,-0.187481,26.0,-9.075,16.425,-35.925,35.953,11.1789,-4.3541,5.0,28.51096,48.84394,2.3533297,354.2484,NaN,1.008,48.412903,83.7,6 / 25,34148,2022-01-10 17:05:06:677
-0.674776,0.227019,13.459927,0.730404,-1.901246,9.592817,-0.327537,1.956765,6.13266,-1.922213,-0.362179,-0.187481,26.0,-9.075,16.425,-35.925,35.953,11.1789,-4.3541,5.0,28.51096,48.84394,2.3533297,354.2484,NaN,1.008,48.412903,83.7,6 / 25,34153,2022-01-10 17:05:06:682
-0.674776,0.227019,13.459927,0.730404,-1.901246,9.592817,-0.327537,1.956765,6.13266,-1.922213,-0.362179,-0.187481,26.0,-9.075,16.425,-35.925,35.953,11.1789,-4.3541,5.0,28.51096,48.84394,2.3533297,354.2484,NaN,1.008,48.412903,83.7,6 / 25,34159,2022-01-10 17:05:06:688
-0.674776,0.227019,13.459927,0.730404,-1.901246,9.592817,-0.327537,1.956765,6.13266,-1.922213,-0.362179,-0.187481,26.0,-9.075,16.425,-35.925,35.953,11.1789,-4.3541,5.0,28.51096,48.84394,2.3533297,354.2484,NaN,1.008,48.412903,83.7,6 / 25,34164,2022-01-10 17:05:06:693
-0.94666,-1.1001,10.497911,-0.868754,-2.779068,9.364425,0.593208,0.839185,4.934344,-1.922213,-0.362179,-0.187481,26.0,-9.075,16.425,-35.925,35.953,11.1789,-4.3541,5.0,28.51096,48.84394,2.3533297,354.2484,NaN,1.008,48.412903,83.7,6 / 25,34168,2022-01-10 17:05:06:697
-0.94666,-1.1001,10.497911,-0.868754,-2.779068,9.364425,0.593208,0.839185,4.934344,-1.922213,-0.362179,-0.187481,26.0,-9.075,16.425,-35.925,35.953,11.1789,-4.3541,5.0,28.51096,48.84394,2.3533297,354.2484,NaN,1.008,48.412903,83.7,6 / 25,34173,2022-01-10 17:05:06:702
-0.94666,-1.1001,10.497911,-0.868754,-2.779068,9.364425,0.593208,0.839185,4.934344,-1.922213,-0.362179,-0.187481,26.0,-9.075,16.425,-35.925,35.953,11.1789,-4.3541,5.0,28.51096,48.84394,2.3533297,354.2484,NaN,1.008,48.412903,83.7,6 / 25,34178,2022-01-10 17:05:06:707
-0.94666,-1.1001,10.497911,-0.868754,-2.779068,9.364425,0.593208,0.839185,4.934344,-1.922213,-0.362179,-0.187481,26.0,-9.075,16.425,-35.925,35.953,11.1789,-4.3541,5.0,28.51096,48.84394,2.3533297,354.2484,NaN,1.008,48.412903,83.7,6 / 25,34183,2022-01-10 17:05:06:712
-0.94666,-1.1001,10.497911,-0.868754,-2.779068,9.364425,0.593208,0.839185,4.934344,-1.922213,-0.362179,-0.187481,26.0,-9.075,16.425,-35.925,35.953,11.1789,-4.3541,5.0,28.51096,48.84394,2.3533297,354.2484,NaN,1.008,48.412903,83.7,6 / 25,34188,2022-01-10 17:05:06:717
-0.94666,-1.1001,10.497911,-0.868754,-2.779068,9.364425,0.593208,0.839185,4.934344,-1.922213,-0.362179,-0.187481,26.0,-9.075,16.425,-35.925,35.953,11.1789,-4.3541,5.0,28.51096,48.84394,2.3533297,354.2484,NaN,1.008,48.412903,83.7,6 / 25,34194,2022-01-10 17:05:06:723
-0.94666,-1.1001,10.497911,-0.868754,-2.779068,9.364425,0.593208,0.839185,4.934344,-1.922213,-0.362179,-0.187481,26.0,-9.225,19.65,-34.05,50.9384,16.4624,5.3003,5.0,28.51096,48.84394,2.3533297,354.2484,NaN,1.008,48.412903,83.7,6 / 25,34202,2022-01-10 17:05:06:731
-0.94666,-1.1001,10.497911,-0.868754,-2.779068,9.364425,0.593208,0.839185,4.934344,-1.922213,-0.362179,-0.187481,26.0,-9.225,19.65,-34.05,50.9384,16.4624,5.3003,5.0,28.51096,48.84394,2.3533297,354.2484,NaN,1.008,48.412903,83.7,6 / 25,34202,2022-01-10 17:05:06:731
-0.94666,-1.1001,10.497911,-0.868754,-2.779068,9.364425,0.593208,0.839185,4.934344,-1.922213,-0.362179,-0.187481,26.0,-9.225,19.65,-34.05,50.9384,16.4624,5.3003,5.0,28.51096,48.84394,2.3533297,354.2484,NaN,1.008,48.412903,83.7,6 / 25,34207,2022-01-10 17:05:06:736
-0.94666,-1.1001,10.497911,-0.868754,-2.779068,9.364425,0.593208,0.839185,4.934344,-1.922213,-0.362179,-0.187481,26.0,-9.225,19.65,-34.05,50.9384,16.4624,5.3003,5.0,28.51096,48.84394,2.3533297,354.2484,NaN,1.008,48.412903,83.7,6 / 25,34213,2022-01-10 17:05:06:742
-0.94666,-1.1001,10.497911,-0.868754,-2.779068,9.364425,0.593208,0.839185,4.934344,-1.922213,-0.362179,-0.187481,26.0,-9.225,19.65,-34.05,50.9384,16.4624,5.3003,5.0,28.51096,48.84394,2.3533297,354.2484,NaN,1.008,48.412903,83.7,6 / 25,34218,2022-01-10 17:05:06:747
-0.94666,-1.1001,10.497911,-0.868754,-2.779068,9.364425,0.593208,0.839185,4.934344,-1.922213,-0.362179,-0.187481,26.0,-9.225,19.65,-34.05,50.9384,16.4624,5.3003,5.0,28.51096,48.84394,2.3533297,354.2484,NaN,1.008,48.412903,83.7,6 / 25,34222,2022-01-10 17:05:06:751
-0.94666,-1.1001,10.497911,-0.868754,-2.779068,9.364425,0.593208,0.839185,4.934344,-1.922213,-0.362179,-0.187481,26.0,-9.225,19.65,-34.05,50.9384,16.4624,5.3003,5.0,28.51096,48.84394,2.3533297,354.2484,NaN,1.008,48.412903,83.7,6 / 25,34228,2022-01-10 17:05:06:757
-0.94666,-1.1001,10.497911,-0.868754,-2.779068,9.364425,0.593208,0.839185,4.934344,-0.030759,1.506106,-0.079227,26.0,-9.225,19.65,-34.05,50.9384,16.4624,5.3003,5.0,28.51096,48.84394,2.3533297,354.2484,NaN,1.008,48.412903,83.7,6 / 25,34233,2022-01-10 17:05:06:762
-0.94666,-1.1001,10.497911,-0.868754,-2.779068,9.364425,0.593208,0.839185,4.934344,-0.030759,1.506106,-0.079227,26.0,-9.225,19.65,-34.05,50.9384,16.4624,5.3003,5.0,28.51096,48.84394,2.3533297,354.2484,NaN,1.008,48.412903,83.7,6 / 25,34238,2022-01-10 17:05:06:767
-0.94666,-1.1001,10.497911,-0.868754,-2.779068,9.364425,0.593208,0.839185,4.934344,-0.030759,1.506106,-0.079227,26.0,-9.225,19.65,-34.05,50.9384,16.4624,5.3003,5.0,28.51096,48.84394,2.3533297,354.2484,NaN,1.008,48.412903,83.7,6 / 25,34244,2022-01-10 17:05:06:773
-0.94666,-1.1001,10.497911,-0.868754,-2.779068,9.364425,0.593208,0.839185,4.934344,-0.030759,1.506106,-0.079227,26.0,-9.225,19.65,-34.05,50.9384,16.4624,5.3003,5.0,28.51096,48.84394,2.3533297,354.2484,NaN,1.008,48.412903,83.7,6 / 25,34248,2022-01-10 17:05:06:777
-0.94666,-1.1001,10.497911,-0.868754,-2.779068,9.364425,0.593208,0.839185,4.934344,-0.030759,1.506106,-0.079227,26.0,-9.225,19.65,-34.05,50.9384,16.4624,5.3003,5.0,28.51096,48.84394,2.3533297,354.2484,NaN,1.008,48.412903,83.7,6 / 25,34252,2022-01-10 17:05:06:781
-2.486741,-1.355235,8.159825,-0.868754,-2.779068,9.364425,0.593208,0.839185,4.934344,-0.030759,1.506106,-0.079227,26.0,-9.225,19.65,-34.05,50.9384,16.4624,5.3003,5.0,28.51096,48.84394,2.3533297,354.2484,NaN,1.008,48.412903,83.7,6 / 25,34258,2022-01-10 17:05:06:787
-2.486741,-1.355235,8.159825,-0.868754,-2.779068,9.364425,0.593208,0.839185,4.934344,-0.030759,1.506106,-0.079227,26.0,-9.225,19.65,-34.05,50.9384,16.4624,5.3003,5.0,28.51096,48.84394,2.3533297,354.2484,NaN,1.008,48.412903,83.7,6 / 25,34262,2022-01-10 17:05:06:791
-2.486741,-1.355235,8.159825,-0.868754,-2.779068,9.364425,0.593208,0.839185,4.934344,-0.030759,1.506106,-0.079227,26.0,-9.225,19.65,-34.05,50.9384,16.4624,5.3003,5.0,28.51096,48.84394,2.3533297,354.2484,NaN,1.008,48.412903,83.7,6 / 25,34268,2022-01-10 17:05:06:797
-2.486741,-1.355235,8.159825,-0.868754,-2.779068,9.364425,0.593208,0.839185,4.934344,-0.030759,1.506106,-0.079227,26.0,-9.225,19.65,-34.05,50.9384,16.4624,5.3003,5.0,28.51096,48.84394,2.3533297,354.2484,NaN,1.008,48.412903,83.7,6 / 25,34273,2022-01-10 17:05:06:802
-2.486741,-1.355235,8.159825,-0.868754,-2.779068,9.364425,0.593208,0.839185,4.934344,-0.030759,1.506106,-0.079227,26.0,-9.225,19.65,-34.05,50.9384,16.4624,5.3003,5.0,28.51096,48.84394,2.3533297,354.2484,NaN,1.008,48.412903,83.7,6 / 25,34278,2022-01-10 17:05:06:807
-2.486741,-1.355235,8.159825,-0.868754,-2.779068,9.364425,0.593208,0.839185,4.934344,-0.030759,1.506106,-0.079227,26.0,-9.225,19.65,-34.05,50.9384,16.4624,5.3003,5.0,28.51096,48.84394,2.3533297,354.2484,NaN,1.008,48.412903,83.7,6 / 25,34282,2022-01-10 17:05:06:811
-2.486741,-1.355235,8.159825,-0.868754,-2.779068,9.364425,0.593208,0.839185,4.934344,-0.030759,1.506106,-0.079227,26.0,-9.225,19.65,-34.05,50.9384,16.4624,5.3003,5.0,28.51096,48.84394,2.3533297,354.2484,NaN,1.008,48.412903,83.7,6 / 25,34287,2022-01-10 17:05:06:816
-2.486741,-1.355235,8.159825,-2.107292,-2.866259,9.138614,0.0154,0.574492,3.37967,-0.030759,1.506106,-0.079227,26.0,-9.225,19.65,-34.05,50.9384,16.4624,5.3003,5.0,28.51096,48.84394,2.3533297,354.2484,NaN,1.008,48.412903,83.7,6 / 25,34295,2022-01-10 17:05:06:824
-2.486741,-1.355235,8.159825,-2.107292,-2.866259,9.138614,0.0154,0.574492,3.37967,-0.030759,1.506106,-0.079227,26.0,-9.225,19.65,-34.05,50.9384,16.4624,5.3003,5.0,28.51096,48.84394,2.3533297,354.2484,NaN,1.008,48.412903,83.7,6 / 25,34298,2022-01-10 17:05:06:827
-2.486741,-1.355235,8.159825,-2.107292,-2.866259,9.138614,0.0154,0.574492,3.37967,-0.030759,1.506106,-0.079227,26.0,-9.225,19.65,-34.05,50.9384,16.4624,5.3003,5.0,28.51096,48.84394,2.3533297,354.2484,NaN,1.008,48.412903,83.7,6 / 25,34302,2022-01-10 17:05:06:831
-2.486741,-1.355235,8.159825,-2.107292,-2.866259,9.138614,0.0154,0.574492,3.37967,-0.030759,1.506106,-0.079227,26.0,-9.225,19.65,-34.05,50.9384,16.4624,5.3003,5.0,28.51096,48.84394,2.3533297,354.2484,NaN,1.008,48.412903,83.7,6 / 25,34307,2022-01-10 17:05:06:836
-2.486741,-1.355235,8.159825,-2.107292,-2.866259,9.138614,0.0154,0.574492,3.37967,-0.030759,1.506106,-0.079227,26.0,-9.225,19.65,-34.05,50.9384,16.4624,5.3003,5.0,28.51096,48.84394,2.3533297,354.2484,NaN,1.008,48.412903,83.7,6 / 25,34313,2022-01-10 17:05:06:842
-2.486741,-1.355235,8.159825,-2.107292,-2.866259,9.138614,0.0154,0.574492,3.37967,-0.030759,1.506106,-0.079227,26.0,-9.225,19.65,-34.05,50.9384,16.4624,5.3003,5.0,28.51096,48.84394,2.3533297,354.2484,NaN,1.008,48.412903,83.7,6 / 25,34318,2022-01-10 17:05:06:847
-2.486741,-1.355235,8.159825,-2.107292,-2.866259,9.138614,0.0154,0.574492,3.37967,-0.030759,1.506106,-0.079227,26.0,-9.225,19.65,-34.05,50.9384,16.4624,5.3003,5.0,28.51096,48.84394,2.3533297,354.2484,NaN,1.008,48.412903,83.7,6 / 25,34323,2022-01-10 17:05:06:852
-2.486741,-1.355235,8.159825,-2.107292,-2.866259,9.138614,0.0154,0.574492,3.37967,-0.030759,1.506106,-0.079227,26.0,-9.225,19.65,-34.05,50.9384,16.4624,5.3003,5.0,28.51096,48.84394,2.3533297,354.2484,NaN,1.008,48.412903,83.7,6 / 25,34328,2022-01-10 17:05:06:857
-2.486741,-1.355235,8.159825,-2.107292,-2.866259,9.138614,0.0154,0.574492,3.37967,-0.030759,1.506106,-0.079227,26.0,-6.975,23.175,-32.55,47.4737,16.9943,12.985,5.0,28.51096,48.84394,2.3533297,354.2484,NaN,1.008,48.412903,83.7,6 / 25,34333,2022-01-10 17:05:06:862
-2.486741,-1.355235,8.159825,-2.107292,-2.866259,9.138614,0.0154,0.574492,3.37967,-0.030759,1.506106,-0.079227,26.0,-6.975,23.175,-32.55,47.4737,16.9943,12.985,5.0,28.51096,48.84394,2.3533297,354.2484,NaN,1.008,48.412903,83.7,6 / 25,34337,2022-01-10 17:05:06:866
-2.486741,-1.355235,8.159825,-2.107292,-2.866259,9.138614,0.0154,0.574492,3.37967,-0.030759,1.506106,-0.079227,26.0,-6.975,23.175,-32.55,47.4737,16.9943,12.985,5.0,28.51096,48.84394,2.3533297,354.2484,NaN,1.008,48.412903,83.7,6 / 25,34343,2022-01-10 17:05:06:872
-2.486741,-1.355235,8.159825,-2.107292,-2.866259,9.138614,0.0154,0.574492,3.37967,-0.030759,1.506106,-0.079227,26.0,-6.975,23.175,-32.55,47.4737,16.9943,12.985,5.0,28.51096,48.84394,2.3533297,354.2484,NaN,1.008,48.412903,83.7,6 / 25,34348,2022-01-10 17:05:06:877
-2.594717,-1.024726,8.50469,-2.107292,-2.866259,9.138614,0.0154,0.574492,3.37967,-0.030759,1.506106,-0.079227,26.0,-6.975,23.175,-32.55,47.4737,16.9943,12.985,5.0,28.51096,48.84394,2.3533297,354.2484,NaN,1.008,48.412903,83.7,6 / 25,34352,2022-01-10 17:05:06:881
-2.594717,-1.024726,8.50469,-2.107292,-2.866259,9.138614,0.0154,0.574492,3.37967,-0.030759,1.506106,-0.079227,26.0,-6.975,23.175,-32.55,47.4737,16.9943,12.985,5.0,28.51096,48.84394,2.3533297,354.2484,NaN,1.008,48.412903,83.7,6 / 25,34358,2022-01-10 17:05:06:887
-2.594717,-1.024726,8.50469,-2.107292,-2.866259,9.138614,0.0154,0.574492,3.37967,-0.030759,1.506106,-0.079227,26.0,-6.975,23.175,-32.55,47.4737,16.9943,12.985,5.0,28.51096,48.84394,2.3533297,354.2484,NaN,1.008,48.412903,83.7,6 / 25,34363,2022-01-10 17:05:06:892
-2.594717,-1.024726,8.50469,-2.107292,-2.866259,9.138614,0.0154,0.574492,3.37967,-0.030759,1.506106,-0.079227,26.0,-6.975,23.175,-32.55,47.4737,16.9943,12.985,5.0,28.51096,48.84394,2.3533297,354.2484,NaN,1.008,48.412903,83.7,6 / 25,34368,2022-01-10 17:05:06:897
-2.594717,-1.024726,8.50469,-2.107292,-2.866259,9.138614,0.0154,0.574492,3.37967,0.273365,-0.471232,1.066831,26.0,-6.975,23.175,-32.55,47.4737,16.9943,12.985,5.0,28.51096,48.84394,2.3533297,354.2484,NaN,1.008,48.412903,83.7,6 / 25,34373,2022-01-10 17:05:06:902
-2.594717,-1.024726,8.50469,-2.107292,-2.866259,9.138614,0.0154,0.574492,3.37967,0.273365,-0.471232,1.066831,26.0,-6.975,23.175,-32.55,47.4737,16.9943,12.985,5.0,28.51096,48.84394,2.3533297,354.2484,NaN,1.008,48.412903,83.7,6 / 25,34378,2022-01-10 17:05:06:907
-2.594717,-1.024726,8.50469,-2.107292,-2.866259,9.138614,0.0154,0.574492,3.37967,0.273365,-0.471232,1.066831,26.0,-6.975,23.175,-32.55,47.4737,16.9943,12.985,5.0,28.51096,48.84394,2.3533297,354.2484,NaN,1.008,48.412903,83.7,6 / 25,34382,2022-01-10 17:05:06:911
-2.594717,-1.024726,8.50469,-2.107292,-2.866259,9.138614,0.0154,0.574492,3.37967,0.273365,-0.471232,1.066831,26.0,-6.975,23.175,-32.55,47.4737,16.9943,12.985,5.0,28.51096,48.84394,2.3533297,354.2484,NaN,1.008,48.412903,83.7,6 / 25,34389,2022-01-10 17:05:06:918
-2.594717,-1.024726,8.50469,-2.107292,-2.866259,9.138614,0.0154,0.574492,3.37967,0.273365,-0.471232,1.066831,26.0,-6.975,23.175,-32.55,47.4737,16.9943,12.985,5.0,28.51096,48.84394,2.3533297,354.2484,NaN,1.008,48.412903,83.7,6 / 25,34394,2022-01-10 17:05:06:923
-2.594717,-1.024726,8.50469,-2.107292,-2.866259,9.138614,0.0154,0.574492,3.37967,0.273365,-0.471232,1.066831,26.0,-6.975,23.175,-32.55,47.4737,16.9943,12.985,5.0,28.51096,48.84394,2.3533297,354.2484,NaN,1.008,48.412903,83.7,6 / 25,34398,2022-01-10 17:05:06:927
-2.594717,-1.024726,8.50469,-2.107292,-2.866259,9.138614,0.0154,0.574492,3.37967,0.273365,-0.471232,1.066831,26.0,-6.975,23.175,-32.55,47.4737,16.9943,12.985,5.0,28.51096,48.84394,2.3533297,354.2484,NaN,1.008,48.412903,83.7,6 / 25,34403,2022-01-10 17:05:06:932
-2.594717,-1.024726,8.50469,-1.956484,-2.387813,9.308109,-1.367572,0.448473,2.431059,0.273365,-0.471232,1.066831,26.0,-6.975,23.175,-32.55,47.4737,16.9943,12.985,5.0,28.51096,48.84394,2.3533297,354.2484,NaN,1.008,48.412903,83.7,6 / 25,34408,2022-01-10 17:05:06:937
-2.594717,-1.024726,8.50469,-1.956484,-2.387813,9.308109,-1.367572,0.448473,2.431059,0.273365,-0.471232,1.066831,26.0,-6.975,23.175,-32.55,47.4737,16.9943,12.985,5.0,28.51096,48.84394,2.3533297,354.2484,NaN,1.008,48.412903,83.7,6 / 25,34413,2022-01-10 17:05:06:942
-2.594717,-1.024726,8.50469,-1.956484,-2.387813,9.308109,-1.367572,0.448473,2.431059,0.273365,-0.471232,1.066831,26.0,-6.975,23.175,-32.55,47.4737,16.9943,12.985,5.0,22.46654,48.84394,2.3533297,354.2484,NaN,1.008,48.412903,83.7,6 / 25,34418,2022-01-10 17:05:06:947
-2.594717,-1.024726,8.50469,-1.956484,-2.387813,9.308109,-1.367572,0.448473,2.431059,0.273365,-0.471232,1.066831,26.0,-6.975,23.175,-32.55,47.4737,16.9943,12.985,5.0,22.46654,48.84394,2.3533297,354.2484,NaN,1.008,48.412903,83.7,6 / 25,34424,2022-01-10 17:05:06:953
-2.594717,-1.024726,8.50469,-1.956484,-2.387813,9.308109,-1.367572,0.448473,2.431059,0.273365,-0.471232,1.066831,26.0,-6.975,23.175,-32.55,47.4737,16.9943,12.985,5.0,22.46654,48.84394,2.3533297,354.2484,NaN,1.008,48.412903,83.7,6 / 25,34428,2022-01-10 17:05:06:957
-2.594717,-1.024726,8.50469,-1.956484,-2.387813,9.308109,-1.367572,0.448473,2.431059,0.273365,-0.471232,1.066831,26.0,-6.975,23.175,-32.55,47.4737,16.9943,12.985,5.0,22.46654,48.84394,2.3533297,354.2484,NaN,1.008,48.412903,83.7,6 / 25,34433,2022-01-10 17:05:06:962
-2.594717,-1.024726,8.50469,-1.956484,-2.387813,9.308109,-1.367572,0.448473,2.431059,0.273365,-0.471232,1.066831,26.0,-6.975,23.175,-32.55,47.4737,16.9943,12.985,5.0,22.46654,48.84394,2.3533297,354.2484,NaN,1.008,48.412903,83.7,6 / 25,34439,2022-01-10 17:05:06:968
-2.594717,-1.024726,8.50469,-1.956484,-2.387813,9.308109,-1.367572,0.448473,2.431059,0.273365,-0.471232,1.066831,19.0,-6.975,23.175,-32.55,47.4737,16.9943,12.985,5.0,22.46654,48.84394,2.3533297,354.2484,NaN,1.008,48.412903,83.7,6 / 25,34443,2022-01-10 17:05:06:972
-2.594717,-1.024726,8.50469,-1.956484,-2.387813,9.308109,-1.367572,0.448473,2.431059,0.273365,-0.471232,1.066831,19.0,-6.975,23.175,-32.55,47.4737,16.9943,12.985,5.0,22.46654,48.84394,2.3533297,354.2484,NaN,1.008,48.412903,83.7,6 / 25,34448,2022-01-10 17:05:06:977
-2.594717,-1.024726,8.50469,-1.956484,-2.387813,9.308109,-1.367572,0.448473,2.431059,0.273365,-0.471232,1.066831,19.0,-6.975,23.175,-32.55,47.4737,16.9943,12.985,5.0,22.46654,48.84394,2.3533297,354.2484,NaN,1.008,48.412903,83.7,6 / 25,34453,2022-01-10 17:05:06:982
-0.883251,-0.815055,8.344371,-1.956484,-2.387813,9.308109,-1.367572,0.448473,2.431059,0.273365,-0.471232,1.066831,19.0,-4.125,25.425,-31.575,31.9624,14.0926,11.8703,5.0,22.46654,48.84394,2.3533297,354.2484,NaN,1.008,48.412903,83.7,6 / 25,34458,2022-01-10 17:05:06:987
-0.883251,-0.815055,8.344371,-1.956484,-2.387813,9.308109,-1.367572,0.448473,2.431059,0.273365,-0.471232,1.066831,19.0,-4.125,25.425,-31.575,31.9624,14.0926,11.8703,5.0,22.46654,48.84394,2.3533297,354.2484,NaN,1.008,48.412903,83.7,6 / 25,34463,2022-01-10 17:05:06:992
-0.883251,-0.815055,8.344371,-1.956484,-2.387813,9.308109,-1.367572,0.448473,2.431059,0.273365,-0.471232,1.066831,19.0,-4.125,25.425,-31.575,31.9624,14.0926,11.8703,5.0,22.46654,48.84394,2.3533297,354.2484,NaN,1.008,48.412903,83.7,6 / 25,34467,2022-01-10 17:05:06:996
-0.883251,-0.815055,8.344371,-1.956484,-2.387813,9.308109,-1.367572,0.448473,2.431059,0.273365,-0.471232,1.066831,19.0,-4.125,25.425,-31.575,31.9624,14.0926,11.8703,5.0,22.46654,48.84394,2.3533297,354.2484,NaN,1.008,48.412903,83.7,6 / 25,34472,2022-01-10 17:05:07:001
-0.883251,-0.815055,8.344371,-1.956484,-2.387813,9.308109,-1.367572,0.448473,2.431059,0.273365,-0.471232,1.066831,19.0,-4.125,25.425,-31.575,31.9624,14.0926,11.8703,5.0,22.46654,48.84394,2.3533297,354.2484,NaN,1.008,48.412903,83.7,6 / 25,34478,2022-01-10 17:05:07:007
-0.883251,-0.815055,8.344371,-1.956484,-2.387813,9.308109,-1.367572,0.448473,2.431059,0.273365,-0.471232,1.066831,19.0,-4.125,25.425,-31.575,31.9624,14.0926,11.8703,5.0,22.46654,48.84394,2.3533297,354.2484,NaN,1.008,48.412903,83.7,6 / 25,34483,2022-01-10 17:05:07:012
-0.883251,-0.815055,8.344371,-1.956484,-2.387813,9.308109,-1.367572,0.448473,2.431059,0.273365,-0.471232,1.066831,19.0,-4.125,25.425,-31.575,31.9624,14.0926,11.8703,5.0,22.46654,48.84394,2.3533297,354.2484,NaN,1.008,48.412903,83.7,6 / 25,34489,2022-01-10 17:05:07:018
-0.883251,-0.815055,8.344371,-1.956484,-2.387813,9.308109,-1.367572,0.448473,2.431059,0.273365,-0.471232,1.066831,19.0,-4.125,25.425,-31.575,31.9624,14.0926,11.8703,5.0,22.46654,48.84394,2.3533297,354.2484,NaN,1.008,48.412903,83.7,6 / 25,34493,2022-01-10 17:05:07:022
-0.883251,-0.815055,8.344371,-1.956484,-2.387813,9.308109,-1.367572,0.448473,2.431059,-0.283885,-0.90891,1.300783,19.0,-4.125,25.425,-31.575,31.9624,14.0926,11.8703,5.0,22.46654,48.84394,2.3533297,354.2484,NaN,1.008,48.412903,83.7,6 / 25,34498,2022-01-10 17:05:07:027
-0.883251,-0.815055,8.344371,-1.956484,-2.387813,9.308109,-1.367572,0.448473,2.431059,-0.283885,-0.90891,1.300783,19.0,-4.125,25.425,-31.575,31.9624,14.0926,11.8703,5.0,22.46654,48.84394,2.3533297,354.2484,NaN,1.008,48.412903,83.7,6 / 25,34503,2022-01-10 17:05:07:032
-0.883251,-0.815055,8.344371,-1.956484,-2.387813,9.308109,-1.367572,0.448473,2.431059,-0.283885,-0.90891,1.300783,19.0,-4.125,25.425,-31.575,31.9624,14.0926,11.8703,5.0,22.46654,48.84394,2.3533297,354.2484,NaN,1.008,48.412903,83.7,6 / 25,34508,2022-01-10 17:05:07:037
-0.883251,-0.815055,8.344371,-1.956484,-2.387813,9.308109,-1.367572,0.448473,2.431059,-0.283885,-0.90891,1.300783,19.0,-4.125,25.425,-31.575,31.9624,14.0926,11.8703,5.0,22.46654,48.84394,2.3533297,354.2484,NaN,1.008,48.412903,83.7,6 / 25,34513,2022-01-10 17:05:07:042
-0.883251,-0.815055,8.344371,-1.956484,-2.387813,9.308109,-1.367572,0.448473,2.431059,-0.283885,-0.90891,1.300783,19.0,-4.125,25.425,-31.575,31.9624,14.0926,11.8703,5.0,22.46654,48.84394,2.3533297,354.2484,NaN,1.008,48.412903,83.7,6 / 25,34518,2022-01-10 17:05:07:047
-0.883251,-0.815055,8.344371,-1.956484,-2.387813,9.308109,-1.367572,0.448473,2.431059,-0.283885,-0.90891,1.300783,19.0,-4.125,25.425,-31.575,31.9624,14.0926,11.8703,5.0,22.46654,48.84394,2.3533297,354.2484,NaN,1.008,48.412903,83.7,6 / 25,34523,2022-01-10 17:05:07:052
-0.883251,-0.815055,8.344371,-1.956484,-2.387813,9.308109,-1.367572,0.448473,2.431059,-0.283885,-0.90891,1.300783,19.0,-4.125,25.425,-31.575,31.9624,14.0926,11.8703,5.0,22.46654,48.84394,2.3533297,354.2484,NaN,1.008,48.412903,83.7,6 / 25,34528,2022-01-10 17:05:07:057
-0.883251,-0.815055,8.344371,-1.234634,-2.283822,9.456755,-0.03542,0.782882,1.890847,-0.283885,-0.90891,1.300783,19.0,-4.125,25.425,-31.575,31.9624,14.0926,11.8703,5.0,22.46654,48.84394,2.3533297,354.2484,NaN,1.008,48.412903,83.7,6 / 25,34533,2022-01-10 17:05:07:062
-0.883251,-0.815055,8.344371,-1.234634,-2.283822,9.456755,-0.03542,0.782882,1.890847,-0.283885,-0.90891,1.300783,19.0,-4.125,25.425,-31.575,31.9624,14.0926,11.8703,5.0,22.46654,48.84394,2.3533297,354.2484,NaN,1.008,48.412903,83.7,6 / 25,34539,2022-01-10 17:05:07:068
-0.883251,-0.815055,8.344371,-1.234634,-2.283822,9.456755,-0.03542,0.782882,1.890847,-0.283885,-0.90891,1.300783,19.0,-4.125,25.425,-31.575,31.9624,14.0926,11.8703,5.0,22.46654,48.84394,2.3533297,354.2484,NaN,1.008,48.412903,83.7,6 / 25,34543,2022-01-10 17:05:07:072
-0.883251,-0.815055,8.344371,-1.234634,-2.283822,9.456755,-0.03542,0.782882,1.890847,-0.283885,-0.90891,1.300783,19.0,-4.125,25.425,-31.575,31.9624,14.0926,11.8703,5.0,22.46654,48.84394,2.3533297,354.2484,NaN,1.008,48.412903,83.7,6 / 25,34548,2022-01-10 17:05:07:077
-0.883251,-0.815055,8.344371,-1.234634,-2.283822,9.456755,-0.03542,0.782882,1.890847,-0.283885,-0.90891,1.300783,19.0,-4.125,25.425,-31.575,31.9624,14.0926,11.8703,5.0,22.46654,48.84394,2.3533297,354.2484,NaN,1.008,48.412903,83.7,6 / 25,34553,2022-01-10 17:05:07:082
-0.463908,-1.029512,9.122935,-1.234634,-2.283822,9.456755,-0.03542,0.782882,1.890847,-0.283885,-0.90891,1.300783,19.0,-4.125,25.425,-31.575,31.9624,14.0926,11.8703,5.0,22.46654,48.84394,2.3533297,354.2484,NaN,1.008,48.412903,83.7,6 / 25,34558,2022-01-10 17:05:07:087
-0.463908,-1.029512,9.122935,-1.234634,-2.283822,9.456755,-0.03542,0.782882,1.890847,-0.283885,-0.90891,1.300783,19.0,-4.125,25.425,-31.575,31.9624,14.0926,11.8703,5.0,22.46654,48.84394,2.3533297,354.2484,NaN,1.008,48.412903,83.7,6 / 25,34563,2022-01-10 17:05:07:092
-0.463908,-1.029512,9.122935,-1.234634,-2.283822,9.456755,-0.03542,0.782882,1.890847,-0.283885,-0.90891,1.300783,19.0,-4.125,25.425,-31.575,31.9624,14.0926,11.8703,5.0,22.46654,48.84394,2.3533297,354.2484,NaN,1.008,48.412903,83.7,6 / 25,34568,2022-01-10 17:05:07:097
-0.463908,-1.029512,9.122935,-1.234634,-2.283822,9.456755,-0.03542,0.782882,1.890847,-0.283885,-0.90891,1.300783,19.0,-4.125,25.425,-31.575,31.9624,14.0926,11.8703,5.0,22.46654,48.84394,2.3533297,354.2484,NaN,1.008,48.412903,83.7,6 / 25,34573,2022-01-10 17:05:07:102
-0.463908,-1.029512,9.122935,-1.234634,-2.283822,9.456755,-0.03542,0.782882,1.890847,-0.283885,-0.90891,1.300783,19.0,-4.125,25.425,-31.575,31.9624,14.0926,11.8703,5.0,22.46654,48.84394,2.3533297,354.2484,NaN,1.008,48.412903,83.7,6 / 25,34578,2022-01-10 17:05:07:107
-0.463908,-1.029512,9.122935,-1.234634,-2.283822,9.456755,-0.03542,0.782882,1.890847,-0.283885,-0.90891,1.300783,19.0,-4.125,25.425,-31.575,31.9624,14.0926,11.8703,5.0,22.46654,48.84394,2.3533297,354.2484,NaN,1.008,48.412903,83.7,6 / 25,34584,2022-01-10 17:05:07:113
-0.463908,-1.029512,9.122935,-1.234634,-2.283822,9.456755,-0.03542,0.782882,1.890847,-0.283885,-0.90891,1.300783,19.0,-4.125,25.425,-31.575,31.9624,14.0926,11.8703,5.0,22.46654,48.84394,2.3533297,354.2484,NaN,1.008,48.412903,83.7,6 / 25,34587,2022-01-10 17:05:07:116
-0.463908,-1.029512,9.122935,-1.234634,-2.283822,9.456755,-0.03542,0.782882,1.890847,-0.283885,-0.90891,1.300783,19.0,-4.125,25.425,-31.575,31.9624,14.0926,11.8703,5.0,22.46654,48.84394,2.3533297,354.2484,NaN,1.008,48.412903,83.7,6 / 25,34593,2022-01-10 17:05:07:122
-0.463908,-1.029512,9.122935,-1.234634,-2.283822,9.456755,-0.03542,0.782882,1.890847,-0.283885,-0.90891,1.300783,19.0,-0.825,26.025,-31.65,15.9826,13.467,7.4382,5.0,22.46654,48.84394,2.3533297,354.2484,NaN,1.008,48.412903,83.7,6 / 25,34597,2022-01-10 17:05:07:126
-0.463908,-1.029512,9.122935,-1.234634,-2.283822,9.456755,-0.03542,0.782882,1.890847,-0.283885,-0.90891,1.300783,19.0,-0.825,26.025,-31.65,15.9826,13.467,7.4382,5.0,22.46654,48.84394,2.3533297,354.2484,NaN,1.008,48.412903,83.7,6 / 25,34604,2022-01-10 17:05:07:133
-0.463908,-1.029512,9.122935,-1.234634,-2.283822,9.456755,-0.03542,0.782882,1.890847,-0.283885,-0.90891,1.300783,19.0,-0.825,26.025,-31.65,15.9826,13.467,7.4382,5.0,22.46654,48.84394,2.3533297,354.2484,NaN,1.008,48.412903,83.7,6 / 25,34607,2022-01-10 17:05:07:136
-0.463908,-1.029512,9.122935,-1.234634,-2.283822,9.456755,-0.03542,0.782882,1.890847,-0.283885,-0.90891,1.300783,19.0,-0.825,26.025,-31.65,15.9826,13.467,7.4382,5.0,22.46654,48.84394,2.3533297,354.2484,NaN,1.008,48.412903,83.7,6 / 25,34613,2022-01-10 17:05:07:142
-0.463908,-1.029512,9.122935,-1.234634,-2.283822,9.456755,-0.03542,0.782882,1.890847,-0.283885,-0.90891,1.300783,19.0,-0.825,26.025,-31.65,15.9826,13.467,7.4382,5.0,22.46654,48.84394,2.3533297,354.2484,NaN,1.008,48.412903,83.7,6 / 25,34617,2022-01-10 17:05:07:146
-0.463908,-1.029512,9.122935,-1.234634,-2.283822,9.456755,-0.03542,0.782882,1.890847,-0.283885,-0.90891,1.300783,19.0,-0.825,26.025,-31.65,15.9826,13.467,7.4382,5.0,22.46654,48.84394,2.3533297,354.2484,NaN,1.008,48.412903,83.7,6 / 25,34622,2022-01-10 17:05:07:151
-0.463908,-1.029512,9.122935,-1.234634,-2.283822,9.456755,-0.03542,0.782882,1.890847,-0.283885,-0.90891,1.300783,19.0,-0.825,26.025,-31.65,15.9826,13.467,7.4382,5.0,22.46654,48.84394,2.3533297,354.2484,NaN,1.008,48.412903,83.7,6 / 25,34628,2022-01-10 17:05:07:157
-0.463908,-1.029512,9.122935,-1.234634,-2.283822,9.456755,-0.03542,0.782882,1.890847,0.372965,-0.402924,-0.528222,19.0,-0.825,26.025,-31.65,15.9826,13.467,7.4382,5.0,22.46654,48.84394,2.3533297,354.2484,NaN,1.008,48.412903,83.7,6 / 25,34632,2022-01-10 17:05:07:161
-0.463908,-1.029512,9.122935,-1.234634,-2.283822,9.456755,-0.03542,0.782882,1.890847,0.372965,-0.402924,-0.528222,19.0,-0.825,26.025,-31.65,15.9826,13.467,7.4382,5.0,22.46654,48.84394,2.3533297,354.2484,NaN,1.008,48.412903,83.7,6 / 25,34637,2022-01-10 17:05:07:166
-0.463908,-1.029512,9.122935,-1.234634,-2.283822,9.456755,-0.03542,0.782882,1.890847,0.372965,-0.402924,-0.528222,19.0,-0.825,26.025,-31.65,15.9826,13.467,7.4382,5.0,22.46654,48.84394,2.3533297,354.2484,NaN,1.008,48.412903,83.7,6 / 25,34642,2022-01-10 17:05:07:171
-0.463908,-1.029512,9.122935,-1.234634,-2.283822,9.456755,-0.03542,0.782882,1.890847,0.372965,-0.402924,-0.528222,19.0,-0.825,26.025,-31.65,15.9826,13.467,7.4382,5.0,22.46654,48.84394,2.3533297,354.2484,NaN,1.008,48.412903,83.7,6 / 25,34647,2022-01-10 17:05:07:176
0.022433,0.137288,8.473583,-0.947964,-1.981289,9.557523,-0.064358,0.435716,2.374093,0.372965,-0.402924,-0.528222,19.0,-0.825,26.025,-31.65,15.9826,13.467,7.4382,5.0,22.46654,48.84394,2.3533297,354.2484,NaN,1.008,48.412903,83.7,6 / 25,34653,2022-01-10 17:05:07:182
0.022433,0.137288,8.473583,-0.947964,-1.981289,9.557523,-0.064358,0.435716,2.374093,0.372965,-0.402924,-0.528222,19.0,-0.825,26.025,-31.65,15.9826,13.467,7.4382,5.0,22.46654,48.84394,2.3533297,354.2484,NaN,1.008,48.412903,83.7,6 / 25,34658,2022-01-10 17:05:07:187
0.022433,0.137288,8.473583,-0.947964,-1.981289,9.557523,-0.064358,0.435716,2.374093,0.372965,-0.402924,-0.528222,19.0,-0.825,26.025,-31.65,15.9826,13.467,7.4382,5.0,22.46654,48.84394,2.3533297,354.2484,NaN,1.008,48.412903,83.7,6 / 25,34662,2022-01-10 17:05:07:191
0.022433,0.137288,8.473583,-0.947964,-1.981289,9.557523,-0.064358,0.435716,2.374093,0.372965,-0.402924,-0.528222,19.0,-0.825,26.025,-31.65,15.9826,13.467,7.4382,5.0,22.46654,48.84394,2.3533297,354.2484,NaN,1.008,48.412903,83.7,6 / 25,34668,2022-01-10 17:05:07:197
0.022433,0.137288,8.473583,-0.947964,-1.981289,9.557523,-0.064358,0.435716,2.374093,0.372965,-0.402924,-0.528222,27.0,-0.825,26.025,-31.65,15.9826,13.467,7.4382,5.0,22.46654,48.84394,2.3533297,354.2484,NaN,1.008,48.412903,83.7,6 / 25,34672,2022-01-10 17:05:07:201
0.022433,0.137288,8.473583,-0.947964,-1.981289,9.557523,-0.064358,0.435716,2.374093,0.372965,-0.402924,-0.528222,27.0,-0.825,26.025,-31.65,15.9826,13.467,7.4382,5.0,22.46654,48.84394,2.3533297,354.2484,NaN,1.008,48.412903,83.7,6 / 25,34678,2022-01-10 17:05:07:207
0.022433,0.137288,8.473583,-0.947964,-1.981289,9.557523,-0.064358,0.435716,2.374093,0.372965,-0.402924,-0.528222,27.0,-0.825,26.025,-31.65,15.9826,13.467,7.4382,5.0,22.46654,48.84394,2.3533297,354.2484,NaN,1.008,48.412903,83.7,6 / 25,34683,2022-01-10 17:05:07:212
0.022433,0.137288,8.473583,-0.947964,-1.981289,9.557523,-0.064358,0.435716,2.374093,0.372965,-0.402924,-0.528222,27.0,-0.825,26.025,-31.65,15.9826,13.467,7.4382,5.0,22.46654,48.84394,2.3533297,354.2484,NaN,1.008,48.412903,83.7,6 / 25,34688,2022-01-10 17:05:07:217
0.022433,0.137288,8.473583,-0.947964,-1.981289,9.557523,-0.064358,0.435716,2.374093,0.372965,-0.402924,-0.528222,27.0,-0.825,26.025,-31.65,15.9826,13.467,7.4382,5.0,22.46654,48.84394,2.3533297,354.2484,NaN,1.008,48.412903,83.7,6 / 25,34693,2022-01-10 17:05:07:222
0.022433,0.137288,8.473583,-0.947964,-1.981289,9.557523,-0.064358,0.435716,2.374093,0.372965,-0.402924,-0.528222,27.0,-0.825,26.025,-31.65,15.9826,13.467,7.4382,5.0,22.46654,48.84394,2.3533297,354.2484,NaN,1.008,48.412903,83.7,6 / 25,34698,2022-01-10 17:05:07:227
0.022433,0.137288,8.473583,-0.947964,-1.981289,9.557523,-0.064358,0.435716,2.374093,0.372965,-0.402924,-0.528222,27.0,-0.825,26.025,-31.65,15.9826,13.467,7.4382,5.0,22.46654,48.84394,2.3533297,354.2484,NaN,1.008,48.412903,83.7,6 / 25,34702,2022-01-10 17:05:07:231
0.022433,0.137288,8.473583,-0.947964,-1.981289,9.557523,-0.064358,0.435716,2.374093,0.372965,-0.402924,-0.528222,27.0,-0.825,26.025,-31.65,15.9826,13.467,7.4382,5.0,22.46654,48.84394,2.3533297,354.2484,NaN,1.008,48.412903,83.7,6 / 25,34707,2022-01-10 17:05:07:236
0.022433,0.137288,8.473583,-0.947964,-1.981289,9.557523,-0.064358,0.435716,2.374093,0.372965,-0.402924,-0.528222,27.0,-0.825,26.025,-31.65,15.9826,13.467,7.4382,5.0,22.46654,48.84394,2.3533297,354.2484,NaN,1.008,48.412903,83.7,6 / 25,34712,2022-01-10 17:05:07:241
0.022433,0.137288,8.473583,-0.947964,-1.981289,9.557523,-0.064358,0.435716,2.374093,0.372965,-0.402924,-0.528222,27.0,-0.825,26.025,-31.65,15.9826,13.467,7.4382,5.0,22.46654,48.84394,2.3533297,354.2484,NaN,1.008,48.412903,83.7,6 / 25,34717,2022-01-10 17:05:07:246
0.022433,0.137288,8.473583,-0.947964,-1.981289,9.557523,-0.064358,0.435716,2.374093,0.372965,-0.402924,-0.528222,27.0,-0.825,26.025,-31.65,15.9826,13.467,7.4382,5.0,22.46654,48.84394,2.3533297,354.2484,NaN,1.008,48.412903,83.7,6 / 25,34723,2022-01-10 17:05:07:252
0.022433,0.137288,8.473583,-0.947964,-1.981289,9.557523,-0.064358,0.435716,2.374093,0.372965,-0.402924,-0.528222,27.0,-0.825,26.025,-31.65,15.9826,13.467,7.4382,5.0,22.46654,48.84394,2.3533297,354.2484,NaN,1.008,48.412903,83.7,6 / 25,34728,2022-01-10 17:05:07:257
1.432104,-0.828216,9.897612,-0.947964,-1.981289,9.557523,-0.064358,0.435716,2.374093,0.372965,-0.402924,-0.528222,27.0,-0.825,26.025,-31.65,15.9826,13.467,7.4382,5.0,22.46654,48.84394,2.3533297,354.2484,NaN,1.008,48.412903,83.7,6 / 25,34733,2022-01-10 17:05:07:262
1.432104,-0.828216,9.897612,-0.947964,-1.981289,9.557523,-0.064358,0.435716,2.374093,0.372965,-0.402924,-0.528222,27.0,0.525,25.725,-31.95,6.4921,11.656,5.6644,5.0,21.17682,48.84394,2.3533297,354.2484,NaN,1.008,48.412903,83.7,6 / 25,34738,2022-01-10 17:05:07:267
1.432104,-0.828216,9.897612,-0.947964,-1.981289,9.557523,-0.064358,0.435716,2.374093,0.372965,-0.402924,-0.528222,27.0,0.525,25.725,-31.95,6.4921,11.656,5.6644,5.0,21.17682,48.84394,2.3533297,354.2484,NaN,1.008,48.412903,83.7,6 / 25,34743,2022-01-10 17:05:07:272
1.432104,-0.828216,9.897612,-0.947964,-1.981289,9.557523,-0.064358,0.435716,2.374093,0.372965,-0.402924,-0.528222,27.0,0.525,25.725,-31.95,6.4921,11.656,5.6644,5.0,21.17682,48.84394,2.3533297,354.2484,NaN,1.008,48.412903,83.7,6 / 25,34748,2022-01-10 17:05:07:277
1.432104,-0.828216,9.897612,-0.947964,-1.981289,9.557523,-0.064358,0.435716,2.374093,0.372965,-0.402924,-0.528222,27.0,0.525,25.725,-31.95,6.4921,11.656,5.6644,5.0,21.17682,48.84394,2.3533297,354.2484,NaN,1.008,48.412903,83.7,6 / 25,34753,2022-01-10 17:05:07:282
1.432104,-0.828216,9.897612,-0.947964,-1.981289,9.557523,-0.064358,0.435716,2.374093,0.372965,-0.402924,-0.528222,27.0,0.525,25.725,-31.95,6.4921,11.656,5.6644,5.0,21.17682,48.84394,2.3533297,354.2484,NaN,1.008,48.412903,83.7,6 / 25,34758,2022-01-10 17:05:07:287
1.432104,-0.828216,9.897612,-0.947964,-1.981289,9.557523,-0.064358,0.435716,2.374093,0.372965,-0.402924,-0.528222,27.0,0.525,25.725,-31.95,6.4921,11.656,5.6644,5.0,21.17682,48.84394,2.3533297,354.2484,NaN,1.008,48.412903,83.7,6 / 25,34766,2022-01-10 17:05:07:295
1.432104,-0.828216,9.897612,-0.947964,-1.981289,9.557523,-0.064358,0.435716,2.374093,0.009454,-1.498783,-3.272396,27.0,0.525,25.725,-31.95,6.4921,11.656,5.6644,5.0,21.17682,48.84394,2.3533297,354.2484,NaN,1.008,48.412903,83.7,6 / 25,34767,2022-01-10 17:05:07:296
1.432104,-0.828216,9.897612,-0.947964,-1.981289,9.557523,-0.064358,0.435716,2.374093,0.009454,-1.498783,-3.272396,27.0,0.525,25.725,-31.95,6.4921,11.656,5.6644,5.0,21.17682,48.84394,2.3533297,354.2484,NaN,1.008,48.412903,83.7,6 / 25,34773,2022-01-10 17:05:07:302
1.432104,-0.828216,9.897612,-0.947964,-1.981289,9.557523,-0.064358,0.435716,2.374093,0.009454,-1.498783,-3.272396,27.0,0.525,25.725,-31.95,6.4921,11.656,5.6644,5.0,21.17682,48.84394,2.3533297,354.2484,NaN,1.008,48.412903,83.7,6 / 25,34778,2022-01-10 17:05:07:307
1.432104,-0.828216,9.897612,-0.947964,-1.981289,9.557523,-0.064358,0.435716,2.374093,0.009454,-1.498783,-3.272396,27.0,0.525,25.725,-31.95,6.4921,11.656,5.6644,5.0,21.17682,48.84394,2.3533297,354.2484,NaN,1.008,48.412903,83.7,6 / 25,34783,2022-01-10 17:05:07:312
1.432104,-0.828216,9.897612,1.08191,-1.908541,9.558103,-0.078398,0.531979,2.92581,0.009454,-1.498783,-3.272396,27.0,0.525,25.725,-31.95,6.4921,11.656,5.6644,5.0,21.17682,48.84394,2.3533297,354.2484,NaN,1.008,48.412903,83.7,6 / 25,34787,2022-01-10 17:05:07:316
1.432104,-0.828216,9.897612,1.08191,-1.908541,9.558103,-0.078398,0.531979,2.92581,0.009454,-1.498783,-3.272396,27.0,0.525,25.725,-31.95,6.4921,11.656,5.6644,5.0,21.17682,48.84394,2.3533297,354.2484,NaN,1.008,48.412903,83.7,6 / 25,34795,2022-01-10 17:05:07:324
1.432104,-0.828216,9.897612,1.08191,-1.908541,9.558103,-0.078398,0.531979,2.92581,0.009454,-1.498783,-3.272396,27.0,0.525,25.725,-31.95,6.4921,11.656,5.6644,5.0,21.17682,48.84394,2.3533297,354.2484,NaN,1.008,48.412903,83.7,6 / 25,34798,2022-01-10 17:05:07:327
1.432104,-0.828216,9.897612,1.08191,-1.908541,9.558103,-0.078398,0.531979,2.92581,0.009454,-1.498783,-3.272396,27.0,0.525,25.725,-31.95,6.4921,11.656,5.6644,5.0,21.17682,48.84394,2.3533297,354.2484,NaN,1.008,48.412903,83.7,6 / 25,34802,2022-01-10 17:05:07:331
1.432104,-0.828216,9.897612,1.08191,-1.908541,9.558103,-0.078398,0.531979,2.92581,0.009454,-1.498783,-3.272396,27.0,0.525,25.725,-31.95,6.4921,11.656,5.6644,5.0,21.17682,48.84394,2.3533297,354.2484,NaN,1.008,48.412903,83.7,6 / 25,34807,2022-01-10 17:05:07:336
1.432104,-0.828216,9.897612,1.08191,-1.908541,9.558103,-0.078398,0.531979,2.92581,0.009454,-1.498783,-3.272396,27.0,0.525,25.725,-31.95,6.4921,11.656,5.6644,5.0,21.17682,48.84394,2.3533297,354.2484,NaN,1.008,48.412903,83.7,6 / 25,34813,2022-01-10 17:05:07:342
1.432104,-0.828216,9.897612,1.08191,-1.908541,9.558103,-0.078398,0.531979,2.92581,0.009454,-1.498783,-3.272396,27.0,0.525,25.725,-31.95,6.4921,11.656,5.6644,5.0,21.17682,48.84394,2.3533297,354.2484,NaN,1.008,48.412903,83.7,6 / 25,34818,2022-01-10 17:05:07:347
1.432104,-0.828216,9.897612,1.08191,-1.908541,9.558103,-0.078398,0.531979,2.92581,0.009454,-1.498783,-3.272396,27.0,0.525,25.725,-31.95,6.4921,11.656,5.6644,5.0,21.17682,48.84394,2.3533297,354.2484,NaN,1.008,48.412903,83.7,6 / 25,34823,2022-01-10 17:05:07:352
1.432104,-0.828216,9.897612,1.08191,-1.908541,9.558103,-0.078398,0.531979,2.92581,0.009454,-1.498783,-3.272396,27.0,0.525,25.725,-31.95,6.4921,11.656,5.6644,5.0,21.17682,48.84394,2.3533297,354.2484,NaN,1.008,48.412903,83.7,6 / 25,34827,2022-01-10 17:05:07:356
0.954138,-0.849751,8.743074,1.08191,-1.908541,9.558103,-0.078398,0.531979,2.92581,0.009454,-1.498783,-3.272396,27.0,0.525,25.725,-31.95,6.4921,11.656,5.6644,5.0,21.17682,48.84394,2.3533297,354.2484,NaN,1.008,48.412903,83.7,6 / 25,34833,2022-01-10 17:05:07:362
0.954138,-0.849751,8.743074,1.08191,-1.908541,9.558103,-0.078398,0.531979,2.92581,0.009454,-1.498783,-3.272396,27.0,0.525,25.725,-31.95,6.4921,11.656,5.6644,5.0,21.17682,48.84394,2.3533297,354.2484,NaN,1.008,48.412903,83.7,6 / 25,34838,2022-01-10 17:05:07:367
0.954138,-0.849751,8.743074,1.08191,-1.908541,9.558103,-0.078398,0.531979,2.92581,0.009454,-1.498783,-3.272396,27.0,0.525,25.725,-31.95,6.4921,11.656,5.6644,5.0,21.17682,48.84394,2.3533297,354.2484,NaN,1.008,48.412903,83.7,6 / 25,34848,2022-01-10 17:05:07:377
0.954138,-0.849751,8.743074,1.08191,-1.908541,9.558103,-0.078398,0.531979,2.92581,0.009454,-1.498783,-3.272396,27.0,0.525,25.725,-31.95,6.4921,11.656,5.6644,5.0,21.17682,48.84394,2.3533297,354.2484,NaN,1.008,48.412903,83.7,6 / 25,34850,2022-01-10 17:05:07:379
0.954138,-0.849751,8.743074,1.08191,-1.908541,9.558103,-0.078398,0.531979,2.92581,0.009454,-1.498783,-3.272396,27.0,-3.375,24.0,-31.875,357.9519,11.2224,-6.458,5.0,21.17682,48.84395,2.3533325,357.2427,NaN,2.196,48.412903,32.2,6 / 25,34864,2022-01-10 17:05:07:393
0.954138,-0.849751,8.743074,1.08191,-1.908541,9.558103,-0.078398,0.531979,2.92581,0.009454,-1.498783,-3.272396,27.0,-3.375,24.0,-31.875,357.9519,11.2224,-6.458,5.0,21.17682,48.84395,2.3533325,357.2427,NaN,2.196,48.412903,32.2,6 / 25,34864,2022-01-10 17:05:07:393
0.954138,-0.849751,8.743074,1.08191,-1.908541,9.558103,-0.078398,0.531979,2.92581,0.009454,-1.498783,-3.272396,27.0,-3.375,24.0,-31.875,357.9519,11.2224,-6.458,5.0,21.17682,48.84395,2.3533325,357.2427,NaN,2.196,48.412903,32.2,6 / 25,34865,2022-01-10 17:05:07:394
0.954138,-0.849751,8.743074,1.08191,-1.908541,9.558103,-0.078398,0.531979,2.92581,0.009454,-1.498783,-3.272396,27.0,-3.375,24.0,-31.875,357.9519,11.2224,-6.458,5.0,21.17682,48.84395,2.3533325,357.2427,NaN,2.196,48.412903,32.2,6 / 25,34868,2022-01-10 17:05:07:397
0.954138,-0.849751,8.743074,1.08191,-1.908541,9.558103,-0.078398,0.531979,2.92581,0.009454,-1.498783,-3.272396,27.0,-3.375,24.0,-31.875,357.9519,11.2224,-6.458,5.0,21.17682,48.84395,2.3533325,357.2427,NaN,2.196,48.412903,32.2,6 / 25,34872,2022-01-10 17:05:07:401
0.954138,-0.849751,8.743074,1.08191,-1.908541,9.558103,-0.078398,0.531979,2.92581,0.009454,-1.498783,-3.272396,27.0,-3.375,24.0,-31.875,357.9519,11.2224,-6.458,5.0,21.17682,48.84395,2.3533325,357.2427,NaN,2.196,48.412903,32.2,6 / 25,34878,2022-01-10 17:05:07:407
0.954138,-0.849751,8.743074,1.08191,-1.908541,9.558103,-0.078398,0.531979,2.92581,0.009454,-1.498783,-3.272396,27.0,-3.375,24.0,-31.875,357.9519,11.2224,-6.458,5.0,21.17682,48.84395,2.3533325,357.2427,NaN,2.196,48.412903,32.2,6 / 25,34882,2022-01-10 17:05:07:411
0.954138,-0.849751,8.743074,1.08191,-1.908541,9.558103,-0.078398,0.531979,2.92581,0.009454,-1.498783,-3.272396,27.0,-3.375,24.0,-31.875,357.9519,11.2224,-6.458,5.0,21.17682,48.84395,2.3533325,357.2427,NaN,2.196,48.412903,32.2,6 / 25,34888,2022-01-10 17:05:07:417
0.954138,-0.849751,8.743074,2.482963,-1.230156,9.407019,-0.57087,-0.017506,2.745429,-0.479222,1.317693,-4.642818,27.0,-3.375,24.0,-31.875,357.9519,11.2224,-6.458,5.0,21.17682,48.84395,2.3533325,357.2427,NaN,2.196,48.412903,32.2,6 / 25,34893,2022-01-10 17:05:07:422
0.954138,-0.849751,8.743074,2.482963,-1.230156,9.407019,-0.57087,-0.017506,2.745429,-0.479222,1.317693,-4.642818,27.0,-3.375,24.0,-31.875,357.9519,11.2224,-6.458,5.0,21.17682,48.84395,2.3533325,357.2427,NaN,2.196,48.412903,32.2,6 / 25,34898,2022-01-10 17:05:07:427
0.954138,-0.849751,8.743074,2.482963,-1.230156,9.407019,-0.57087,-0.017506,2.745429,-0.479222,1.317693,-4.642818,27.0,-3.375,24.0,-31.875,357.9519,11.2224,-6.458,5.0,21.17682,48.84395,2.3533325,357.2427,NaN,2.196,48.412903,32.2,6 / 25,34904,2022-01-10 17:05:07:433
0.954138,-0.849751,8.743074,2.482963,-1.230156,9.407019,-0.57087,-0.017506,2.745429,-0.479222,1.317693,-4.642818,27.0,-3.375,24.0,-31.875,357.9519,11.2224,-6.458,5.0,21.17682,48.84395,2.3533325,357.2427,NaN,2.196,48.412903,32.2,6 / 25,34908,2022-01-10 17:05:07:437
0.954138,-0.849751,8.743074,2.482963,-1.230156,9.407019,-0.57087,-0.017506,2.745429,-0.479222,1.317693,-4.642818,27.0,-3.375,24.0,-31.875,357.9519,11.2224,-6.458,5.0,21.17682,48.84395,2.3533325,357.2427,NaN,2.196,48.412903,32.2,6 / 25,34913,2022-01-10 17:05:07:442
0.954138,-0.849751,8.743074,2.482963,-1.230156,9.407019,-0.57087,-0.017506,2.745429,-0.479222,1.317693,-4.642818,27.0,-3.375,24.0,-31.875,357.9519,11.2224,-6.458,5.0,21.17682,48.84395,2.3533325,357.2427,NaN,2.196,48.412903,32.2,6 / 25,34918,2022-01-10 17:05:07:447
0.954138,-0.849751,8.743074,2.482963,-1.230156,9.407019,-0.57087,-0.017506,2.745429,-0.479222,1.317693,-4.642818,27.0,-3.375,24.0,-31.875,357.9519,11.2224,-6.458,5.0,21.17682,48.84395,2.3533325,357.2427,NaN,2.196,48.412903,32.2,6 / 25,34924,2022-01-10 17:05:07:453
0.954138,-0.849751,8.743074,2.482963,-1.230156,9.407019,-0.57087,-0.017506,2.745429,-0.479222,1.317693,-4.642818,27.0,-3.375,24.0,-31.875,357.9519,11.2224,-6.458,5.0,21.17682,48.84395,2.3533325,357.2427,NaN,2.196,48.412903,32.2,6 / 25,34928,2022-01-10 17:05:07:457
0.954138,-0.849751,8.743074,2.482963,-1.230156,9.407019,-0.57087,-0.017506,2.745429,-0.479222,1.317693,-4.642818,27.0,-3.375,24.0,-31.875,357.9519,11.2224,-6.458,5.0,21.17682,48.84395,2.3533325,357.2427,NaN,2.196,48.412903,32.2,6 / 25,34933,2022-01-10 17:05:07:462
2.092224,-1.149153,8.454441,2.482963,-1.230156,9.407019,-0.57087,-0.017506,2.745429,-0.479222,1.317693,-4.642818,27.0,-3.375,24.0,-31.875,357.9519,11.2224,-6.458,5.0,21.17682,48.84395,2.3533325,357.2427,NaN,2.196,48.412903,32.2,6 / 25,34938,2022-01-10 17:05:07:467
2.092224,-1.149153,8.454441,2.482963,-1.230156,9.407019,-0.57087,-0.017506,2.745429,-0.479222,1.317693,-4.642818,27.0,-3.375,24.0,-31.875,357.9519,11.2224,-6.458,5.0,21.17682,48.84395,2.3533325,357.2427,NaN,2.196,48.412903,32.2,6 / 25,34944,2022-01-10 17:05:07:473
2.092224,-1.149153,8.454441,2.482963,-1.230156,9.407019,-0.57087,-0.017506,2.745429,-0.479222,1.317693,-4.642818,27.0,-3.375,24.0,-31.875,357.9519,11.2224,-6.458,5.0,21.17682,48.84395,2.3533325,357.2427,NaN,2.196,48.412903,32.2,6 / 25,34948,2022-01-10 17:05:07:477
2.092224,-1.149153,8.454441,2.482963,-1.230156,9.407019,-0.57087,-0.017506,2.745429,-0.479222,1.317693,-4.642818,27.0,-3.375,24.0,-31.875,357.9519,11.2224,-6.458,5.0,21.17682,48.84395,2.3533325,357.2427,NaN,2.196,48.412903,32.2,6 / 25,34953,2022-01-10 17:05:07:482
2.092224,-1.149153,8.454441,2.482963,-1.230156,9.407019,-0.57087,-0.017506,2.745429,-0.479222,1.317693,-4.642818,27.0,-3.375,24.0,-31.875,357.9519,11.2224,-6.458,5.0,21.17682,48.84395,2.3533325,357.2427,NaN,2.196,48.412903,32.2,6 / 25,34959,2022-01-10 17:05:07:488
2.092224,-1.149153,8.454441,2.482963,-1.230156,9.407019,-0.57087,-0.017506,2.745429,-0.479222,1.317693,-4.642818,27.0,-3.375,24.0,-31.875,357.9519,11.2224,-6.458,5.0,21.17682,48.84395,2.3533325,357.2427,NaN,2.196,48.412903,32.2,6 / 25,34963,2022-01-10 17:05:07:492
2.092224,-1.149153,8.454441,2.482963,-1.230156,9.407019,-0.57087,-0.017506,2.745429,-0.479222,1.317693,-4.642818,27.0,-3.375,24.0,-31.875,357.9519,11.2224,-6.458,5.0,21.17682,48.84395,2.3533325,357.2427,NaN,2.196,48.412903,32.2,6 / 25,34968,2022-01-10 17:05:07:497
2.092224,-1.149153,8.454441,2.482963,-1.230156,9.407019,-0.57087,-0.017506,2.745429,-0.479222,1.317693,-4.642818,27.0,-3.375,24.0,-31.875,357.9519,11.2224,-6.458,5.0,21.17682,48.84395,2.3533325,357.2427,NaN,2.196,48.412903,32.2,6 / 25,34973,2022-01-10 17:05:07:502
2.092224,-1.149153,8.454441,2.482963,-1.230156,9.407019,-0.57087,-0.017506,2.745429,-0.479222,1.317693,-4.642818,27.0,-3.375,24.0,-31.875,357.9519,11.2224,-6.458,5.0,21.17682,48.84395,2.3533325,357.2427,NaN,2.196,48.412903,32.2,6 / 25,34982,2022-01-10 17:05:07:511
2.092224,-1.149153,8.454441,2.482963,-1.230156,9.407019,-0.57087,-0.017506,2.745429,-0.479222,1.317693,-4.642818,27.0,-3.375,24.0,-31.875,357.9519,11.2224,-6.458,5.0,21.17682,48.84395,2.3533325,357.2427,NaN,2.196,48.412903,32.2,6 / 25,34983,2022-01-10 17:05:07:512
2.092224,-1.149153,8.454441,2.482963,-1.230156,9.407019,-0.57087,-0.017506,2.745429,-0.479222,1.317693,-4.642818,27.0,-3.375,24.0,-31.875,357.9519,11.2224,-6.458,5.0,21.17682,48.84395,2.3533325,357.2427,NaN,2.196,48.412903,32.2,6 / 25,34988,2022-01-10 17:05:07:517
2.092224,-1.149153,8.454441,2.482963,-1.230156,9.407019,-0.57087,-0.017506,2.745429,-0.479222,1.317693,-4.642818,27.0,-3.375,24.0,-31.875,357.9519,11.2224,-6.458,5.0,21.17682,48.84395,2.3533325,357.2427,NaN,2.196,48.412903,32.2,6 / 25,34993,2022-01-10 17:05:07:522
2.092224,-1.149153,8.454441,2.482963,-1.230156,9.407019,-0.57087,-0.017506,2.745429,-0.479222,1.317693,-4.642818,27.0,-9.15,19.65,-32.1,1.9563,7.2062,-14.7859,5.0,21.17682,48.84395,2.3533325,357.2427,NaN,2.196,48.412903,32.2,6 / 25,34997,2022-01-10 17:05:07:526
2.092224,-1.149153,8.454441,2.482963,-1.230156,9.407019,-0.57087,-0.017506,2.745429,-0.479222,1.317693,-4.642818,27.0,-9.15,19.65,-32.1,1.9563,7.2062,-14.7859,5.0,21.17682,48.84395,2.3533325,357.2427,NaN,2.196,48.412903,32.2,6 / 25,35002,2022-01-10 17:05:07:531
2.092224,-1.149153,8.454441,2.482963,-1.230156,9.407019,-0.57087,-0.017506,2.745429,-0.479222,1.317693,-4.642818,27.0,-9.15,19.65,-32.1,1.9563,7.2062,-14.7859,5.0,21.17682,48.84395,2.3533325,357.2427,NaN,2.196,48.412903,32.2,6 / 25,35009,2022-01-10 17:05:07:538
2.092224,-1.149153,8.454441,2.482963,-1.230156,9.407019,-0.57087,-0.017506,2.745429,-0.479222,1.317693,-4.642818,27.0,-9.15,19.65,-32.1,1.9563,7.2062,-14.7859,5.0,21.17682,48.84395,2.3533325,357.2427,NaN,2.196,48.412903,32.2,6 / 25,35013,2022-01-10 17:05:07:542
2.092224,-1.149153,8.454441,2.482963,-1.230156,9.407019,-0.57087,-0.017506,2.745429,-0.479222,1.317693,-4.642818,27.0,-9.15,19.65,-32.1,1.9563,7.2062,-14.7859,5.0,21.17682,48.84395,2.3533325,357.2427,NaN,2.196,48.412903,32.2,6 / 25,35018,2022-01-10 17:05:07:547
2.092224,-1.149153,8.454441,2.482963,-1.230156,9.407019,-0.57087,-0.017506,2.745429,-0.479222,1.317693,-4.642818,27.0,-9.15,19.65,-32.1,1.9563,7.2062,-14.7859,5.0,21.17682,48.84395,2.3533325,357.2427,NaN,2.196,48.412903,32.2,6 / 25,35023,2022-01-10 17:05:07:552
-2.123929,-1.799403,11.490633,-0.164528,-0.845829,9.768721,2.275948,-0.185298,1.365102,-0.479222,1.317693,-4.642818,27.0,-9.15,19.65,-32.1,1.9563,7.2062,-14.7859,5.0,21.17682,48.84395,2.3533325,357.2427,NaN,2.196,48.412903,32.2,6 / 25,35027,2022-01-10 17:05:07:556
-2.123929,-1.799403,11.490633,-0.164528,-0.845829,9.768721,2.275948,-0.185298,1.365102,-0.479222,1.317693,-4.642818,27.0,-9.15,19.65,-32.1,1.9563,7.2062,-14.7859,5.0,21.17682,48.84395,2.3533325,357.2427,NaN,2.196,48.412903,32.2,6 / 25,35032,2022-01-10 17:05:07:561
-2.123929,-1.799403,11.490633,-0.164528,-0.845829,9.768721,2.275948,-0.185298,1.365102,-0.479222,1.317693,-4.642818,27.0,-9.15,19.65,-32.1,1.9563,7.2062,-14.7859,5.0,21.17682,48.84395,2.3533325,357.2427,NaN,2.196,48.412903,32.2,6 / 25,35037,2022-01-10 17:05:07:566
-2.123929,-1.799403,11.490633,-0.164528,-0.845829,9.768721,2.275948,-0.185298,1.365102,-0.266841,1.720085,-5.117912,27.0,-9.15,19.65,-32.1,1.9563,7.2062,-14.7859,5.0,21.17682,48.84395,2.3533325,357.2427,NaN,2.196,48.412903,32.2,6 / 25,35042,2022-01-10 17:05:07:571
-2.123929,-1.799403,11.490633,-0.164528,-0.845829,9.768721,2.275948,-0.185298,1.365102,-0.266841,1.720085,-5.117912,27.0,-9.15,19.65,-32.1,1.9563,7.2062,-14.7859,5.0,21.17682,48.84395,2.3533325,357.2427,NaN,2.196,48.412903,32.2,6 / 25,35047,2022-01-10 17:05:07:576
-2.123929,-1.799403,11.490633,-0.164528,-0.845829,9.768721,2.275948,-0.185298,1.365102,-0.266841,1.720085,-5.117912,27.0,-9.15,19.65,-32.1,1.9563,7.2062,-14.7859,5.0,21.17682,48.84395,2.3533325,357.2427,NaN,2.196,48.412903,32.2,6 / 25,35053,2022-01-10 17:05:07:582
-2.123929,-1.799403,11.490633,-0.164528,-0.845829,9.768721,2.275948,-0.185298,1.365102,-0.266841,1.720085,-5.117912,27.0,-9.15,19.65,-32.1,1.9563,7.2062,-14.7859,5.0,21.17682,48.84395,2.3533325,357.2427,NaN,2.196,48.412903,32.2,6 / 25,35057,2022-01-10 17:05:07:586
-2.123929,-1.799403,11.490633,-0.164528,-0.845829,9.768721,2.275948,-0.185298,1.365102,-0.266841,1.720085,-5.117912,27.0,-9.15,19.65,-32.1,1.9563,7.2062,-14.7859,5.0,21.17682,48.84395,2.3533325,357.2427,NaN,2.196,48.412903,32.2,6 / 25,35063,2022-01-10 17:05:07:592
-2.123929,-1.799403,11.490633,-0.164528,-0.845829,9.768721,2.275948,-0.185298,1.365102,-0.266841,1.720085,-5.117912,27.0,-9.15,19.65,-32.1,1.9563,7.2062,-14.7859,5.0,29.65721,48.84395,2.3533325,357.2427,NaN,2.196,48.412903,32.2,6 / 25,35068,2022-01-10 17:05:07:597
-2.123929,-1.799403,11.490633,-0.164528,-0.845829,9.768721,2.275948,-0.185298,1.365102,-0.266841,1.720085,-5.117912,27.0,-9.15,19.65,-32.1,1.9563,7.2062,-14.7859,5.0,29.65721,48.84395,2.3533325,357.2427,NaN,2.196,48.412903,32.2,6 / 25,35072,2022-01-10 17:05:07:601
-2.123929,-1.799403,11.490633,-0.164528,-0.845829,9.768721,2.275948,-0.185298,1.365102,-0.266841,1.720085,-5.117912,27.0,-9.15,19.65,-32.1,1.9563,7.2062,-14.7859,5.0,29.65721,48.84395,2.3533325,357.2427,NaN,2.196,48.412903,32.2,6 / 25,35077,2022-01-10 17:05:07:606
-2.123929,-1.799403,11.490633,-0.164528,-0.845829,9.768721,2.275948,-0.185298,1.365102,-0.266841,1.720085,-5.117912,27.0,-9.15,19.65,-32.1,1.9563,7.2062,-14.7859,5.0,29.65721,48.84395,2.3533325,357.2427,NaN,2.196,48.412903,32.2,6 / 25,35083,2022-01-10 17:05:07:612
-2.123929,-1.799403,11.490633,-0.164528,-0.845829,9.768721,2.275948,-0.185298,1.365102,-0.266841,1.720085,-5.117912,27.0,-9.15,19.65,-32.1,1.9563,7.2062,-14.7859,5.0,29.65721,48.84395,2.3533325,357.2427,NaN,2.196,48.412903,32.2,6 / 25,35087,2022-01-10 17:05:07:616
-2.123929,-1.799403,11.490633,-0.164528,-0.845829,9.768721,2.275948,-0.185298,1.365102,-0.266841,1.720085,-5.117912,27.0,-9.15,19.65,-32.1,1.9563,7.2062,-14.7859,5.0,29.65721,48.84395,2.3533325,357.2427,NaN,2.196,48.412903,32.2,6 / 25,35093,2022-01-10 17:05:07:622
-2.123929,-1.799403,11.490633,-0.164528,-0.845829,9.768721,2.275948,-0.185298,1.365102,-0.266841,1.720085,-5.117912,27.0,-9.15,19.65,-32.1,1.9563,7.2062,-14.7859,5.0,29.65721,48.84395,2.3533325,357.2427,NaN,2.196,48.412903,32.2,6 / 25,35098,2022-01-10 17:05:07:627
-2.123929,-1.799403,11.490633,-0.164528,-0.845829,9.768721,2.275948,-0.185298,1.365102,-0.266841,1.720085,-5.117912,27.0,-9.15,19.65,-32.1,1.9563,7.2062,-14.7859,5.0,29.65721,48.84395,2.3533325,357.2427,NaN,2.196,48.412903,32.2,6 / 25,35102,2022-01-10 17:05:07:631
-2.123929,-1.799403,11.490633,-0.164528,-0.845829,9.768721,2.275948,-0.185298,1.365102,-0.266841,1.720085,-5.117912,27.0,-9.15,19.65,-32.1,1.9563,7.2062,-14.7859,5.0,29.65721,48.84395,2.3533325,357.2427,NaN,2.196,48.412903,32.2,6 / 25,35108,2022-01-10 17:05:07:637
-2.123929,-1.799403,11.490633,-0.164528,-0.845829,9.768721,2.275948,-0.185298,1.365102,-0.266841,1.720085,-5.117912,27.0,-9.15,19.65,-32.1,1.9563,7.2062,-14.7859,5.0,29.65721,48.84395,2.3533325,357.2427,NaN,2.196,48.412903,32.2,6 / 25,35112,2022-01-10 17:05:07:641
-2.123929,-1.799403,11.490633,-0.164528,-0.845829,9.768721,2.275948,-0.185298,1.365102,-0.266841,1.720085,-5.117912,27.0,-9.15,19.65,-32.1,1.9563,7.2062,-14.7859,5.0,29.65721,48.84395,2.3533325,357.2427,NaN,2.196,48.412903,32.2,6 / 25,35117,2022-01-10 17:05:07:646
-2.123929,-1.799403,11.490633,-0.164528,-0.845829,9.768721,2.275948,-0.185298,1.365102,-0.266841,1.720085,-5.117912,27.0,-9.15,19.65,-32.1,1.9563,7.2062,-14.7859,5.0,29.65721,48.84395,2.3533325,357.2427,NaN,2.196,48.412903,32.2,6 / 25,35123,2022-01-10 17:05:07:652
-2.123929,-1.799403,11.490633,-0.164528,-0.845829,9.768721,2.275948,-0.185298,1.365102,-0.266841,1.720085,-5.117912,27.0,-9.15,19.65,-32.1,1.9563,7.2062,-14.7859,5.0,29.65721,48.84395,2.3533325,357.2427,NaN,2.196,48.412903,32.2,6 / 25,35127,2022-01-10 17:05:07:656
-2.123929,-1.799403,11.490633,-0.164528,-0.845829,9.768721,2.275948,-0.185298,1.365102,-0.266841,1.720085,-5.117912,27.0,-9.15,19.65,-32.1,1.9563,7.2062,-14.7859,5.0,29.65721,48.84395,2.3533325,357.2427,NaN,2.196,48.412903,32.2,6 / 25,35132,2022-01-10 17:05:07:661
-0.919143,-0.498903,8.42812,-0.164528,-0.845829,9.768721,2.275948,-0.185298,1.365102,-0.266841,1.720085,-5.117912,27.0,-9.15,19.65,-32.1,1.9563,7.2062,-14.7859,5.0,29.65721,48.84395,2.3533325,357.2427,NaN,2.196,48.412903,32.2,6 / 25,35138,2022-01-10 17:05:07:667
-0.919143,-0.498903,8.42812,-1.044567,-0.961148,9.703374,-0.687946,-0.95668,2.229366,-0.266841,1.720085,-5.117912,27.0,-13.575,12.825,-33.6,55.4314,4.9479,0.9649,5.0,29.65721,48.84395,2.3533325,357.2427,NaN,2.196,48.412903,32.2,6 / 25,35143,2022-01-10 17:05:07:672
-0.919143,-0.498903,8.42812,-1.044567,-0.961148,9.703374,-0.687946,-0.95668,2.229366,-0.266841,1.720085,-5.117912,27.0,-13.575,12.825,-33.6,55.4314,4.9479,0.9649,5.0,29.65721,48.84395,2.3533325,357.2427,NaN,2.196,48.412903,32.2,6 / 25,35148,2022-01-10 17:05:07:677
-0.919143,-0.498903,8.42812,-1.044567,-0.961148,9.703374,-0.687946,-0.95668,2.229366,-0.266841,1.720085,-5.117912,27.0,-13.575,12.825,-33.6,55.4314,4.9479,0.9649,5.0,29.65721,48.84395,2.3533325,357.2427,NaN,2.196,48.412903,32.2,6 / 25,35154,2022-01-10 17:05:07:683
-0.919143,-0.498903,8.42812,-1.044567,-0.961148,9.703374,-0.687946,-0.95668,2.229366,-0.266841,1.720085,-5.117912,27.0,-13.575,12.825,-33.6,55.4314,4.9479,0.9649,5.0,29.65721,48.84395,2.3533325,357.2427,NaN,2.196,48.412903,32.2,6 / 25,35158,2022-01-10 17:05:07:687
-0.919143,-0.498903,8.42812,-1.044567,-0.961148,9.703374,-0.687946,-0.95668,2.229366,-0.266841,1.720085,-5.117912,27.0,-13.575,12.825,-33.6,55.4314,4.9479,0.9649,5.0,29.65721,48.84395,2.3533325,357.2427,NaN,2.196,48.412903,32.2,6 / 25,35162,2022-01-10 17:05:07:691
-0.919143,-0.498903,8.42812,-1.044567,-0.961148,9.703374,-0.687946,-0.95668,2.229366,-0.266841,1.720085,-5.117912,27.0,-13.575,12.825,-33.6,55.4314,4.9479,0.9649,5.0,29.65721,48.84395,2.3533325,357.2427,NaN,2.196,48.412903,32.2,6 / 25,35168,2022-01-10 17:05:07:697
-0.919143,-0.498903,8.42812,-1.044567,-0.961148,9.703374,-0.687946,-0.95668,2.229366,-0.266841,1.720085,-5.117912,27.0,-13.575,12.825,-33.6,55.4314,4.9479,0.9649,5.0,29.65721,48.84395,2.3533325,357.2427,NaN,2.196,48.412903,32.2,6 / 25,35172,2022-01-10 17:05:07:701
-0.919143,-0.498903,8.42812,-1.044567,-0.961148,9.703374,-0.687946,-0.95668,2.229366,-0.266841,1.720085,-5.117912,27.0,-13.575,12.825,-33.6,55.4314,4.9479,0.9649,5.0,29.65721,48.84395,2.3533325,357.2427,NaN,2.196,48.412903,32.2,6 / 25,35178,2022-01-10 17:05:07:707
-0.919143,-0.498903,8.42812,-1.044567,-0.961148,9.703374,-0.687946,-0.95668,2.229366,-0.091211,0.1731,-4.406869,27.0,-13.575,12.825,-33.6,55.4314,4.9479,0.9649,5.0,29.65721,48.84395,2.3533325,357.2427,NaN,2.196,48.412903,32.2,6 / 25,35183,2022-01-10 17:05:07:712
-0.919143,-0.498903,8.42812,-1.044567,-0.961148,9.703374,-0.687946,-0.95668,2.229366,-0.091211,0.1731,-4.406869,27.0,-13.575,12.825,-33.6,55.4314,4.9479,0.9649,5.0,29.65721,48.84395,2.3533325,357.2427,NaN,2.196,48.412903,32.2,6 / 25,35188,2022-01-10 17:05:07:717
-0.919143,-0.498903,8.42812,-1.044567,-0.961148,9.703374,-0.687946,-0.95668,2.229366,-0.091211,0.1731,-4.406869,27.0,-13.575,12.825,-33.6,55.4314,4.9479,0.9649,5.0,29.65721,48.84395,2.3533325,357.2427,NaN,2.196,48.412903,32.2,6 / 25,35192,2022-01-10 17:05:07:721
-0.919143,-0.498903,8.42812,-1.044567,-0.961148,9.703374,-0.687946,-0.95668,2.229366,-0.091211,0.1731,-4.406869,27.0,-13.575,12.825,-33.6,55.4314,4.9479,0.9649,5.0,29.65721,48.84395,2.3533325,357.2427,NaN,2.196,48.412903,32.2,6 / 25,35198,2022-01-10 17:05:07:727
-0.919143,-0.498903,8.42812,-1.044567,-0.961148,9.703374,-0.687946,-0.95668,2.229366,-0.091211,0.1731,-4.406869,21.0,-13.575,12.825,-33.6,55.4314,4.9479,0.9649,5.0,29.65721,48.84395,2.3533325,357.2427,NaN,2.196,48.412903,32.2,6 / 25,35203,2022-01-10 17:05:07:732
-0.919143,-0.498903,8.42812,-1.044567,-0.961148,9.703374,-0.687946,-0.95668,2.229366,-0.091211,0.1731,-4.406869,21.0,-13.575,12.825,-33.6,55.4314,4.9479,0.9649,5.0,29.65721,48.84395,2.3533325,357.2427,NaN,2.196,48.412903,32.2,6 / 25,35207,2022-01-10 17:05:07:736
-0.919143,-0.498903,8.42812,-1.044567,-0.961148,9.703374,-0.687946,-0.95668,2.229366,-0.091211,0.1731,-4.406869,21.0,-13.575,12.825,-33.6,55.4314,4.9479,0.9649,5.0,29.65721,48.84395,2.3533325,357.2427,NaN,2.196,48.412903,32.2,6 / 25,35212,2022-01-10 17:05:07:741
-0.919143,-0.498903,8.42812,-1.044567,-0.961148,9.703374,-0.687946,-0.95668,2.229366,-0.091211,0.1731,-4.406869,21.0,-13.575,12.825,-33.6,55.4314,4.9479,0.9649,5.0,29.65721,48.84395,2.3533325,357.2427,NaN,2.196,48.412903,32.2,6 / 25,35218,2022-01-10 17:05:07:747
-0.919143,-0.498903,8.42812,-1.044567,-0.961148,9.703374,-0.687946,-0.95668,2.229366,-0.091211,0.1731,-4.406869,21.0,-13.575,12.825,-33.6,55.4314,4.9479,0.9649,5.0,29.65721,48.84395,2.3533325,357.2427,NaN,2.196,48.412903,32.2,6 / 25,35222,2022-01-10 17:05:07:751
-0.919143,-0.498903,8.42812,-1.044567,-0.961148,9.703374,-0.687946,-0.95668,2.229366,-0.091211,0.1731,-4.406869,21.0,-13.575,12.825,-33.6,55.4314,4.9479,0.9649,5.0,29.65721,48.84395,2.3533325,357.2427,NaN,2.196,48.412903,32.2,6 / 25,35228,2022-01-10 17:05:07:757
-1.326222,-0.908375,9.357432,-1.044567,-0.961148,9.703374,-0.687946,-0.95668,2.229366,-0.091211,0.1731,-4.406869,21.0,-13.575,12.825,-33.6,55.4314,4.9479,0.9649,5.0,29.65721,48.84395,2.3533325,357.2427,NaN,2.196,48.412903,32.2,6 / 25,35233,2022-01-10 17:05:07:762
-1.326222,-0.908375,9.357432,-1.044567,-0.961148,9.703374,-0.687946,-0.95668,2.229366,-0.091211,0.1731,-4.406869,21.0,-13.575,12.825,-33.6,55.4314,4.9479,0.9649,5.0,29.65721,48.84395,2.3533325,357.2427,NaN,2.196,48.412903,32.2,6 / 25,35238,2022-01-10 17:05:07:767
-1.326222,-0.908375,9.357432,-1.044567,-0.961148,9.703374,-0.687946,-0.95668,2.229366,-0.091211,0.1731,-4.406869,21.0,-13.575,12.825,-33.6,55.4314,4.9479,0.9649,5.0,29.65721,48.84395,2.3533325,357.2427,NaN,2.196,48.412903,32.2,6 / 25,35242,2022-01-10 17:05:07:771
-1.326222,-0.908375,9.357432,-1.044567,-0.961148,9.703374,-0.687946,-0.95668,2.229366,-0.091211,0.1731,-4.406869,21.0,-13.575,12.825,-33.6,55.4314,4.9479,0.9649,5.0,29.65721,48.84395,2.3533325,357.2427,NaN,2.196,48.412903,32.2,6 / 25,35247,2022-01-10 17:05:07:776
-1.326222,-0.908375,9.357432,-1.044567,-0.961148,9.703374,-0.687946,-0.95668,2.229366,-0.091211,0.1731,-4.406869,21.0,-13.575,12.825,-33.6,55.4314,4.9479,0.9649,5.0,29.65721,48.84395,2.3533325,357.2427,NaN,2.196,48.412903,32.2,6 / 25,35252,2022-01-10 17:05:07:781
-1.326222,-0.908375,9.357432,-1.044567,-0.961148,9.703374,-0.687946,-0.95668,2.229366,-0.091211,0.1731,-4.406869,21.0,-16.2,4.2,-34.875,87.8498,5.6246,6.1442,5.0,29.65721,48.84395,2.3533325,357.2427,NaN,2.196,48.412903,32.2,6 / 25,35257,2022-01-10 17:05:07:786
-1.326222,-0.908375,9.357432,-1.044567,-0.961148,9.703374,-0.687946,-0.95668,2.229366,-0.091211,0.1731,-4.406869,21.0,-16.2,4.2,-34.875,87.8498,5.6246,6.1442,5.0,29.65721,48.84395,2.3533325,357.2427,NaN,2.196,48.412903,32.2,6 / 25,35263,2022-01-10 17:05:07:792
-1.326222,-0.908375,9.357432,-1.044567,-0.961148,9.703374,-0.687946,-0.95668,2.229366,-0.091211,0.1731,-4.406869,21.0,-16.2,4.2,-34.875,87.8498,5.6246,6.1442,5.0,29.65721,48.84395,2.3533325,357.2427,NaN,2.196,48.412903,32.2,6 / 25,35268,2022-01-10 17:05:07:797
-1.326222,-0.908375,9.357432,-0.118056,-0.908375,9.763775,-1.008125,-1.760443,0.662233,-0.091211,0.1731,-4.406869,21.0,-16.2,4.2,-34.875,87.8498,5.6246,6.1442,5.0,29.65721,48.84395,2.3533325,357.2427,NaN,2.196,48.412903,32.2,6 / 25,35273,2022-01-10 17:05:07:802
-1.326222,-0.908375,9.357432,-0.118056,-0.908375,9.763775,-1.008125,-1.760443,0.662233,-0.091211,0.1731,-4.406869,21.0,-16.2,4.2,-34.875,87.8498,5.6246,6.1442,5.0,29.65721,48.84395,2.3533325,357.2427,NaN,2.196,48.412903,32.2,6 / 25,35278,2022-01-10 17:05:07:807
-1.326222,-0.908375,9.357432,-0.118056,-0.908375,9.763775,-1.008125,-1.760443,0.662233,-0.091211,0.1731,-4.406869,21.0,-16.2,4.2,-34.875,87.8498,5.6246,6.1442,5.0,29.65721,48.84395,2.3533325,357.2427,NaN,2.196,48.412903,32.2,6 / 25,35283,2022-01-10 17:05:07:812
-1.326222,-0.908375,9.357432,-0.118056,-0.908375,9.763775,-1.008125,-1.760443,0.662233,-0.091211,0.1731,-4.406869,21.0,-16.2,4.2,-34.875,87.8498,5.6246,6.1442,5.0,29.65721,48.84395,2.3533325,357.2427,NaN,2.196,48.412903,32.2,6 / 25,35287,2022-01-10 17:05:07:816
-1.326222,-0.908375,9.357432,-0.118056,-0.908375,9.763775,-1.008125,-1.760443,0.662233,-0.091211,0.1731,-4.406869,21.0,-16.2,4.2,-34.875,87.8498,5.6246,6.1442,5.0,29.65721,48.84395,2.3533325,357.2427,NaN,2.196,48.412903,32.2,6 / 25,35292,2022-01-10 17:05:07:821
-1.326222,-0.908375,9.357432,-0.118056,-0.908375,9.763775,-1.008125,-1.760443,0.662233,1.68906,0.002929,-3.590501,21.0,-16.2,4.2,-34.875,87.8498,5.6246,6.1442,5.0,29.65721,48.84395,2.3533325,357.2427,NaN,2.196,48.412903,32.2,6 / 25,35299,2022-01-10 17:05:07:828
-1.326222,-0.908375,9.357432,-0.118056,-0.908375,9.763775,-1.008125,-1.760443,0.662233,1.68906,0.002929,-3.590501,21.0,-16.2,4.2,-34.875,87.8498,5.6246,6.1442,5.0,29.65721,48.84395,2.3533325,357.2427,NaN,2.196,48.412903,32.2,6 / 25,35303,2022-01-10 17:05:07:832
-1.326222,-0.908375,9.357432,-0.118056,-0.908375,9.763775,-1.008125,-1.760443,0.662233,1.68906,0.002929,-3.590501,21.0,-16.2,4.2,-34.875,87.8498,5.6246,6.1442,5.0,29.65721,48.84395,2.3533325,357.2427,NaN,2.196,48.412903,32.2,6 / 25,35307,2022-01-10 17:05:07:836
-1.326222,-0.908375,9.357432,-0.118056,-0.908375,9.763775,-1.008125,-1.760443,0.662233,1.68906,0.002929,-3.590501,21.0,-16.2,4.2,-34.875,87.8498,5.6246,6.1442,5.0,29.65721,48.84395,2.3533325,357.2427,NaN,2.196,48.412903,32.2,6 / 25,35313,2022-01-10 17:05:07:842
-1.326222,-0.908375,9.357432,-0.118056,-0.908375,9.763775,-1.008125,-1.760443,0.662233,1.68906,0.002929,-3.590501,21.0,-16.2,4.2,-34.875,87.8498,5.6246,6.1442,5.0,29.65721,48.84395,2.3533325,357.2427,NaN,2.196,48.412903,32.2,6 / 25,35317,2022-01-10 17:05:07:846
-1.867598,-0.984946,10.161121,-0.118056,-0.908375,9.763775,-1.008125,-1.760443,0.662233,1.68906,0.002929,-3.590501,21.0,-16.2,4.2,-34.875,87.8498,5.6246,6.1442,5.0,29.65721,48.84395,2.3533325,357.2427,NaN,2.196,48.412903,32.2,6 / 25,35322,2022-01-10 17:05:07:851
-1.867598,-0.984946,10.161121,-0.118056,-0.908375,9.763775,-1.008125,-1.760443,0.662233,1.68906,0.002929,-3.590501,21.0,-16.2,4.2,-34.875,87.8498,5.6246,6.1442,5.0,29.65721,48.84395,2.3533325,357.2427,NaN,2.196,48.412903,32.2,6 / 25,35328,2022-01-10 17:05:07:857
-1.867598,-0.984946,10.161121,-0.118056,-0.908375,9.763775,-1.008125,-1.760443,0.662233,1.68906,0.002929,-3.590501,21.0,-16.2,4.2,-34.875,87.8498,5.6246,6.1442,5.0,29.65721,48.84395,2.3533325,357.2427,NaN,2.196,48.412903,32.2,6 / 25,35333,2022-01-10 17:05:07:862
-1.867598,-0.984946,10.161121,-0.118056,-0.908375,9.763775,-1.008125,-1.760443,0.662233,1.68906,0.002929,-3.590501,21.0,-16.2,4.2,-34.875,87.8498,5.6246,6.1442,5.0,29.65721,48.84395,2.3533325,357.2427,NaN,2.196,48.412903,32.2,6 / 25,35338,2022-01-10 17:05:07:867
-1.867598,-0.984946,10.161121,-0.118056,-0.908375,9.763775,-1.008125,-1.760443,0.662233,1.68906,0.002929,-3.590501,21.0,-16.2,4.2,-34.875,87.8498,5.6246,6.1442,5.0,29.65721,48.84395,2.3533325,357.2427,NaN,2.196,48.412903,32.2,6 / 25,35345,2022-01-10 17:05:07:874
-1.867598,-0.984946,10.161121,-0.118056,-0.908375,9.763775,-1.008125,-1.760443,0.662233,1.68906,0.002929,-3.590501,21.0,-16.2,4.2,-34.875,87.8498,5.6246,6.1442,5.0,29.65721,48.84395,2.3533325,357.2427,NaN,2.196,48.412903,32.2,6 / 25,35348,2022-01-10 17:05:07:877
-1.867598,-0.984946,10.161121,-0.118056,-0.908375,9.763775,-1.008125,-1.760443,0.662233,1.68906,0.002929,-3.590501,21.0,-16.2,4.2,-34.875,87.8498,5.6246,6.1442,5.0,29.65721,48.84395,2.3533325,357.2427,NaN,2.196,48.412903,32.2,6 / 25,35352,2022-01-10 17:05:07:881
-1.867598,-0.984946,10.161121,-0.118056,-0.908375,9.763775,-1.008125,-1.760443,0.662233,1.68906,0.002929,-3.590501,21.0,-16.2,4.2,-34.875,87.8498,5.6246,6.1442,5.0,29.65721,48.84395,2.3533325,357.2427,NaN,2.196,48.412903,32.2,6 / 25,35358,2022-01-10 17:05:07:887
-1.867598,-0.984946,10.161121,-0.118056,-0.908375,9.763775,-1.008125,-1.760443,0.662233,1.68906,0.002929,-3.590501,21.0,-16.2,4.2,-34.875,87.8498,5.6246,6.1442,5.0,29.65721,48.84395,2.3533325,357.2427,NaN,2.196,48.412903,32.2,6 / 25,35363,2022-01-10 17:05:07:892
-1.867598,-0.984946,10.161121,-0.118056,-0.908375,9.763775,-1.008125,-1.760443,0.662233,1.68906,0.002929,-3.590501,21.0,-16.2,4.2,-34.875,87.8498,5.6246,6.1442,5.0,29.65721,48.84395,2.3533325,357.2427,NaN,2.196,48.412903,32.2,6 / 25,35367,2022-01-10 17:05:07:896
-1.867598,-0.984946,10.161121,-0.118056,-0.908375,9.763775,-1.008125,-1.760443,0.662233,1.68906,0.002929,-3.590501,21.0,-16.2,4.2,-34.875,87.8498,5.6246,6.1442,5.0,29.65721,48.84395,2.3533325,357.2427,NaN,2.196,48.412903,32.2,6 / 25,35373,2022-01-10 17:05:07:902
-1.867598,-0.984946,10.161121,-0.118056,-0.908375,9.763775,-1.008125,-1.760443,0.662233,1.68906,0.002929,-3.590501,21.0,-16.2,4.2,-34.875,87.8498,5.6246,6.1442,5.0,29.65721,48.84395,2.3533325,357.2427,NaN,2.196,48.412903,32.2,6 / 25,35377,2022-01-10 17:05:07:906
-1.867598,-0.984946,10.161121,-0.118056,-0.908375,9.763775,-1.008125,-1.760443,0.662233,1.68906,0.002929,-3.590501,18.0,-16.2,4.2,-34.875,87.8498,5.6246,6.1442,5.0,29.65721,48.84395,2.3533325,357.2427,NaN,2.196,48.412903,32.2,6 / 25,35382,2022-01-10 17:05:07:911
-1.867598,-0.984946,10.161121,0.384739,1.372098,9.702561,-1.996457,-2.641681,2.553473,1.68906,0.002929,-3.590501,18.0,-16.2,4.2,-34.875,87.8498,5.6246,6.1442,5.0,29.65721,48.84395,2.3533325,357.2427,NaN,2.196,48.412903,32.2,6 / 25,35388,2022-01-10 17:05:07:917
-1.867598,-0.984946,10.161121,0.384739,1.372098,9.702561,-1.996457,-2.641681,2.553473,1.68906,0.002929,-3.590501,18.0,-16.2,4.2,-34.875,87.8498,5.6246,6.1442,5.0,29.65721,48.84395,2.3533325,357.2427,NaN,2.196,48.412903,32.2,6 / 25,35392,2022-01-10 17:05:07:921
-1.867598,-0.984946,10.161121,0.384739,1.372098,9.702561,-1.996457,-2.641681,2.553473,1.68906,0.002929,-3.590501,18.0,-16.2,4.2,-34.875,87.8498,5.6246,6.1442,5.0,29.65721,48.84395,2.3533325,357.2427,NaN,2.196,48.412903,32.2,6 / 25,35397,2022-01-10 17:05:07:926
-1.867598,-0.984946,10.161121,0.384739,1.372098,9.702561,-1.996457,-2.641681,2.553473,1.68906,0.002929,-3.590501,18.0,-13.725,-5.625,-35.7,93.7817,-8.0429,-2.2708,5.0,29.65721,48.84395,2.3533325,357.2427,NaN,2.196,48.412903,32.2,6 / 25,35403,2022-01-10 17:05:07:932
-1.867598,-0.984946,10.161121,0.384739,1.372098,9.702561,-1.996457,-2.641681,2.553473,1.68906,0.002929,-3.590501,18.0,-13.725,-5.625,-35.7,93.7817,-8.0429,-2.2708,5.0,32.92134,48.84395,2.3533325,357.2427,NaN,2.196,48.412903,32.2,6 / 25,35407,2022-01-10 17:05:07:936
-1.867598,-0.984946,10.161121,0.384739,1.372098,9.702561,-1.996457,-2.641681,2.553473,1.68906,0.002929,-3.590501,18.0,-13.725,-5.625,-35.7,93.7817,-8.0429,-2.2708,5.0,32.92134,48.84395,2.3533325,357.2427,NaN,2.196,48.412903,32.2,6 / 25,35413,2022-01-10 17:05:07:942
-1.867598,-0.984946,10.161121,0.384739,1.372098,9.702561,-1.996457,-2.641681,2.553473,1.68906,0.002929,-3.590501,18.0,-13.725,-5.625,-35.7,93.7817,-8.0429,-2.2708,5.0,32.92134,48.84395,2.3533325,357.2427,NaN,2.196,48.412903,32.2,6 / 25,35418,2022-01-10 17:05:07:947
-1.867598,-0.984946,10.161121,0.384739,1.372098,9.702561,-1.996457,-2.641681,2.553473,1.68906,0.002929,-3.590501,18.0,-13.725,-5.625,-35.7,93.7817,-8.0429,-2.2708,5.0,32.92134,48.84395,2.3533325,357.2427,NaN,2.196,48.412903,32.2,6 / 25,35423,2022-01-10 17:05:07:952
-1.867598,-0.984946,10.161121,0.384739,1.372098,9.702561,-1.996457,-2.641681,2.553473,1.68906,0.002929,-3.590501,18.0,-13.725,-5.625,-35.7,93.7817,-8.0429,-2.2708,5.0,32.92134,48.84395,2.3533325,357.2427,NaN,2.196,48.412903,32.2,6 / 25,35428,2022-01-10 17:05:07:957
1.467997,-0.431605,11.460723,0.384739,1.372098,9.702561,-1.996457,-2.641681,2.553473,1.68906,0.002929,-3.590501,18.0,-13.725,-5.625,-35.7,93.7817,-8.0429,-2.2708,5.0,32.92134,48.84395,2.3533325,357.2427,NaN,2.196,48.412903,32.2,6 / 25,35432,2022-01-10 17:05:07:961
1.467997,-0.431605,11.460723,0.384739,1.372098,9.702561,-1.996457,-2.641681,2.553473,2.706757,-0.427824,-4.703536,18.0,-13.725,-5.625,-35.7,93.7817,-8.0429,-2.2708,5.0,32.92134,48.84395,2.3533325,357.2427,NaN,2.196,48.412903,32.2,6 / 25,35437,2022-01-10 17:05:07:966
1.467997,-0.431605,11.460723,0.384739,1.372098,9.702561,-1.996457,-2.641681,2.553473,2.706757,-0.427824,-4.703536,18.0,-13.725,-5.625,-35.7,93.7817,-8.0429,-2.2708,5.0,32.92134,48.84395,2.3533325,357.2427,NaN,2.196,48.412903,32.2,6 / 25,35443,2022-01-10 17:05:07:972
1.467997,-0.431605,11.460723,0.384739,1.372098,9.702561,-1.996457,-2.641681,2.553473,2.706757,-0.427824,-4.703536,18.0,-13.725,-5.625,-35.7,93.7817,-8.0429,-2.2708,5.0,32.92134,48.84395,2.3533325,357.2427,NaN,2.196,48.412903,32.2,6 / 25,35448,2022-01-10 17:05:07:977
1.467997,-0.431605,11.460723,0.384739,1.372098,9.702561,-1.996457,-2.641681,2.553473,2.706757,-0.427824,-4.703536,18.0,-13.725,-5.625,-35.7,93.7817,-8.0429,-2.2708,5.0,32.92134,48.84395,2.3533325,357.2427,NaN,2.196,48.412903,32.2,6 / 25,35452,2022-01-10 17:05:07:981
1.467997,-0.431605,11.460723,0.384739,1.372098,9.702561,-1.996457,-2.641681,2.553473,2.706757,-0.427824,-4.703536,18.0,-13.725,-5.625,-35.7,93.7817,-8.0429,-2.2708,5.0,32.92134,48.84395,2.3533325,357.2427,NaN,2.196,48.412903,32.2,6 / 25,35458,2022-01-10 17:05:07:987
1.467997,-0.431605,11.460723,0.384739,1.372098,9.702561,-1.996457,-2.641681,2.553473,2.706757,-0.427824,-4.703536,18.0,-13.725,-5.625,-35.7,93.7817,-8.0429,-2.2708,5.0,32.92134,48.84395,2.3533325,357.2427,NaN,2.196,48.412903,32.2,6 / 25,35463,2022-01-10 17:05:07:992
1.467997,-0.431605,11.460723,0.384739,1.372098,9.702561,-1.996457,-2.641681,2.553473,2.706757,-0.427824,-4.703536,18.0,-13.725,-5.625,-35.7,93.7817,-8.0429,-2.2708,5.0,32.92134,48.84395,2.3533325,357.2427,NaN,2.196,48.412903,32.2,6 / 25,35467,2022-01-10 17:05:07:996
1.467997,-0.431605,11.460723,0.384739,1.372098,9.702561,-1.996457,-2.641681,2.553473,2.706757,-0.427824,-4.703536,18.0,-13.725,-5.625,-35.7,93.7817,-8.0429,-2.2708,5.0,32.92134,48.84395,2.3533325,357.2427,NaN,2.196,48.412903,32.2,6 / 25,35473,2022-01-10 17:05:08:002
1.467997,-0.431605,11.460723,0.384739,1.372098,9.702561,-1.996457,-2.641681,2.553473,2.706757,-0.427824,-4.703536,18.0,-13.725,-5.625,-35.7,93.7817,-8.0429,-2.2708,5.0,32.92134,48.84395,2.3533325,357.2427,NaN,2.196,48.412903,32.2,6 / 25,35477,2022-01-10 17:05:08:006
1.467997,-0.431605,11.460723,0.384739,1.372098,9.702561,-1.996457,-2.641681,2.553473,2.706757,-0.427824,-4.703536,18.0,-13.725,-5.625,-35.7,93.7817,-8.0429,-2.2708,5.0,32.92134,48.84395,2.3533325,357.2427,NaN,2.196,48.412903,32.2,6 / 25,35483,2022-01-10 17:05:08:012
1.467997,-0.431605,11.460723,0.384739,1.372098,9.702561,-1.996457,-2.641681,2.553473,2.706757,-0.427824,-4.703536,18.0,-13.725,-5.625,-35.7,93.7817,-8.0429,-2.2708,5.0,32.92134,48.84395,2.3533325,357.2427,NaN,2.196,48.412903,32.2,6 / 25,35487,2022-01-10 17:05:08:016
1.467997,-0.431605,11.460723,0.384739,1.372098,9.702561,-1.996457,-2.641681,2.553473,2.706757,-0.427824,-4.703536,18.0,-13.725,-5.625,-35.7,93.7817,-8.0429,-2.2708,5.0,32.92134,48.84395,2.3533325,357.2427,NaN,2.196,48.412903,32.2,6 / 25,35494,2022-01-10 17:05:08:023
1.467997,-0.431605,11.460723,0.384739,1.372098,9.702561,-1.996457,-2.641681,2.553473,2.706757,-0.427824,-4.703536,18.0,-13.725,-5.625,-35.7,93.7817,-8.0429,-2.2708,5.0,32.92134,48.84395,2.3533325,357.2427,NaN,2.196,48.412903,32.2,6 / 25,35497,2022-01-10 17:05:08:026
1.467997,-0.431605,11.460723,0.384739,1.372098,9.702561,-1.996457,-2.641681,2.553473,2.706757,-0.427824,-4.703536,18.0,-13.725,-5.625,-35.7,93.7817,-8.0429,-2.2708,5.0,32.92134,48.84395,2.3533325,357.2427,NaN,2.196,48.412903,32.2,6 / 25,35503,2022-01-10 17:05:08:032
1.467997,-0.431605,11.460723,0.384739,1.372098,9.702561,-1.996457,-2.641681,2.553473,2.706757,-0.427824,-4.703536,18.0,-13.725,-5.625,-35.7,93.7817,-8.0429,-2.2708,5.0,32.92134,48.84395,2.3533325,357.2427,NaN,2.196,48.412903,32.2,6 / 25,35509,2022-01-10 17:05:08:038
1.467997,-0.431605,11.460723,0.384739,1.372098,9.702561,-1.996457,-2.641681,2.553473,2.706757,-0.427824,-4.703536,18.0,-13.725,-5.625,-35.7,93.7817,-8.0429,-2.2708,5.0,32.92134,48.84395,2.3533325,357.2427,NaN,2.196,48.412903,32.2,6 / 25,35513,2022-01-10 17:05:08:042
1.082453,3.803392,10.562517,-0.916312,3.422241,9.144344,0.600355,-1.680283,4.353678,2.706757,-0.427824,-4.703536,18.0,-13.725,-5.625,-35.7,93.7817,-8.0429,-2.2708,5.0,32.92134,48.84395,2.3533325,357.2427,NaN,2.196,48.412903,32.2,6 / 25,35518,2022-01-10 17:05:08:047
1.082453,3.803392,10.562517,-0.916312,3.422241,9.144344,0.600355,-1.680283,4.353678,2.706757,-0.427824,-4.703536,18.0,-13.725,-5.625,-35.7,93.7817,-8.0429,-2.2708,5.0,32.92134,48.84395,2.3533325,357.2427,NaN,2.196,48.412903,32.2,6 / 25,35522,2022-01-10 17:05:08:051
1.082453,3.803392,10.562517,-0.916312,3.422241,9.144344,0.600355,-1.680283,4.353678,2.706757,-0.427824,-4.703536,18.0,-13.725,-5.625,-35.7,93.7817,-8.0429,-2.2708,5.0,32.92134,48.84395,2.3533325,357.2427,NaN,2.196,48.412903,32.2,6 / 25,35527,2022-01-10 17:05:08:056
1.082453,3.803392,10.562517,-0.916312,3.422241,9.144344,0.600355,-1.680283,4.353678,2.706757,-0.427824,-4.703536,18.0,-13.725,-5.625,-35.7,93.7817,-8.0429,-2.2708,5.0,32.92134,48.84395,2.3533325,357.2427,NaN,2.196,48.412903,32.2,6 / 25,35533,2022-01-10 17:05:08:062
1.082453,3.803392,10.562517,-0.916312,3.422241,9.144344,0.600355,-1.680283,4.353678,2.706757,-0.427824,-4.703536,18.0,-6.825,-14.85,-34.2,103.545,-20.4244,5.7222,5.0,32.92134,48.84395,2.3533325,357.2427,NaN,2.196,48.412903,32.2,6 / 25,35537,2022-01-10 17:05:08:066
1.082453,3.803392,10.562517,-0.916312,3.422241,9.144344,0.600355,-1.680283,4.353678,2.706757,-0.427824,-4.703536,18.0,-6.825,-14.85,-34.2,103.545,-20.4244,5.7222,5.0,32.92134,48.84395,2.3533325,357.2427,NaN,2.196,48.412903,32.2,6 / 25,35542,2022-01-10 17:05:08:071
1.082453,3.803392,10.562517,-0.916312,3.422241,9.144344,0.600355,-1.680283,4.353678,2.706757,-0.427824,-4.703536,18.0,-6.825,-14.85,-34.2,103.545,-20.4244,5.7222,5.0,32.92134,48.84395,2.3533325,357.2427,NaN,2.196,48.412903,32.2,6 / 25,35548,2022-01-10 17:05:08:077
1.082453,3.803392,10.562517,-0.916312,3.422241,9.144344,0.600355,-1.680283,4.353678,2.706757,-0.427824,-4.703536,18.0,-6.825,-14.85,-34.2,103.545,-20.4244,5.7222,5.0,32.92134,48.84395,2.3533325,357.2427,NaN,2.196,48.412903,32.2,6 / 25,35552,2022-01-10 17:05:08:081
1.082453,3.803392,10.562517,-0.916312,3.422241,9.144344,0.600355,-1.680283,4.353678,2.706757,-0.427824,-4.703536,18.0,-6.825,-14.85,-34.2,103.545,-20.4244,5.7222,5.0,32.92134,48.84395,2.3533325,357.2427,NaN,2.196,48.412903,32.2,6 / 25,35558,2022-01-10 17:05:08:087
1.082453,3.803392,10.562517,-0.916312,3.422241,9.144344,0.600355,-1.680283,4.353678,2.706757,-0.427824,-4.703536,18.0,-6.825,-14.85,-34.2,103.545,-20.4244,5.7222,5.0,32.92134,48.84395,2.3533325,357.2427,NaN,2.196,48.412903,32.2,6 / 25,35563,2022-01-10 17:05:08:092
1.082453,3.803392,10.562517,-0.916312,3.422241,9.144344,0.600355,-1.680283,4.353678,0.16591,-0.053794,-2.891974,18.0,-6.825,-14.85,-34.2,103.545,-20.4244,5.7222,5.0,32.92134,48.84395,2.3533325,357.2427,NaN,2.196,48.412903,32.2,6 / 25,35568,2022-01-10 17:05:08:097
1.082453,3.803392,10.562517,-0.916312,3.422241,9.144344,0.600355,-1.680283,4.353678,0.16591,-0.053794,-2.891974,18.0,-6.825,-14.85,-34.2,103.545,-20.4244,5.7222,5.0,32.92134,48.84395,2.3533325,357.2427,NaN,2.196,48.412903,32.2,6 / 25,35572,2022-01-10 17:05:08:101
1.082453,3.803392,10.562517,-0.916312,3.422241,9.144344,0.600355,-1.680283,4.353678,0.16591,-0.053794,-2.891974,18.0,-6.825,-14.85,-34.2,103.545,-20.4244,5.7222,5.0,32.92134,48.84395,2.3533325,357.2427,NaN,2.196,48.412903,32.2,6 / 25,35577,2022-01-10 17:05:08:106
1.082453,3.803392,10.562517,-0.916312,3.422241,9.144344,0.600355,-1.680283,4.353678,0.16591,-0.053794,-2.891974,18.0,-6.825,-14.85,-34.2,103.545,-20.4244,5.7222,5.0,32.92134,48.84395,2.3533325,357.2427,NaN,2.196,48.412903,32.2,6 / 25,35582,2022-01-10 17:05:08:111
1.082453,3.803392,10.562517,-0.916312,3.422241,9.144344,0.600355,-1.680283,4.353678,0.16591,-0.053794,-2.891974,18.0,-6.825,-14.85,-34.2,103.545,-20.4244,5.7222,5.0,32.92134,48.84395,2.3533325,357.2427,NaN,2.196,48.412903,32.2,6 / 25,35587,2022-01-10 17:05:08:116
1.082453,3.803392,10.562517,-0.916312,3.422241,9.144344,0.600355,-1.680283,4.353678,0.16591,-0.053794,-2.891974,18.0,-6.825,-14.85,-34.2,103.545,-20.4244,5.7222,5.0,32.92134,48.84395,2.3533325,357.2427,NaN,2.196,48.412903,32.2,6 / 25,35593,2022-01-10 17:05:08:122
1.082453,3.803392,10.562517,-0.916312,3.422241,9.144344,0.600355,-1.680283,4.353678,0.16591,-0.053794,-2.891974,18.0,-6.825,-14.85,-34.2,103.545,-20.4244,5.7222,5.0,32.92134,48.84395,2.3533325,357.2427,NaN,2.196,48.412903,32.2,6 / 25,35598,2022-01-10 17:05:08:127
1.082453,3.803392,10.562517,-0.916312,3.422241,9.144344,0.600355,-1.680283,4.353678,0.16591,-0.053794,-2.891974,18.0,-6.825,-14.85,-34.2,103.545,-20.4244,5.7222,5.0,32.92134,48.84395,2.3533325,357.2427,NaN,2.196,48.412903,32.2,6 / 25,35603,2022-01-10 17:05:08:132
-2.527718,1.5003,8.595916,-0.916312,3.422241,9.144344,0.600355,-1.680283,4.353678,0.16591,-0.053794,-2.891974,26.0,-6.825,-14.85,-34.2,103.545,-20.4244,5.7222,5.0,32.92134,48.84395,2.3533325,357.2427,NaN,2.196,48.412903,32.2,6 / 25,35608,2022-01-10 17:05:08:137
-2.527718,1.5003,8.595916,-0.916312,3.422241,9.144344,0.600355,-1.680283,4.353678,0.16591,-0.053794,-2.891974,26.0,-6.825,-14.85,-34.2,103.545,-20.4244,5.7222,5.0,32.92134,48.84395,2.3533325,357.2427,NaN,2.196,48.412903,32.2,6 / 25,35612,2022-01-10 17:05:08:141
-2.527718,1.5003,8.595916,-0.916312,3.422241,9.144344,0.600355,-1.680283,4.353678,0.16591,-0.053794,-2.891974,26.0,-6.825,-14.85,-34.2,103.545,-20.4244,5.7222,5.0,32.92134,48.84395,2.3533325,357.2427,NaN,2.196,48.412903,32.2,6 / 25,35618,2022-01-10 17:05:08:147
-2.527718,1.5003,8.595916,-0.916312,3.422241,9.144344,0.600355,-1.680283,4.353678,0.16591,-0.053794,-2.891974,26.0,-6.825,-14.85,-34.2,103.545,-20.4244,5.7222,5.0,32.92134,48.84395,2.3533325,357.2427,NaN,2.196,48.412903,32.2,6 / 25,35622,2022-01-10 17:05:08:151
-2.527718,1.5003,8.595916,-1.710128,3.365151,9.051056,1.264686,0.776081,2.338789,0.16591,-0.053794,-2.891974,26.0,-6.825,-14.85,-34.2,103.545,-20.4244,5.7222,5.0,32.92134,48.84395,2.3533325,357.2427,NaN,2.196,48.412903,32.2,6 / 25,35628,2022-01-10 17:05:08:157
-2.527718,1.5003,8.595916,-1.710128,3.365151,9.051056,1.264686,0.776081,2.338789,0.16591,-0.053794,-2.891974,26.0,-6.825,-14.85,-34.2,103.545,-20.4244,5.7222,5.0,32.92134,48.84395,2.3533325,357.2427,NaN,2.196,48.412903,32.2,6 / 25,35632,2022-01-10 17:05:08:161
-2.527718,1.5003,8.595916,-1.710128,3.365151,9.051056,1.264686,0.776081,2.338789,0.16591,-0.053794,-2.891974,26.0,-6.825,-14.85,-34.2,103.545,-20.4244,5.7222,5.0,32.92134,48.84395,2.3533325,357.2427,NaN,2.196,48.412903,32.2,6 / 25,35637,2022-01-10 17:05:08:166
-2.527718,1.5003,8.595916,-1.710128,3.365151,9.051056,1.264686,0.776081,2.338789,0.16591,-0.053794,-2.891974,26.0,-6.825,-14.85,-34.2,103.545,-20.4244,5.7222,5.0,32.92134,48.84395,2.3533325,357.2427,NaN,2.196,48.412903,32.2,6 / 25,35642,2022-01-10 17:05:08:171
-2.527718,1.5003,8.595916,-1.710128,3.365151,9.051056,1.264686,0.776081,2.338789,0.16591,-0.053794,-2.891974,26.0,-6.825,-14.85,-34.2,103.545,-20.4244,5.7222,5.0,32.92134,48.84395,2.3533325,357.2427,NaN,2.196,48.412903,32.2,6 / 25,35647,2022-01-10 17:05:08:176
-2.527718,1.5003,8.595916,-1.710128,3.365151,9.051056,1.264686,0.776081,2.338789,0.16591,-0.053794,-2.891974,26.0,-6.825,-14.85,-34.2,103.545,-20.4244,5.7222,5.0,32.92134,48.84395,2.3533325,357.2427,NaN,2.196,48.412903,32.2,6 / 25,35652,2022-01-10 17:05:08:181
-2.527718,1.5003,8.595916,-1.710128,3.365151,9.051056,1.264686,0.776081,2.338789,0.16591,-0.053794,-2.891974,26.0,0.825,-21.375,-31.275,152.6022,-20.0689,10.6995,5.0,32.92134,48.84395,2.3533325,357.2427,NaN,2.196,48.412903,32.2,6 / 25,35658,2022-01-10 17:05:08:187
-2.527718,1.5003,8.595916,-1.710128,3.365151,9.051056,1.264686,0.776081,2.338789,0.16591,-0.053794,-2.891974,26.0,0.825,-21.375,-31.275,152.6022,-20.0689,10.6995,5.0,32.92134,48.84395,2.3533325,357.2427,NaN,2.196,48.412903,32.2,6 / 25,35663,2022-01-10 17:05:08:192
-2.527718,1.5003,8.595916,-1.710128,3.365151,9.051056,1.264686,0.776081,2.338789,0.16591,-0.053794,-2.891974,26.0,0.825,-21.375,-31.275,152.6022,-20.0689,10.6995,5.0,32.92134,48.84395,2.3533325,357.2427,NaN,2.196,48.412903,32.2,6 / 25,35668,2022-01-10 17:05:08:197
-2.527718,1.5003,8.595916,-1.710128,3.365151,9.051056,1.264686,0.776081,2.338789,0.16591,-0.053794,-2.891974,26.0,0.825,-21.375,-31.275,152.6022,-20.0689,10.6995,5.0,32.92134,48.84395,2.3533325,357.2427,NaN,2.196,48.412903,32.2,6 / 25,35672,2022-01-10 17:05:08:201
-2.527718,1.5003,8.595916,-1.710128,3.365151,9.051056,1.264686,0.776081,2.338789,0.16591,-0.053794,-2.891974,26.0,0.825,-21.375,-31.275,152.6022,-20.0689,10.6995,5.0,32.92134,48.84395,2.3533325,357.2427,NaN,2.196,48.412903,32.2,6 / 25,35678,2022-01-10 17:05:08:207
-2.527718,1.5003,8.595916,-1.710128,3.365151,9.051056,1.264686,0.776081,2.338789,0.16591,-0.053794,-2.891974,26.0,0.825,-21.375,-31.275,152.6022,-20.0689,10.6995,5.0,32.92134,48.84395,2.3533325,357.2427,NaN,2.196,48.412903,32.2,6 / 25,35683,2022-01-10 17:05:08:212
-2.527718,1.5003,8.595916,-1.710128,3.365151,9.051056,1.264686,0.776081,2.338789,0.16591,-0.053794,-2.891974,26.0,0.825,-21.375,-31.275,152.6022,-20.0689,10.6995,5.0,32.92134,48.84395,2.3533325,357.2427,NaN,2.196,48.412903,32.2,6 / 25,35688,2022-01-10 17:05:08:217
-2.527718,1.5003,8.595916,-1.710128,3.365151,9.051056,1.264686,0.776081,2.338789,0.16591,-0.053794,-2.891974,26.0,0.825,-21.375,-31.275,152.6022,-20.0689,10.6995,5.0,32.92134,48.84395,2.3533325,357.2427,NaN,2.196,48.412903,32.2,6 / 25,35694,2022-01-10 17:05:08:223
-2.527718,1.5003,8.595916,-1.710128,3.365151,9.051056,1.264686,0.776081,2.338789,1.008643,-3.09104,-2.678528,26.0,0.825,-21.375,-31.275,152.6022,-20.0689,10.6995,5.0,32.92134,48.84395,2.3533325,357.2427,NaN,2.196,48.412903,32.2,6 / 25,35697,2022-01-10 17:05:08:226
-2.527718,1.5003,8.595916,-1.710128,3.365151,9.051056,1.264686,0.776081,2.338789,1.008643,-3.09104,-2.678528,26.0,0.825,-21.375,-31.275,152.6022,-20.0689,10.6995,5.0,32.92134,48.84395,2.3533325,357.2427,NaN,2.196,48.412903,32.2,6 / 25,35702,2022-01-10 17:05:08:231
-2.527718,1.5003,8.595916,-1.710128,3.365151,9.051056,1.264686,0.776081,2.338789,1.008643,-3.09104,-2.678528,26.0,0.825,-21.375,-31.275,152.6022,-20.0689,10.6995,5.0,32.92134,48.84395,2.3533325,357.2427,NaN,2.196,48.412903,32.2,6 / 25,35708,2022-01-10 17:05:08:237
-2.527718,1.5003,8.595916,-1.710128,3.365151,9.051056,1.264686,0.776081,2.338789,1.008643,-3.09104,-2.678528,26.0,0.825,-21.375,-31.275,152.6022,-20.0689,10.6995,5.0,32.92134,48.84395,2.3533325,357.2427,NaN,2.196,48.412903,32.2,6 / 25,35713,2022-01-10 17:05:08:242
-2.527718,1.5003,8.595916,-1.710128,3.365151,9.051056,1.264686,0.776081,2.338789,1.008643,-3.09104,-2.678528,26.0,0.825,-21.375,-31.275,152.6022,-20.0689,10.6995,5.0,32.92134,48.84395,2.3533325,357.2427,NaN,2.196,48.412903,32.2,6 / 25,35717,2022-01-10 17:05:08:246
-2.527718,1.5003,8.595916,-1.710128,3.365151,9.051056,1.264686,0.776081,2.338789,1.008643,-3.09104,-2.678528,26.0,0.825,-21.375,-31.275,152.6022,-20.0689,10.6995,5.0,32.92134,48.84395,2.3533325,357.2427,NaN,2.196,48.412903,32.2,6 / 25,35723,2022-01-10 17:05:08:252
-2.527718,1.5003,8.595916,-1.710128,3.365151,9.051056,1.264686,0.776081,2.338789,1.008643,-3.09104,-2.678528,26.0,0.825,-21.375,-31.275,152.6022,-20.0689,10.6995,5.0,32.92134,48.84395,2.3533325,357.2427,NaN,2.196,48.412903,32.2,6 / 25,35729,2022-01-10 17:05:08:258
-0.707079,1.611566,7.348957,-1.710128,3.365151,9.051056,1.264686,0.776081,2.338789,1.008643,-3.09104,-2.678528,26.0,0.825,-21.375,-31.275,152.6022,-20.0689,10.6995,5.0,40.65421,48.84395,2.3533325,357.2427,NaN,2.196,48.412903,32.2,6 / 25,35733,2022-01-10 17:05:08:262
-0.707079,1.611566,7.348957,-1.710128,3.365151,9.051056,1.264686,0.776081,2.338789,1.008643,-3.09104,-2.678528,26.0,0.825,-21.375,-31.275,152.6022,-20.0689,10.6995,5.0,40.65421,48.84395,2.3533325,357.2427,NaN,2.196,48.412903,32.2,6 / 25,35737,2022-01-10 17:05:08:266
-0.707079,1.611566,7.348957,-1.710128,3.365151,9.051056,1.264686,0.776081,2.338789,1.008643,-3.09104,-2.678528,26.0,0.825,-21.375,-31.275,152.6022,-20.0689,10.6995,5.0,40.65421,48.84395,2.3533325,357.2427,NaN,2.196,48.412903,32.2,6 / 25,35742,2022-01-10 17:05:08:271
-0.707079,1.611566,7.348957,-1.710128,3.365151,9.051056,1.264686,0.776081,2.338789,1.008643,-3.09104,-2.678528,26.0,0.825,-21.375,-31.275,152.6022,-20.0689,10.6995,5.0,40.65421,48.84395,2.3533325,357.2427,NaN,2.196,48.412903,32.2,6 / 25,35748,2022-01-10 17:05:08:277
-0.707079,1.611566,7.348957,-1.710128,3.365151,9.051056,1.264686,0.776081,2.338789,1.008643,-3.09104,-2.678528,26.0,0.825,-21.375,-31.275,152.6022,-20.0689,10.6995,5.0,40.65421,48.84395,2.3533325,357.2427,NaN,2.196,48.412903,32.2,6 / 25,35752,2022-01-10 17:05:08:281
-0.707079,1.611566,7.348957,0.009983,3.525585,9.150985,-0.776472,-1.376717,-1.030489,1.008643,-3.09104,-2.678528,26.0,0.825,-21.375,-31.275,152.6022,-20.0689,10.6995,5.0,40.65421,48.84395,2.3533325,357.2427,NaN,2.196,48.412903,32.2,6 / 25,35758,2022-01-10 17:05:08:287
-0.707079,1.611566,7.348957,0.009983,3.525585,9.150985,-0.776472,-1.376717,-1.030489,1.008643,-3.09104,-2.678528,26.0,0.825,-21.375,-31.275,152.6022,-20.0689,10.6995,5.0,40.65421,48.84395,2.3533325,357.2427,NaN,2.196,48.412903,32.2,6 / 25,35762,2022-01-10 17:05:08:291
-0.707079,1.611566,7.348957,0.009983,3.525585,9.150985,-0.776472,-1.376717,-1.030489,1.008643,-3.09104,-2.678528,26.0,0.825,-21.375,-31.275,152.6022,-20.0689,10.6995,5.0,40.65421,48.84395,2.3533325,357.2427,NaN,2.196,48.412903,32.2,6 / 25,35768,2022-01-10 17:05:08:297
-0.707079,1.611566,7.348957,0.009983,3.525585,9.150985,-0.776472,-1.376717,-1.030489,1.008643,-3.09104,-2.678528,26.0,0.825,-21.375,-31.275,152.6022,-20.0689,10.6995,5.0,40.65421,48.84395,2.3533325,357.2427,NaN,2.196,48.412903,32.2,6 / 25,35772,2022-01-10 17:05:08:301
-0.707079,1.611566,7.348957,0.009983,3.525585,9.150985,-0.776472,-1.376717,-1.030489,1.008643,-3.09104,-2.678528,26.0,0.825,-21.375,-31.275,152.6022,-20.0689,10.6995,5.0,40.65421,48.84395,2.3533325,357.2427,NaN,2.196,48.412903,32.2,6 / 25,35777,2022-01-10 17:05:08:306
-0.707079,1.611566,7.348957,0.009983,3.525585,9.150985,-0.776472,-1.376717,-1.030489,1.008643,-3.09104,-2.678528,26.0,0.825,-21.375,-31.275,152.6022,-20.0689,10.6995,5.0,40.65421,48.84395,2.3533325,357.2427,NaN,2.196,48.412903,32.2,6 / 25,35783,2022-01-10 17:05:08:312
-0.707079,1.611566,7.348957,0.009983,3.525585,9.150985,-0.776472,-1.376717,-1.030489,1.008643,-3.09104,-2.678528,26.0,0.825,-21.375,-31.275,152.6022,-20.0689,10.6995,5.0,40.65421,48.84395,2.3533325,357.2427,NaN,2.196,48.412903,32.2,6 / 25,35788,2022-01-10 17:05:08:317
-0.707079,1.611566,7.348957,0.009983,3.525585,9.150985,-0.776472,-1.376717,-1.030489,1.008643,-3.09104,-2.678528,26.0,0.825,-21.375,-31.275,152.6022,-20.0689,10.6995,5.0,40.65421,48.84395,2.3533325,357.2427,NaN,2.196,48.412903,32.2,6 / 25,35792,2022-01-10 17:05:08:321
-0.707079,1.611566,7.348957,0.009983,3.525585,9.150985,-0.776472,-1.376717,-1.030489,1.008643,-3.09104,-2.678528,26.0,7.65,-25.05,-29.325,211.895,-21.0701,-0.0625,5.0,40.65421,48.84395,2.3533325,357.2427,NaN,2.196,48.412903,32.2,6 / 25,35797,2022-01-10 17:05:08:326
-0.707079,1.611566,7.348957,0.009983,3.525585,9.150985,-0.776472,-1.376717,-1.030489,1.008643,-3.09104,-2.678528,26.0,7.65,-25.05,-29.325,211.895,-21.0701,-0.0625,5.0,40.65421,48.84395,2.3533325,357.2427,NaN,2.196,48.412903,32.2,6 / 25,35802,2022-01-10 17:05:08:331
-0.707079,1.611566,7.348957,0.009983,3.525585,9.150985,-0.776472,-1.376717,-1.030489,1.008643,-3.09104,-2.678528,26.0,7.65,-25.05,-29.325,211.895,-21.0701,-0.0625,5.0,40.65421,48.84395,2.3533325,357.2427,NaN,2.196,48.412903,32.2,6 / 25,35808,2022-01-10 17:05:08:337
-0.707079,1.611566,7.348957,0.009983,3.525585,9.150985,-0.776472,-1.376717,-1.030489,1.008643,-3.09104,-2.678528,26.0,7.65,-25.05,-29.325,211.895,-21.0701,-0.0625,5.0,40.65421,48.84395,2.3533325,357.2427,NaN,2.196,48.412903,32.2,6 / 25,35812,2022-01-10 17:05:08:341
-0.707079,1.611566,7.348957,0.009983,3.525585,9.150985,-0.776472,-1.376717,-1.030489,1.008643,-3.09104,-2.678528,26.0,7.65,-25.05,-29.325,211.895,-21.0701,-0.0625,5.0,40.65421,48.84395,2.3533325,357.2427,NaN,2.196,48.412903,32.2,6 / 25,35818,2022-01-10 17:05:08:347
-0.707079,1.611566,7.348957,0.009983,3.525585,9.150985,-0.776472,-1.376717,-1.030489,1.008643,-3.09104,-2.678528,26.0,7.65,-25.05,-29.325,211.895,-21.0701,-0.0625,5.0,40.65421,48.84395,2.3533325,357.2427,NaN,2.196,48.412903,32.2,6 / 25,35822,2022-01-10 17:05:08:351
0.064307,3.285944,12.662219,0.009983,3.525585,9.150985,-0.776472,-1.376717,-1.030489,1.008643,-3.09104,-2.678528,26.0,7.65,-25.05,-29.325,211.895,-21.0701,-0.0625,5.0,40.65421,48.84395,2.3533325,357.2427,NaN,2.196,48.412903,32.2,6 / 25,35828,2022-01-10 17:05:08:357
0.064307,3.285944,12.662219,0.009983,3.525585,9.150985,-0.776472,-1.376717,-1.030489,-0.153394,-0.174299,-1.529142,26.0,7.65,-25.05,-29.325,211.895,-21.0701,-0.0625,5.0,40.65421,48.84395,2.3533325,357.2427,NaN,2.196,48.412903,32.2,6 / 25,35833,2022-01-10 17:05:08:362
0.064307,3.285944,12.662219,0.009983,3.525585,9.150985,-0.776472,-1.376717,-1.030489,-0.153394,-0.174299,-1.529142,26.0,7.65,-25.05,-29.325,211.895,-21.0701,-0.0625,5.0,40.65421,48.84395,2.3533325,357.2427,NaN,2.196,48.412903,32.2,6 / 25,35837,2022-01-10 17:05:08:366
0.064307,3.285944,12.662219,0.009983,3.525585,9.150985,-0.776472,-1.376717,-1.030489,-0.153394,-0.174299,-1.529142,29.0,7.65,-25.05,-29.325,211.895,-21.0701,-0.0625,5.0,40.65421,48.84395,2.3533325,357.2427,NaN,2.196,48.412903,32.2,6 / 25,35854,2022-01-10 17:05:08:383
0.064307,3.285944,12.662219,0.009983,3.525585,9.150985,-0.776472,-1.376717,-1.030489,-0.153394,-0.174299,-1.529142,29.0,7.65,-25.05,-29.325,211.895,-21.0701,-0.0625,5.0,40.65421,48.84395,2.3533325,357.2427,NaN,2.196,48.412903,32.2,6 / 25,35856,2022-01-10 17:05:08:385
0.064307,3.285944,12.662219,0.009983,3.525585,9.150985,-0.776472,-1.376717,-1.030489,-0.153394,-0.174299,-1.529142,29.0,7.65,-25.05,-29.325,211.895,-21.0701,-0.0625,5.0,40.65421,48.84395,2.3533325,357.2427,NaN,2.196,48.412903,32.2,6 / 25,35856,2022-01-10 17:05:08:385
0.064307,3.285944,12.662219,0.009983,3.525585,9.150985,-0.776472,-1.376717,-1.030489,-0.153394,-0.174299,-1.529142,29.0,7.65,-25.05,-29.325,211.895,-21.0701,-0.0625,5.0,40.65421,48.84395,2.3533325,357.2427,NaN,2.196,48.412903,32.2,6 / 25,35859,2022-01-10 17:05:08:388
0.064307,3.285944,12.662219,0.009983,3.525585,9.150985,-0.776472,-1.376717,-1.030489,-0.153394,-0.174299,-1.529142,29.0,7.65,-25.05,-29.325,211.895,-21.0701,-0.0625,5.0,40.65421,48.843964,2.3533332,355.3036,NaN,2.016,51.870964,5.4,6 / 25,35864,2022-01-10 17:05:08:393
0.064307,3.285944,12.662219,-0.219716,3.246342,9.251128,0.189263,0.28055,3.378365,-0.153394,-0.174299,-1.529142,29.0,7.65,-25.05,-29.325,211.895,-21.0701,-0.0625,5.0,40.65421,48.843964,2.3533332,355.3036,NaN,2.016,51.870964,5.4,6 / 25,35868,2022-01-10 17:05:08:397
0.064307,3.285944,12.662219,-0.219716,3.246342,9.251128,0.189263,0.28055,3.378365,-0.153394,-0.174299,-1.529142,29.0,7.65,-25.05,-29.325,211.895,-21.0701,-0.0625,5.0,40.65421,48.843964,2.3533332,355.3036,NaN,2.016,51.870964,5.4,6 / 25,35873,2022-01-10 17:05:08:402
0.064307,3.285944,12.662219,-0.219716,3.246342,9.251128,0.189263,0.28055,3.378365,-0.153394,-0.174299,-1.529142,29.0,7.65,-25.05,-29.325,211.895,-21.0701,-0.0625,5.0,40.65421,48.843964,2.3533332,355.3036,NaN,2.016,51.870964,5.4,6 / 25,35877,2022-01-10 17:05:08:406
0.064307,3.285944,12.662219,-0.219716,3.246342,9.251128,0.189263,0.28055,3.378365,-0.153394,-0.174299,-1.529142,29.0,7.65,-25.05,-29.325,211.895,-21.0701,-0.0625,5.0,40.65421,48.843964,2.3533332,355.3036,NaN,2.016,51.870964,5.4,6 / 25,35883,2022-01-10 17:05:08:412
0.064307,3.285944,12.662219,-0.219716,3.246342,9.251128,0.189263,0.28055,3.378365,-0.153394,-0.174299,-1.529142,29.0,7.65,-25.05,-29.325,211.895,-21.0701,-0.0625,5.0,40.65421,48.843964,2.3533332,355.3036,NaN,2.016,51.870964,5.4,6 / 25,35888,2022-01-10 17:05:08:417
0.064307,3.285944,12.662219,-0.219716,3.246342,9.251128,0.189263,0.28055,3.378365,-0.153394,-0.174299,-1.529142,29.0,7.65,-25.05,-29.325,211.895,-21.0701,-0.0625,5.0,40.65421,48.843964,2.3533332,355.3036,NaN,2.016,51.870964,5.4,6 / 25,35892,2022-01-10 17:05:08:421
0.064307,3.285944,12.662219,-0.219716,3.246342,9.251128,0.189263,0.28055,3.378365,-0.153394,-0.174299,-1.529142,29.0,7.65,-25.05,-29.325,211.895,-21.0701,-0.0625,5.0,40.65421,48.843964,2.3533332,355.3036,NaN,2.016,51.870964,5.4,6 / 25,35898,2022-01-10 17:05:08:427
0.064307,3.285944,12.662219,-0.219716,3.246342,9.251128,0.189263,0.28055,3.378365,-0.153394,-0.174299,-1.529142,29.0,7.65,-25.05,-29.325,211.895,-21.0701,-0.0625,5.0,40.65421,48.843964,2.3533332,355.3036,NaN,2.016,51.870964,5.4,6 / 25,35903,2022-01-10 17:05:08:432
0.064307,3.285944,12.662219,-0.219716,3.246342,9.251128,0.189263,0.28055,3.378365,-0.153394,-0.174299,-1.529142,29.0,7.65,-25.05,-29.325,211.895,-21.0701,-0.0625,5.0,40.65421,48.843964,2.3533332,355.3036,NaN,2.016,51.870964,5.4,6 / 25,35908,2022-01-10 17:05:08:437
0.064307,3.285944,12.662219,-0.219716,3.246342,9.251128,0.189263,0.28055,3.378365,-0.153394,-0.174299,-1.529142,29.0,7.65,-25.05,-29.325,211.895,-21.0701,-0.0625,5.0,40.65421,48.843964,2.3533332,355.3036,NaN,2.016,51.870964,5.4,6 / 25,35914,2022-01-10 17:05:08:443
0.064307,3.285944,12.662219,-0.219716,3.246342,9.251128,0.189263,0.28055,3.378365,-0.153394,-0.174299,-1.529142,29.0,7.65,-25.05,-29.325,211.895,-21.0701,-0.0625,5.0,40.65421,48.843964,2.3533332,355.3036,NaN,2.016,51.870964,5.4,6 / 25,35919,2022-01-10 17:05:08:448
0.064307,3.285944,12.662219,-0.219716,3.246342,9.251128,0.189263,0.28055,3.378365,-0.153394,-0.174299,-1.529142,29.0,7.65,-25.05,-29.325,211.895,-21.0701,-0.0625,5.0,40.65421,48.843964,2.3533332,355.3036,NaN,2.016,51.870964,5.4,6 / 25,35923,2022-01-10 17:05:08:452
0.064307,3.285944,12.662219,-0.219716,3.246342,9.251128,0.189263,0.28055,3.378365,-0.153394,-0.174299,-1.529142,29.0,7.65,-25.05,-29.325,211.895,-21.0701,-0.0625,5.0,40.65421,48.843964,2.3533332,355.3036,NaN,2.016,51.870964,5.4,6 / 25,35929,2022-01-10 17:05:08:458
0.064307,3.285944,12.662219,-0.219716,3.246342,9.251128,0.189263,0.28055,3.378365,-0.153394,-0.174299,-1.529142,29.0,7.65,-25.05,-29.325,211.895,-21.0701,-0.0625,5.0,40.65421,48.843964,2.3533332,355.3036,NaN,2.016,51.870964,5.4,6 / 25,35933,2022-01-10 17:05:08:462
0.531506,3.923332,10.829617,-0.219716,3.246342,9.251128,0.189263,0.28055,3.378365,-0.153394,-0.174299,-1.529142,29.0,13.875,-25.425,-28.35,223.1643,-19.3316,1.3605,5.0,40.65421,48.843964,2.3533332,355.3036,NaN,2.016,51.870964,5.4,6 / 25,35939,2022-01-10 17:05:08:468
0.531506,3.923332,10.829617,-0.219716,3.246342,9.251128,0.189263,0.28055,3.378365,-0.153394,-0.174299,-1.529142,29.0,13.875,-25.425,-28.35,223.1643,-19.3316,1.3605,5.0,40.65421,48.843964,2.3533332,355.3036,NaN,2.016,51.870964,5.4,6 / 25,35942,2022-01-10 17:05:08:471
0.531506,3.923332,10.829617,-0.219716,3.246342,9.251128,0.189263,0.28055,3.378365,-0.153394,-0.174299,-1.529142,29.0,13.875,-25.425,-28.35,223.1643,-19.3316,1.3605,5.0,40.65421,48.843964,2.3533332,355.3036,NaN,2.016,51.870964,5.4,6 / 25,35948,2022-01-10 17:05:08:477
0.531506,3.923332,10.829617,-0.219716,3.246342,9.251128,0.189263,0.28055,3.378365,-0.153394,-0.174299,-1.529142,29.0,13.875,-25.425,-28.35,223.1643,-19.3316,1.3605,5.0,40.65421,48.843964,2.3533332,355.3036,NaN,2.016,51.870964,5.4,6 / 25,35954,2022-01-10 17:05:08:483
0.531506,3.923332,10.829617,-0.219716,3.246342,9.251128,0.189263,0.28055,3.378365,-0.153394,-0.174299,-1.529142,29.0,13.875,-25.425,-28.35,223.1643,-19.3316,1.3605,5.0,40.65421,48.843964,2.3533332,355.3036,NaN,2.016,51.870964,5.4,6 / 25,35958,2022-01-10 17:05:08:487
0.531506,3.923332,10.829617,-0.219716,3.246342,9.251128,0.189263,0.28055,3.378365,1.901574,-0.397598,-0.703986,29.0,13.875,-25.425,-28.35,223.1643,-19.3316,1.3605,5.0,40.65421,48.843964,2.3533332,355.3036,NaN,2.016,51.870964,5.4,6 / 25,35962,2022-01-10 17:05:08:491
0.531506,3.923332,10.829617,-0.219716,3.246342,9.251128,0.189263,0.28055,3.378365,1.901574,-0.397598,-0.703986,29.0,13.875,-25.425,-28.35,223.1643,-19.3316,1.3605,5.0,40.65421,48.843964,2.3533332,355.3036,NaN,2.016,51.870964,5.4,6 / 25,35968,2022-01-10 17:05:08:497
0.531506,3.923332,10.829617,-0.219716,3.246342,9.251128,0.189263,0.28055,3.378365,1.901574,-0.397598,-0.703986,29.0,13.875,-25.425,-28.35,223.1643,-19.3316,1.3605,5.0,40.65421,48.843964,2.3533332,355.3036,NaN,2.016,51.870964,5.4,6 / 25,35972,2022-01-10 17:05:08:501
0.531506,3.923332,10.829617,-0.219716,3.246342,9.251128,0.189263,0.28055,3.378365,1.901574,-0.397598,-0.703986,29.0,13.875,-25.425,-28.35,223.1643,-19.3316,1.3605,5.0,40.65421,48.843964,2.3533332,355.3036,NaN,2.016,51.870964,5.4,6 / 25,35977,2022-01-10 17:05:08:506
0.531506,3.923332,10.829617,-0.219716,3.246342,9.251128,0.189263,0.28055,3.378365,1.901574,-0.397598,-0.703986,29.0,13.875,-25.425,-28.35,223.1643,-19.3316,1.3605,5.0,40.65421,48.843964,2.3533332,355.3036,NaN,2.016,51.870964,5.4,6 / 25,35983,2022-01-10 17:05:08:512
0.531506,3.923332,10.829617,-0.219716,3.246342,9.251128,0.189263,0.28055,3.378365,1.901574,-0.397598,-0.703986,29.0,13.875,-25.425,-28.35,223.1643,-19.3316,1.3605,5.0,40.65421,48.843964,2.3533332,355.3036,NaN,2.016,51.870964,5.4,6 / 25,35988,2022-01-10 17:05:08:517
0.531506,3.923332,10.829617,-0.219716,3.246342,9.251128,0.189263,0.28055,3.378365,1.901574,-0.397598,-0.703986,29.0,13.875,-25.425,-28.35,223.1643,-19.3316,1.3605,5.0,40.65421,48.843964,2.3533332,355.3036,NaN,2.016,51.870964,5.4,6 / 25,35992,2022-01-10 17:05:08:521
0.531506,3.923332,10.829617,-0.219716,3.246342,9.251128,0.189263,0.28055,3.378365,1.901574,-0.397598,-0.703986,29.0,13.875,-25.425,-28.35,223.1643,-19.3316,1.3605,5.0,40.65421,48.843964,2.3533332,355.3036,NaN,2.016,51.870964,5.4,6 / 25,35997,2022-01-10 17:05:08:526
0.531506,3.923332,10.829617,-0.096468,5.174024,8.330099,0.58966,0.316373,4.455213,1.901574,-0.397598,-0.703986,29.0,13.875,-25.425,-28.35,223.1643,-19.3316,1.3605,5.0,40.65421,48.843964,2.3533332,355.3036,NaN,2.016,51.870964,5.4,6 / 25,36002,2022-01-10 17:05:08:531
0.531506,3.923332,10.829617,-0.096468,5.174024,8.330099,0.58966,0.316373,4.455213,1.901574,-0.397598,-0.703986,29.0,13.875,-25.425,-28.35,223.1643,-19.3316,1.3605,5.0,40.65421,48.843964,2.3533332,355.3036,NaN,2.016,51.870964,5.4,6 / 25,36011,2022-01-10 17:05:08:540
0.531506,3.923332,10.829617,-0.096468,5.174024,8.330099,0.58966,0.316373,4.455213,1.901574,-0.397598,-0.703986,29.0,13.875,-25.425,-28.35,223.1643,-19.3316,1.3605,5.0,40.65421,48.843964,2.3533332,355.3036,NaN,2.016,51.870964,5.4,6 / 25,36012,2022-01-10 17:05:08:541
0.531506,3.923332,10.829617,-0.096468,5.174024,8.330099,0.58966,0.316373,4.455213,1.901574,-0.397598,-0.703986,29.0,13.875,-25.425,-28.35,223.1643,-19.3316,1.3605,5.0,40.65421,48.843964,2.3533332,355.3036,NaN,2.016,51.870964,5.4,6 / 25,36018,2022-01-10 17:05:08:547
0.531506,3.923332,10.829617,-0.096468,5.174024,8.330099,0.58966,0.316373,4.455213,1.901574,-0.397598,-0.703986,29.0,13.875,-25.425,-28.35,223.1643,-19.3316,1.3605,5.0,40.65421,48.843964,2.3533332,355.3036,NaN,2.016,51.870964,5.4,6 / 25,36023,2022-01-10 17:05:08:552
-0.233898,5.633602,8.120343,-0.096468,5.174024,8.330099,0.58966,0.316373,4.455213,1.901574,-0.397598,-0.703986,17.0,13.875,-25.425,-28.35,223.1643,-19.3316,1.3605,5.0,40.65421,48.843964,2.3533332,355.3036,NaN,2.016,51.870964,5.4,6 / 25,36030,2022-01-10 17:05:08:559
-0.233898,5.633602,8.120343,-0.096468,5.174024,8.330099,0.58966,0.316373,4.455213,1.901574,-0.397598,-0.703986,17.0,13.875,-25.425,-28.35,223.1643,-19.3316,1.3605,5.0,40.65421,48.843964,2.3533332,355.3036,NaN,2.016,51.870964,5.4,6 / 25,36033,2022-01-10 17:05:08:562
-0.233898,5.633602,8.120343,-0.096468,5.174024,8.330099,0.58966,0.316373,4.455213,1.901574,-0.397598,-0.703986,17.0,13.875,-25.425,-28.35,223.1643,-19.3316,1.3605,5.0,40.65421,48.843964,2.3533332,355.3036,NaN,2.016,51.870964,5.4,6 / 25,36038,2022-01-10 17:05:08:567
-0.233898,5.633602,8.120343,-0.096468,5.174024,8.330099,0.58966,0.316373,4.455213,1.901574,-0.397598,-0.703986,17.0,13.875,-25.425,-28.35,223.1643,-19.3316,1.3605,5.0,40.65421,48.843964,2.3533332,355.3036,NaN,2.016,51.870964,5.4,6 / 25,36042,2022-01-10 17:05:08:571
-0.233898,5.633602,8.120343,-0.096468,5.174024,8.330099,0.58966,0.316373,4.455213,1.901574,-0.397598,-0.703986,17.0,13.875,-25.425,-28.35,223.1643,-19.3316,1.3605,5.0,32.93662,48.843964,2.3533332,355.3036,NaN,2.016,51.870964,5.4,6 / 25,36048,2022-01-10 17:05:08:577
-0.233898,5.633602,8.120343,-0.096468,5.174024,8.330099,0.58966,0.316373,4.455213,1.901574,-0.397598,-0.703986,17.0,13.875,-25.425,-28.35,223.1643,-19.3316,1.3605,5.0,32.93662,48.843964,2.3533332,355.3036,NaN,2.016,51.870964,5.4,6 / 25,36052,2022-01-10 17:05:08:581
-0.233898,5.633602,8.120343,-0.096468,5.174024,8.330099,0.58966,0.316373,4.455213,1.901574,-0.397598,-0.703986,17.0,17.1,-24.9,-28.35,249.1178,-31.8437,0.6635,5.0,32.93662,48.843964,2.3533332,355.3036,NaN,2.016,51.870964,5.4,6 / 25,36057,2022-01-10 17:05:08:586
-0.233898,5.633602,8.120343,-0.096468,5.174024,8.330099,0.58966,0.316373,4.455213,1.901574,-0.397598,-0.703986,17.0,17.1,-24.9,-28.35,249.1178,-31.8437,0.6635,5.0,32.93662,48.843964,2.3533332,355.3036,NaN,2.016,51.870964,5.4,6 / 25,36063,2022-01-10 17:05:08:592
-0.233898,5.633602,8.120343,-0.096468,5.174024,8.330099,0.58966,0.316373,4.455213,1.901574,-0.397598,-0.703986,17.0,17.1,-24.9,-28.35,249.1178,-31.8437,0.6635,5.0,32.93662,48.843964,2.3533332,355.3036,NaN,2.016,51.870964,5.4,6 / 25,36068,2022-01-10 17:05:08:597
-0.233898,5.633602,8.120343,-0.096468,5.174024,8.330099,0.58966,0.316373,4.455213,1.901574,-0.397598,-0.703986,17.0,17.1,-24.9,-28.35,249.1178,-31.8437,0.6635,5.0,32.93662,48.843964,2.3533332,355.3036,NaN,2.016,51.870964,5.4,6 / 25,36073,2022-01-10 17:05:08:602
-0.233898,5.633602,8.120343,-0.096468,5.174024,8.330099,0.58966,0.316373,4.455213,1.901574,-0.397598,-0.703986,17.0,17.1,-24.9,-28.35,249.1178,-31.8437,0.6635,5.0,32.93662,48.843964,2.3533332,355.3036,NaN,2.016,51.870964,5.4,6 / 25,36077,2022-01-10 17:05:08:606
-0.233898,5.633602,8.120343,-0.096468,5.174024,8.330099,0.58966,0.316373,4.455213,1.901574,-0.397598,-0.703986,17.0,17.1,-24.9,-28.35,249.1178,-31.8437,0.6635,5.0,32.93662,48.843964,2.3533332,355.3036,NaN,2.016,51.870964,5.4,6 / 25,36082,2022-01-10 17:05:08:611
-0.233898,5.633602,8.120343,-0.096468,5.174024,8.330099,0.58966,0.316373,4.455213,1.901574,-0.397598,-0.703986,17.0,17.1,-24.9,-28.35,249.1178,-31.8437,0.6635,5.0,32.93662,48.843964,2.3533332,355.3036,NaN,2.016,51.870964,5.4,6 / 25,36087,2022-01-10 17:05:08:616
-0.233898,5.633602,8.120343,-0.096468,5.174024,8.330099,0.58966,0.316373,4.455213,1.901574,-0.397598,-0.703986,17.0,17.1,-24.9,-28.35,249.1178,-31.8437,0.6635,5.0,32.93662,48.843964,2.3533332,355.3036,NaN,2.016,51.870964,5.4,6 / 25,36093,2022-01-10 17:05:08:622
-0.233898,5.633602,8.120343,-0.096468,5.174024,8.330099,0.58966,0.316373,4.455213,1.901574,-0.397598,-0.703986,17.0,17.1,-24.9,-28.35,249.1178,-31.8437,0.6635,5.0,32.93662,48.843964,2.3533332,355.3036,NaN,2.016,51.870964,5.4,6 / 25,36098,2022-01-10 17:05:08:627
-0.233898,5.633602,8.120343,-0.096468,5.174024,8.330099,0.58966,0.316373,4.455213,1.901574,-0.397598,-0.703986,17.0,17.1,-24.9,-28.35,249.1178,-31.8437,0.6635,5.0,32.93662,48.843964,2.3533332,355.3036,NaN,2.016,51.870964,5.4,6 / 25,36103,2022-01-10 17:05:08:632
-0.233898,5.633602,8.120343,-0.096468,5.174024,8.330099,0.58966,0.316373,4.455213,1.901574,-0.397598,-0.703986,17.0,17.1,-24.9,-28.35,249.1178,-31.8437,0.6635,5.0,32.93662,48.843964,2.3533332,355.3036,NaN,2.016,51.870964,5.4,6 / 25,36107,2022-01-10 17:05:08:636
-1.267598,7.223035,7.326225,-0.204359,7.003132,6.861835,-0.736843,-0.62625,4.238925,2.144048,-0.072303,-0.704385,17.0,17.1,-24.9,-28.35,249.1178,-31.8437,0.6635,5.0,32.93662,48.843964,2.3533332,355.3036,NaN,2.016,51.870964,5.4,6 / 25,36112,2022-01-10 17:05:08:641
-1.267598,7.223035,7.326225,-0.204359,7.003132,6.861835,-0.736843,-0.62625,4.238925,2.144048,-0.072303,-0.704385,17.0,17.1,-24.9,-28.35,249.1178,-31.8437,0.6635,5.0,32.93662,48.843964,2.3533332,355.3036,NaN,2.016,51.870964,5.4,6 / 25,36117,2022-01-10 17:05:08:646
-1.267598,7.223035,7.326225,-0.204359,7.003132,6.861835,-0.736843,-0.62625,4.238925,2.144048,-0.072303,-0.704385,17.0,17.1,-24.9,-28.35,249.1178,-31.8437,0.6635,5.0,32.93662,48.843964,2.3533332,355.3036,NaN,2.016,51.870964,5.4,6 / 25,36122,2022-01-10 17:05:08:651
-1.267598,7.223035,7.326225,-0.204359,7.003132,6.861835,-0.736843,-0.62625,4.238925,2.144048,-0.072303,-0.704385,17.0,17.1,-24.9,-28.35,249.1178,-31.8437,0.6635,5.0,32.93662,48.843964,2.3533332,355.3036,NaN,2.016,51.870964,5.4,6 / 25,36131,2022-01-10 17:05:08:660
-1.267598,7.223035,7.326225,-0.204359,7.003132,6.861835,-0.736843,-0.62625,4.238925,2.144048,-0.072303,-0.704385,17.0,17.1,-24.9,-28.35,249.1178,-31.8437,0.6635,5.0,32.93662,48.843964,2.3533332,355.3036,NaN,2.016,51.870964,5.4,6 / 25,36133,2022-01-10 17:05:08:662
-1.267598,7.223035,7.326225,-0.204359,7.003132,6.861835,-0.736843,-0.62625,4.238925,2.144048,-0.072303,-0.704385,17.0,17.1,-24.9,-28.35,249.1178,-31.8437,0.6635,5.0,32.93662,48.843964,2.3533332,355.3036,NaN,2.016,51.870964,5.4,6 / 25,36137,2022-01-10 17:05:08:666
-1.267598,7.223035,7.326225,-0.204359,7.003132,6.861835,-0.736843,-0.62625,4.238925,2.144048,-0.072303,-0.704385,17.0,17.1,-24.9,-28.35,249.1178,-31.8437,0.6635,5.0,32.93662,48.843964,2.3533332,355.3036,NaN,2.016,51.870964,5.4,6 / 25,36143,2022-01-10 17:05:08:672
-1.267598,7.223035,7.326225,-0.204359,7.003132,6.861835,-0.736843,-0.62625,4.238925,2.144048,-0.072303,-0.704385,17.0,17.1,-24.9,-28.35,249.1178,-31.8437,0.6635,5.0,32.93662,48.843964,2.3533332,355.3036,NaN,2.016,51.870964,5.4,6 / 25,36148,2022-01-10 17:05:08:677
-1.267598,7.223035,7.326225,-0.204359,7.003132,6.861835,-0.736843,-0.62625,4.238925,2.144048,-0.072303,-0.704385,17.0,17.1,-24.9,-28.35,249.1178,-31.8437,0.6635,5.0,32.93662,48.843964,2.3533332,355.3036,NaN,2.016,51.870964,5.4,6 / 25,36152,2022-01-10 17:05:08:681
-1.267598,7.223035,7.326225,-0.204359,7.003132,6.861835,-0.736843,-0.62625,4.238925,2.144048,-0.072303,-0.704385,17.0,17.1,-24.9,-28.35,249.1178,-31.8437,0.6635,5.0,32.93662,48.843964,2.3533332,355.3036,NaN,2.016,51.870964,5.4,6 / 25,36158,2022-01-10 17:05:08:687
-1.267598,7.223035,7.326225,-0.204359,7.003132,6.861835,-0.736843,-0.62625,4.238925,2.144048,-0.072303,-0.704385,17.0,17.1,-24.9,-28.35,249.1178,-31.8437,0.6635,5.0,32.93662,48.843964,2.3533332,355.3036,NaN,2.016,51.870964,5.4,6 / 25,36163,2022-01-10 17:05:08:692
-1.267598,7.223035,7.326225,-0.204359,7.003132,6.861835,-0.736843,-0.62625,4.238925,2.144048,-0.072303,-0.704385,17.0,17.1,-24.9,-28.35,249.1178,-31.8437,0.6635,5.0,32.93662,48.843964,2.3533332,355.3036,NaN,2.016,51.870964,5.4,6 / 25,36168,2022-01-10 17:05:08:697
-1.267598,7.223035,7.326225,-0.204359,7.003132,6.861835,-0.736843,-0.62625,4.238925,2.144048,-0.072303,-0.704385,17.0,17.1,-24.9,-28.35,249.1178,-31.8437,0.6635,5.0,32.93662,48.843964,2.3533332,355.3036,NaN,2.016,51.870964,5.4,6 / 25,36172,2022-01-10 17:05:08:701
-1.267598,7.223035,7.326225,-0.204359,7.003132,6.861835,-0.736843,-0.62625,4.238925,2.144048,-0.072303,-0.704385,17.0,17.1,-24.9,-28.35,249.1178,-31.8437,0.6635,5.0,32.93662,48.843964,2.3533332,355.3036,NaN,2.016,51.870964,5.4,6 / 25,36177,2022-01-10 17:05:08:706
-1.267598,7.223035,7.326225,-0.204359,7.003132,6.861835,-0.736843,-0.62625,4.238925,2.144048,-0.072303,-0.704385,17.0,17.1,-24.9,-28.35,249.1178,-31.8437,0.6635,5.0,32.93662,48.843964,2.3533332,355.3036,NaN,2.016,51.870964,5.4,6 / 25,36183,2022-01-10 17:05:08:712
-1.267598,7.223035,7.326225,-0.204359,7.003132,6.861835,-0.736843,-0.62625,4.238925,2.144048,-0.072303,-0.704385,17.0,17.1,-24.9,-28.35,249.1178,-31.8437,0.6635,5.0,32.93662,48.843964,2.3533332,355.3036,NaN,2.016,51.870964,5.4,6 / 25,36187,2022-01-10 17:05:08:716
-1.267598,7.223035,7.326225,-0.204359,7.003132,6.861835,-0.736843,-0.62625,4.238925,2.144048,-0.072303,-0.704385,17.0,17.1,-24.9,-28.35,249.1178,-31.8437,0.6635,5.0,32.93662,48.843964,2.3533332,355.3036,NaN,2.016,51.870964,5.4,6 / 25,36192,2022-01-10 17:05:08:721
-1.267598,7.223035,7.326225,-0.204359,7.003132,6.861835,-0.736843,-0.62625,4.238925,2.144048,-0.072303,-0.704385,17.0,17.625,-25.95,-26.55,274.8379,-45.5712,1.7059,5.0,32.93662,48.843964,2.3533332,355.3036,NaN,2.016,51.870964,5.4,6 / 25,36198,2022-01-10 17:05:08:727
-1.267598,7.223035,7.326225,-0.204359,7.003132,6.861835,-0.736843,-0.62625,4.238925,2.144048,-0.072303,-0.704385,17.0,17.625,-25.95,-26.55,274.8379,-45.5712,1.7059,5.0,32.93662,48.843964,2.3533332,355.3036,NaN,2.016,51.870964,5.4,6 / 25,36202,2022-01-10 17:05:08:731
-1.267598,7.223035,7.326225,-0.204359,7.003132,6.861835,-0.736843,-0.62625,4.238925,2.144048,-0.072303,-0.704385,17.0,17.625,-25.95,-26.55,274.8379,-45.5712,1.7059,5.0,32.93662,48.843964,2.3533332,355.3036,NaN,2.016,51.870964,5.4,6 / 25,36207,2022-01-10 17:05:08:736
-1.267598,7.223035,7.326225,-0.204359,7.003132,6.861835,-0.736843,-0.62625,4.238925,2.144048,-0.072303,-0.704385,17.0,17.625,-25.95,-26.55,274.8379,-45.5712,1.7059,5.0,32.93662,48.843964,2.3533332,355.3036,NaN,2.016,51.870964,5.4,6 / 25,36212,2022-01-10 17:05:08:741
-1.267598,7.223035,7.326225,-0.204359,7.003132,6.861835,-0.736843,-0.62625,4.238925,2.144048,-0.072303,-0.704385,17.0,17.625,-25.95,-26.55,274.8379,-45.5712,1.7059,5.0,32.93662,48.843964,2.3533332,355.3036,NaN,2.016,51.870964,5.4,6 / 25,36217,2022-01-10 17:05:08:746
-1.267598,7.223035,7.326225,-0.204359,7.003132,6.861835,-0.736843,-0.62625,4.238925,2.144048,-0.072303,-0.704385,17.0,17.625,-25.95,-26.55,274.8379,-45.5712,1.7059,5.0,32.93662,48.843964,2.3533332,355.3036,NaN,2.016,51.870964,5.4,6 / 25,36222,2022-01-10 17:05:08:751
-1.267598,7.223035,7.326225,-0.204359,7.003132,6.861835,-0.736843,-0.62625,4.238925,2.144048,-0.072303,-0.704385,17.0,17.625,-25.95,-26.55,274.8379,-45.5712,1.7059,5.0,32.93662,48.843964,2.3533332,355.3036,NaN,2.016,51.870964,5.4,6 / 25,36227,2022-01-10 17:05:08:756
0.755534,7.267302,5.045566,-0.204359,7.003132,6.861835,-0.736843,-0.62625,4.238925,2.144048,-0.072303,-0.704385,17.0,17.625,-25.95,-26.55,274.8379,-45.5712,1.7059,5.0,32.93662,48.843964,2.3533332,355.3036,NaN,2.016,51.870964,5.4,6 / 25,36233,2022-01-10 17:05:08:762
0.755534,7.267302,5.045566,-0.204359,7.003132,6.861835,-0.736843,-0.62625,4.238925,2.144048,-0.072303,-0.704385,17.0,17.625,-25.95,-26.55,274.8379,-45.5712,1.7059,5.0,32.93662,48.843964,2.3533332,355.3036,NaN,2.016,51.870964,5.4,6 / 25,36238,2022-01-10 17:05:08:767
0.755534,7.267302,5.045566,-0.204359,7.003132,6.861835,-0.736843,-0.62625,4.238925,2.144048,-0.072303,-0.704385,17.0,17.625,-25.95,-26.55,274.8379,-45.5712,1.7059,5.0,32.93662,48.843964,2.3533332,355.3036,NaN,2.016,51.870964,5.4,6 / 25,36244,2022-01-10 17:05:08:773
0.755534,7.267302,5.045566,-0.204359,7.003132,6.861835,-0.736843,-0.62625,4.238925,2.144048,-0.072303,-0.704385,17.0,17.625,-25.95,-26.55,274.8379,-45.5712,1.7059,5.0,32.93662,48.843964,2.3533332,355.3036,NaN,2.016,51.870964,5.4,6 / 25,36248,2022-01-10 17:05:08:777
0.755534,7.267302,5.045566,-0.017333,8.293398,5.233512,-0.397386,0.579341,2.248195,1.748846,0.516505,0.50745,17.0,17.625,-25.95,-26.55,274.8379,-45.5712,1.7059,5.0,32.93662,48.843964,2.3533332,355.3036,NaN,2.016,51.870964,5.4,6 / 25,36252,2022-01-10 17:05:08:781
0.755534,7.267302,5.045566,-0.017333,8.293398,5.233512,-0.397386,0.579341,2.248195,1.748846,0.516505,0.50745,17.0,17.625,-25.95,-26.55,274.8379,-45.5712,1.7059,5.0,32.93662,48.843964,2.3533332,355.3036,NaN,2.016,51.870964,5.4,6 / 25,36257,2022-01-10 17:05:08:786
0.755534,7.267302,5.045566,-0.017333,8.293398,5.233512,-0.397386,0.579341,2.248195,1.748846,0.516505,0.50745,17.0,17.625,-25.95,-26.55,274.8379,-45.5712,1.7059,5.0,32.93662,48.843964,2.3533332,355.3036,NaN,2.016,51.870964,5.4,6 / 25,36263,2022-01-10 17:05:08:792
0.755534,7.267302,5.045566,-0.017333,8.293398,5.233512,-0.397386,0.579341,2.248195,1.748846,0.516505,0.50745,17.0,17.625,-25.95,-26.55,274.8379,-45.5712,1.7059,5.0,32.93662,48.843964,2.3533332,355.3036,NaN,2.016,51.870964,5.4,6 / 25,36269,2022-01-10 17:05:08:798
0.755534,7.267302,5.045566,-0.017333,8.293398,5.233512,-0.397386,0.579341,2.248195,1.748846,0.516505,0.50745,17.0,17.625,-25.95,-26.55,274.8379,-45.5712,1.7059,5.0,32.93662,48.843964,2.3533332,355.3036,NaN,2.016,51.870964,5.4,6 / 25,36273,2022-01-10 17:05:08:802
0.755534,7.267302,5.045566,-0.017333,8.293398,5.233512,-0.397386,0.579341,2.248195,1.748846,0.516505,0.50745,17.0,17.625,-25.95,-26.55,274.8379,-45.5712,1.7059,5.0,32.93662,48.843964,2.3533332,355.3036,NaN,2.016,51.870964,5.4,6 / 25,36278,2022-01-10 17:05:08:807
0.755534,7.267302,5.045566,-0.017333,8.293398,5.233512,-0.397386,0.579341,2.248195,1.748846,0.516505,0.50745,17.0,17.625,-25.95,-26.55,274.8379,-45.5712,1.7059,5.0,32.93662,48.843964,2.3533332,355.3036,NaN,2.016,51.870964,5.4,6 / 25,36283,2022-01-10 17:05:08:812
0.755534,7.267302,5.045566,-0.017333,8.293398,5.233512,-0.397386,0.579341,2.248195,1.748846,0.516505,0.50745,17.0,17.625,-25.95,-26.55,274.8379,-45.5712,1.7059,5.0,32.93662,48.843964,2.3533332,355.3036,NaN,2.016,51.870964,5.4,6 / 25,36288,2022-01-10 17:05:08:817
0.755534,7.267302,5.045566,-0.017333,8.293398,5.233512,-0.397386,0.579341,2.248195,1.748846,0.516505,0.50745,17.0,17.625,-25.95,-26.55,274.8379,-45.5712,1.7059,5.0,32.93662,48.843964,2.3533332,355.3036,NaN,2.016,51.870964,5.4,6 / 25,36295,2022-01-10 17:05:08:824
0.755534,7.267302,5.045566,-0.017333,8.293398,5.233512,-0.397386,0.579341,2.248195,1.748846,0.516505,0.50745,17.0,17.625,-25.95,-26.55,274.8379,-45.5712,1.7059,5.0,32.93662,48.843964,2.3533332,355.3036,NaN,2.016,51.870964,5.4,6 / 25,36298,2022-01-10 17:05:08:827
0.755534,7.267302,5.045566,-0.017333,8.293398,5.233512,-0.397386,0.579341,2.248195,1.748846,0.516505,0.50745,17.0,17.625,-25.95,-26.55,274.8379,-45.5712,1.7059,5.0,32.93662,48.843964,2.3533332,355.3036,NaN,2.016,51.870964,5.4,6 / 25,36303,2022-01-10 17:05:08:832
0.755534,7.267302,5.045566,-0.017333,8.293398,5.233512,-0.397386,0.579341,2.248195,1.748846,0.516505,0.50745,17.0,17.625,-25.95,-26.55,274.8379,-45.5712,1.7059,5.0,32.93662,48.843964,2.3533332,355.3036,NaN,2.016,51.870964,5.4,6 / 25,36309,2022-01-10 17:05:08:838
0.755534,7.267302,5.045566,-0.017333,8.293398,5.233512,-0.397386,0.579341,2.248195,1.748846,0.516505,0.50745,17.0,17.625,-25.95,-26.55,274.8379,-45.5712,1.7059,5.0,32.93662,48.843964,2.3533332,355.3036,NaN,2.016,51.870964,5.4,6 / 25,36316,2022-01-10 17:05:08:845
0.755534,7.267302,5.045566,-0.017333,8.293398,5.233512,-0.397386,0.579341,2.248195,1.748846,0.516505,0.50745,17.0,17.625,-25.95,-26.55,274.8379,-45.5712,1.7059,5.0,32.93662,48.843964,2.3533332,355.3036,NaN,2.016,51.870964,5.4,6 / 25,36317,2022-01-10 17:05:08:846
0.755534,7.267302,5.045566,-0.017333,8.293398,5.233512,-0.397386,0.579341,2.248195,1.748846,0.516505,0.50745,17.0,17.625,-25.95,-26.55,274.8379,-45.5712,1.7059,5.0,32.93662,48.843964,2.3533332,355.3036,NaN,2.016,51.870964,5.4,6 / 25,36323,2022-01-10 17:05:08:852
0.755534,7.267302,5.045566,-0.017333,8.293398,5.233512,-0.397386,0.579341,2.248195,1.748846,0.516505,0.50745,17.0,17.625,-25.95,-26.55,274.8379,-45.5712,1.7059,5.0,32.93662,48.843964,2.3533332,355.3036,NaN,2.016,51.870964,5.4,6 / 25,36328,2022-01-10 17:05:08:857
0.755534,7.267302,5.045566,-0.017333,8.293398,5.233512,-0.397386,0.579341,2.248195,1.748846,0.516505,0.50745,17.0,17.625,-25.95,-26.55,274.8379,-45.5712,1.7059,5.0,32.93662,48.843964,2.3533332,355.3036,NaN,2.016,51.870964,5.4,6 / 25,36332,2022-01-10 17:05:08:861
0.443869,7.293623,3.763013,-0.017333,8.293398,5.233512,-0.397386,0.579341,2.248195,1.748846,0.516505,0.50745,17.0,17.7,-29.1,-21.675,280.0558,-57.7461,0.1898,5.0,32.93662,48.843964,2.3533332,355.3036,NaN,2.016,51.870964,5.4,6 / 25,36337,2022-01-10 17:05:08:866
0.443869,7.293623,3.763013,-0.017333,8.293398,5.233512,-0.397386,0.579341,2.248195,1.748846,0.516505,0.50745,17.0,17.7,-29.1,-21.675,280.0558,-57.7461,0.1898,5.0,32.93662,48.843964,2.3533332,355.3036,NaN,2.016,51.870964,5.4,6 / 25,36343,2022-01-10 17:05:08:872
0.443869,7.293623,3.763013,-0.017333,8.293398,5.233512,-0.397386,0.579341,2.248195,1.748846,0.516505,0.50745,17.0,17.7,-29.1,-21.675,280.0558,-57.7461,0.1898,5.0,32.93662,48.843964,2.3533332,355.3036,NaN,2.016,51.870964,5.4,6 / 25,36348,2022-01-10 17:05:08:877
0.443869,7.293623,3.763013,-0.017333,8.293398,5.233512,-0.397386,0.579341,2.248195,1.748846,0.516505,0.50745,17.0,17.7,-29.1,-21.675,280.0558,-57.7461,0.1898,5.0,32.93662,48.843964,2.3533332,355.3036,NaN,2.016,51.870964,5.4,6 / 25,36352,2022-01-10 17:05:08:881
0.443869,7.293623,3.763013,0.083234,9.078113,3.708279,-0.048857,0.039814,0.920415,1.748846,0.516505,0.50745,17.0,17.7,-29.1,-21.675,280.0558,-57.7461,0.1898,5.0,32.93662,48.843964,2.3533332,355.3036,NaN,2.016,51.870964,5.4,6 / 25,36357,2022-01-10 17:05:08:886
0.443869,7.293623,3.763013,0.083234,9.078113,3.708279,-0.048857,0.039814,0.920415,1.748846,0.516505,0.50745,17.0,17.7,-29.1,-21.675,280.0558,-57.7461,0.1898,5.0,32.93662,48.843964,2.3533332,355.3036,NaN,2.016,51.870964,5.4,6 / 25,36362,2022-01-10 17:05:08:891
0.443869,7.293623,3.763013,0.083234,9.078113,3.708279,-0.048857,0.039814,0.920415,1.396387,-0.413976,-0.074167,17.0,17.7,-29.1,-21.675,280.0558,-57.7461,0.1898,5.0,32.93662,48.843964,2.3533332,355.3036,NaN,2.016,51.870964,5.4,6 / 25,36368,2022-01-10 17:05:08:897
0.443869,7.293623,3.763013,0.083234,9.078113,3.708279,-0.048857,0.039814,0.920415,1.396387,-0.413976,-0.074167,17.0,17.7,-29.1,-21.675,280.0558,-57.7461,0.1898,5.0,32.93662,48.843964,2.3533332,355.3036,NaN,2.016,51.870964,5.4,6 / 25,36373,2022-01-10 17:05:08:902
0.443869,7.293623,3.763013,0.083234,9.078113,3.708279,-0.048857,0.039814,0.920415,1.396387,-0.413976,-0.074167,17.0,17.7,-29.1,-21.675,280.0558,-57.7461,0.1898,5.0,27.96405,48.843964,2.3533332,355.3036,NaN,2.016,51.870964,5.4,6 / 25,36378,2022-01-10 17:05:08:907
0.443869,7.293623,3.763013,0.083234,9.078113,3.708279,-0.048857,0.039814,0.920415,1.396387,-0.413976,-0.074167,17.0,17.7,-29.1,-21.675,280.0558,-57.7461,0.1898,5.0,27.96405,48.843964,2.3533332,355.3036,NaN,2.016,51.870964,5.4,6 / 25,36384,2022-01-10 17:05:08:913
0.443869,7.293623,3.763013,0.083234,9.078113,3.708279,-0.048857,0.039814,0.920415,1.396387,-0.413976,-0.074167,17.0,17.7,-29.1,-21.675,280.0558,-57.7461,0.1898,5.0,27.96405,48.843964,2.3533332,355.3036,NaN,2.016,51.870964,5.4,6 / 25,36388,2022-01-10 17:05:08:917
0.443869,7.293623,3.763013,0.083234,9.078113,3.708279,-0.048857,0.039814,0.920415,1.396387,-0.413976,-0.074167,17.0,17.7,-29.1,-21.675,280.0558,-57.7461,0.1898,5.0,27.96405,48.843964,2.3533332,355.3036,NaN,2.016,51.870964,5.4,6 / 25,36393,2022-01-10 17:05:08:922
0.443869,7.293623,3.763013,0.083234,9.078113,3.708279,-0.048857,0.039814,0.920415,1.396387,-0.413976,-0.074167,17.0,17.7,-29.1,-21.675,280.0558,-57.7461,0.1898,5.0,27.96405,48.843964,2.3533332,355.3036,NaN,2.016,51.870964,5.4,6 / 25,36397,2022-01-10 17:05:08:926
0.443869,7.293623,3.763013,0.083234,9.078113,3.708279,-0.048857,0.039814,0.920415,1.396387,-0.413976,-0.074167,17.0,17.7,-29.1,-21.675,280.0558,-57.7461,0.1898,5.0,27.96405,48.843964,2.3533332,355.3036,NaN,2.016,51.870964,5.4,6 / 25,36403,2022-01-10 17:05:08:932
0.443869,7.293623,3.763013,0.083234,9.078113,3.708279,-0.048857,0.039814,0.920415,1.396387,-0.413976,-0.074167,17.0,17.7,-29.1,-21.675,280.0558,-57.7461,0.1898,5.0,27.96405,48.843964,2.3533332,355.3036,NaN,2.016,51.870964,5.4,6 / 25,36408,2022-01-10 17:05:08:937
0.443869,7.293623,3.763013,0.083234,9.078113,3.708279,-0.048857,0.039814,0.920415,1.396387,-0.413976,-0.074167,17.0,17.7,-29.1,-21.675,280.0558,-57.7461,0.1898,5.0,27.96405,48.843964,2.3533332,355.3036,NaN,2.016,51.870964,5.4,6 / 25,36413,2022-01-10 17:05:08:942
0.443869,7.293623,3.763013,0.083234,9.078113,3.708279,-0.048857,0.039814,0.920415,1.396387,-0.413976,-0.074167,17.0,17.7,-29.1,-21.675,280.0558,-57.7461,0.1898,5.0,27.96405,48.843964,2.3533332,355.3036,NaN,2.016,51.870964,5.4,6 / 25,36418,2022-01-10 17:05:08:947
0.443869,7.293623,3.763013,0.083234,9.078113,3.708279,-0.048857,0.039814,0.920415,1.396387,-0.413976,-0.074167,17.0,17.7,-29.1,-21.675,280.0558,-57.7461,0.1898,5.0,27.96405,48.843964,2.3533332,355.3036,NaN,2.016,51.870964,5.4,6 / 25,36423,2022-01-10 17:05:08:952
0.828515,8.199306,1.924428,0.083234,9.078113,3.708279,-0.048857,0.039814,0.920415,1.396387,-0.413976,-0.074167,17.0,17.7,-29.1,-21.675,280.0558,-57.7461,0.1898,5.0,27.96405,48.843964,2.3533332,355.3036,NaN,2.016,51.870964,5.4,6 / 25,36428,2022-01-10 17:05:08:957
0.828515,8.199306,1.924428,0.083234,9.078113,3.708279,-0.048857,0.039814,0.920415,1.396387,-0.413976,-0.074167,17.0,17.7,-29.1,-21.675,280.0558,-57.7461,0.1898,5.0,27.96405,48.843964,2.3533332,355.3036,NaN,2.016,51.870964,5.4,6 / 25,36434,2022-01-10 17:05:08:963
0.828515,8.199306,1.924428,0.083234,9.078113,3.708279,-0.048857,0.039814,0.920415,1.396387,-0.413976,-0.074167,17.0,17.7,-29.1,-21.675,280.0558,-57.7461,0.1898,5.0,27.96405,48.843964,2.3533332,355.3036,NaN,2.016,51.870964,5.4,6 / 25,36439,2022-01-10 17:05:08:968
0.828515,8.199306,1.924428,0.083234,9.078113,3.708279,-0.048857,0.039814,0.920415,1.396387,-0.413976,-0.074167,17.0,17.7,-29.1,-21.675,280.0558,-57.7461,0.1898,5.0,27.96405,48.843964,2.3533332,355.3036,NaN,2.016,51.870964,5.4,6 / 25,36443,2022-01-10 17:05:08:972
0.828515,8.199306,1.924428,0.083234,9.078113,3.708279,-0.048857,0.039814,0.920415,1.396387,-0.413976,-0.074167,17.0,17.7,-29.1,-21.675,280.0558,-57.7461,0.1898,5.0,27.96405,48.843964,2.3533332,355.3036,NaN,2.016,51.870964,5.4,6 / 25,36447,2022-01-10 17:05:08:976
0.828515,8.199306,1.924428,0.083234,9.078113,3.708279,-0.048857,0.039814,0.920415,1.396387,-0.413976,-0.074167,17.0,17.7,-29.1,-21.675,280.0558,-57.7461,0.1898,5.0,27.96405,48.843964,2.3533332,355.3036,NaN,2.016,51.870964,5.4,6 / 25,36454,2022-01-10 17:05:08:983
0.828515,8.199306,1.924428,0.083234,9.078113,3.708279,-0.048857,0.039814,0.920415,1.396387,-0.413976,-0.074167,17.0,16.95,-33.075,-14.925,273.4578,-67.7756,-1.2858,5.0,27.96405,48.843964,2.3533332,355.3036,NaN,2.016,51.870964,5.4,6 / 25,36458,2022-01-10 17:05:08:987
0.828515,8.199306,1.924428,0.083234,9.078113,3.708279,-0.048857,0.039814,0.920415,1.396387,-0.413976,-0.074167,17.0,16.95,-33.075,-14.925,273.4578,-67.7756,-1.2858,5.0,27.96405,48.843964,2.3533332,355.3036,NaN,2.016,51.870964,5.4,6 / 25,36462,2022-01-10 17:05:08:991
0.828515,8.199306,1.924428,0.083234,9.078113,3.708279,-0.048857,0.039814,0.920415,1.396387,-0.413976,-0.074167,17.0,16.95,-33.075,-14.925,273.4578,-67.7756,-1.2858,5.0,27.96405,48.843964,2.3533332,355.3036,NaN,2.016,51.870964,5.4,6 / 25,36468,2022-01-10 17:05:08:997
0.828515,8.199306,1.924428,0.083234,9.078113,3.708279,-0.048857,0.039814,0.920415,1.396387,-0.413976,-0.074167,17.0,16.95,-33.075,-14.925,273.4578,-67.7756,-1.2858,5.0,27.96405,48.843964,2.3533332,355.3036,NaN,2.016,51.870964,5.4,6 / 25,36473,2022-01-10 17:05:09:002
0.828515,8.199306,1.924428,0.083234,9.078113,3.708279,-0.048857,0.039814,0.920415,1.396387,-0.413976,-0.074167,17.0,16.95,-33.075,-14.925,273.4578,-67.7756,-1.2858,5.0,27.96405,48.843964,2.3533332,355.3036,NaN,2.016,51.870964,5.4,6 / 25,36479,2022-01-10 17:05:09:008
0.828515,8.199306,1.924428,0.083234,9.078113,3.708279,-0.048857,0.039814,0.920415,1.396387,-0.413976,-0.074167,17.0,16.95,-33.075,-14.925,273.4578,-67.7756,-1.2858,5.0,27.96405,48.843964,2.3533332,355.3036,NaN,2.016,51.870964,5.4,6 / 25,36483,2022-01-10 17:05:09:012
0.828515,8.199306,1.924428,-0.100998,9.399531,2.794456,0.595389,0.564942,-0.371587,1.396387,-0.413976,-0.074167,17.0,16.95,-33.075,-14.925,273.4578,-67.7756,-1.2858,5.0,27.96405,48.843964,2.3533332,355.3036,NaN,2.016,51.870964,5.4,6 / 25,36489,2022-01-10 17:05:09:018
0.828515,8.199306,1.924428,-0.100998,9.399531,2.794456,0.595389,0.564942,-0.371587,1.396387,-0.413976,-0.074167,17.0,16.95,-33.075,-14.925,273.4578,-67.7756,-1.2858,5.0,27.96405,48.843964,2.3533332,355.3036,NaN,2.016,51.870964,5.4,6 / 25,36494,2022-01-10 17:05:09:023
0.828515,8.199306,1.924428,-0.100998,9.399531,2.794456,0.595389,0.564942,-0.371587,0.194405,0.346201,-0.206389,17.0,16.95,-33.075,-14.925,273.4578,-67.7756,-1.2858,5.0,27.96405,48.843964,2.3533332,355.3036,NaN,2.016,51.870964,5.4,6 / 25,36497,2022-01-10 17:05:09:026
0.828515,8.199306,1.924428,-0.100998,9.399531,2.794456,0.595389,0.564942,-0.371587,0.194405,0.346201,-0.206389,17.0,16.95,-33.075,-14.925,273.4578,-67.7756,-1.2858,5.0,27.96405,48.843964,2.3533332,355.3036,NaN,2.016,51.870964,5.4,6 / 25,36503,2022-01-10 17:05:09:032
0.828515,8.199306,1.924428,-0.100998,9.399531,2.794456,0.595389,0.564942,-0.371587,0.194405,0.346201,-0.206389,17.0,16.95,-33.075,-14.925,273.4578,-67.7756,-1.2858,5.0,27.96405,48.843964,2.3533332,355.3036,NaN,2.016,51.870964,5.4,6 / 25,36509,2022-01-10 17:05:09:038
0.828515,8.199306,1.924428,-0.100998,9.399531,2.794456,0.595389,0.564942,-0.371587,0.194405,0.346201,-0.206389,17.0,16.95,-33.075,-14.925,273.4578,-67.7756,-1.2858,5.0,27.96405,48.843964,2.3533332,355.3036,NaN,2.016,51.870964,5.4,6 / 25,36513,2022-01-10 17:05:09:042
0.828515,8.199306,1.924428,-0.100998,9.399531,2.794456,0.595389,0.564942,-0.371587,0.194405,0.346201,-0.206389,17.0,16.95,-33.075,-14.925,273.4578,-67.7756,-1.2858,5.0,27.96405,48.843964,2.3533332,355.3036,NaN,2.016,51.870964,5.4,6 / 25,36519,2022-01-10 17:05:09:048
0.828515,8.199306,1.924428,-0.100998,9.399531,2.794456,0.595389,0.564942,-0.371587,0.194405,0.346201,-0.206389,17.0,16.95,-33.075,-14.925,273.4578,-67.7756,-1.2858,5.0,27.96405,48.843964,2.3533332,355.3036,NaN,2.016,51.870964,5.4,6 / 25,36523,2022-01-10 17:05:09:052
0.828515,8.199306,1.924428,-0.100998,9.399531,2.794456,0.595389,0.564942,-0.371587,0.194405,0.346201,-0.206389,17.0,16.95,-33.075,-14.925,273.4578,-67.7756,-1.2858,5.0,27.96405,48.843964,2.3533332,355.3036,NaN,2.016,51.870964,5.4,6 / 25,36529,2022-01-10 17:05:09:058
-0.62333,9.242577,2.618945,-0.100998,9.399531,2.794456,0.595389,0.564942,-0.371587,0.194405,0.346201,-0.206389,17.0,16.95,-33.075,-14.925,273.4578,-67.7756,-1.2858,5.0,27.96405,48.843964,2.3533332,355.3036,NaN,2.016,51.870964,5.4,6 / 25,36533,2022-01-10 17:05:09:062
-0.62333,9.242577,2.618945,-0.100998,9.399531,2.794456,0.595389,0.564942,-0.371587,0.194405,0.346201,-0.206389,17.0,16.95,-33.075,-14.925,273.4578,-67.7756,-1.2858,5.0,27.96405,48.843964,2.3533332,355.3036,NaN,2.016,51.870964,5.4,6 / 25,36539,2022-01-10 17:05:09:068
-0.62333,9.242577,2.618945,-0.100998,9.399531,2.794456,0.595389,0.564942,-0.371587,0.194405,0.346201,-0.206389,17.0,16.95,-33.075,-14.925,273.4578,-67.7756,-1.2858,5.0,27.96405,48.843964,2.3533332,355.3036,NaN,2.016,51.870964,5.4,6 / 25,36544,2022-01-10 17:05:09:073
-0.62333,9.242577,2.618945,-0.100998,9.399531,2.794456,0.595389,0.564942,-0.371587,0.194405,0.346201,-0.206389,17.0,16.95,-33.075,-14.925,273.4578,-67.7756,-1.2858,5.0,27.96405,48.843964,2.3533332,355.3036,NaN,2.016,51.870964,5.4,6 / 25,36553,2022-01-10 17:05:09:082
-0.62333,9.242577,2.618945,-0.100998,9.399531,2.794456,0.595389,0.564942,-0.371587,0.194405,0.346201,-0.206389,17.0,16.95,-33.075,-14.925,273.4578,-67.7756,-1.2858,5.0,27.96405,48.843964,2.3533332,355.3036,NaN,2.016,51.870964,5.4,6 / 25,36553,2022-01-10 17:05:09:082
-0.62333,9.242577,2.618945,-0.100998,9.399531,2.794456,0.595389,0.564942,-0.371587,0.194405,0.346201,-0.206389,17.0,16.95,-33.075,-14.925,273.4578,-67.7756,-1.2858,5.0,27.96405,48.843964,2.3533332,355.3036,NaN,2.016,51.870964,5.4,6 / 25,36558,2022-01-10 17:05:09:087
-0.62333,9.242577,2.618945,-0.100998,9.399531,2.794456,0.595389,0.564942,-0.371587,0.194405,0.346201,-0.206389,17.0,16.95,-33.075,-14.925,273.4578,-67.7756,-1.2858,5.0,27.96405,48.843964,2.3533332,355.3036,NaN,2.016,51.870964,5.4,6 / 25,36562,2022-01-10 17:05:09:091
-0.62333,9.242577,2.618945,-0.100998,9.399531,2.794456,0.595389,0.564942,-0.371587,0.194405,0.346201,-0.206389,17.0,16.95,-33.075,-14.925,273.4578,-67.7756,-1.2858,5.0,27.96405,48.843964,2.3533332,355.3036,NaN,2.016,51.870964,5.4,6 / 25,36568,2022-01-10 17:05:09:097
-0.62333,9.242577,2.618945,-0.100998,9.399531,2.794456,0.595389,0.564942,-0.371587,0.194405,0.346201,-0.206389,17.0,16.95,-33.075,-14.925,273.4578,-67.7756,-1.2858,5.0,27.96405,48.843964,2.3533332,355.3036,NaN,2.016,51.870964,5.4,6 / 25,36572,2022-01-10 17:05:09:101
-0.62333,9.242577,2.618945,-0.100998,9.399531,2.794456,0.595389,0.564942,-0.371587,0.194405,0.346201,-0.206389,17.0,16.95,-33.075,-14.925,273.4578,-67.7756,-1.2858,5.0,27.96405,48.843964,2.3533332,355.3036,NaN,2.016,51.870964,5.4,6 / 25,36577,2022-01-10 17:05:09:106
-0.62333,9.242577,2.618945,-0.100998,9.399531,2.794456,0.595389,0.564942,-0.371587,0.194405,0.346201,-0.206389,17.0,16.95,-33.075,-14.925,273.4578,-67.7756,-1.2858,5.0,27.96405,48.843964,2.3533332,355.3036,NaN,2.016,51.870964,5.4,6 / 25,36583,2022-01-10 17:05:09:112
-0.62333,9.242577,2.618945,-0.100998,9.399531,2.794456,0.595389,0.564942,-0.371587,0.194405,0.346201,-0.206389,17.0,16.95,-33.075,-14.925,273.4578,-67.7756,-1.2858,5.0,27.96405,48.843964,2.3533332,355.3036,NaN,2.016,51.870964,5.4,6 / 25,36587,2022-01-10 17:05:09:116
-0.62333,9.242577,2.618945,-0.100998,9.399531,2.794456,0.595389,0.564942,-0.371587,0.194405,0.346201,-0.206389,17.0,16.95,-33.075,-14.925,273.4578,-67.7756,-1.2858,5.0,27.96405,48.843964,2.3533332,355.3036,NaN,2.016,51.870964,5.4,6 / 25,36593,2022-01-10 17:05:09:122
-0.62333,9.242577,2.618945,-0.274424,9.414042,2.733292,0.595389,0.564942,-0.371587,0.194405,0.346201,-0.206389,17.0,16.5,-35.775,-8.325,263.1245,-73.4327,2.0699,5.0,27.96405,48.843964,2.3533332,355.3036,NaN,2.016,51.870964,5.4,6 / 25,36598,2022-01-10 17:05:09:127
-0.62333,9.242577,2.618945,-0.274424,9.414042,2.733292,-0.298804,1.662086,0.30901,0.194405,0.346201,-0.206389,17.0,16.5,-35.775,-8.325,263.1245,-73.4327,2.0699,5.0,27.96405,48.843964,2.3533332,355.3036,NaN,2.016,51.870964,5.4,6 / 25,36603,2022-01-10 17:05:09:132
-0.62333,9.242577,2.618945,-0.274424,9.414042,2.733292,-0.298804,1.662086,0.30901,0.194405,0.346201,-0.206389,17.0,16.5,-35.775,-8.325,263.1245,-73.4327,2.0699,5.0,27.96405,48.843964,2.3533332,355.3036,NaN,2.016,51.870964,5.4,6 / 25,36608,2022-01-10 17:05:09:137
-0.62333,9.242577,2.618945,-0.274424,9.414042,2.733292,-0.298804,1.662086,0.30901,0.194405,0.346201,-0.206389,17.0,16.5,-35.775,-8.325,263.1245,-73.4327,2.0699,5.0,27.96405,48.843964,2.3533332,355.3036,NaN,2.016,51.870964,5.4,6 / 25,36612,2022-01-10 17:05:09:141
-0.62333,9.242577,2.618945,-0.274424,9.414042,2.733292,-0.298804,1.662086,0.30901,0.194405,0.346201,-0.206389,17.0,16.5,-35.775,-8.325,263.1245,-73.4327,2.0699,5.0,27.96405,48.843964,2.3533332,355.3036,NaN,2.016,51.870964,5.4,6 / 25,36618,2022-01-10 17:05:09:147
-0.62333,9.242577,2.618945,-0.274424,9.414042,2.733292,-0.298804,1.662086,0.30901,0.194405,0.346201,-0.206389,17.0,16.5,-35.775,-8.325,263.1245,-73.4327,2.0699,5.0,27.96405,48.843964,2.3533332,355.3036,NaN,2.016,51.870964,5.4,6 / 25,36623,2022-01-10 17:05:09:152
-0.62333,9.242577,2.618945,-0.274424,9.414042,2.733292,-0.298804,1.662086,0.30901,0.194405,0.346201,-0.206389,17.0,16.5,-35.775,-8.325,263.1245,-73.4327,2.0699,5.0,27.96405,48.843964,2.3533332,355.3036,NaN,2.016,51.870964,5.4,6 / 25,36628,2022-01-10 17:05:09:157
0.156431,9.509675,2.446661,-0.274424,9.414042,2.733292,-0.298804,1.662086,0.30901,0.017843,0.117309,0.025432,17.0,16.5,-35.775,-8.325,263.1245,-73.4327,2.0699,5.0,27.96405,48.843964,2.3533332,355.3036,NaN,2.016,51.870964,5.4,6 / 25,36632,2022-01-10 17:05:09:161
0.156431,9.509675,2.446661,-0.274424,9.414042,2.733292,-0.298804,1.662086,0.30901,0.017843,0.117309,0.025432,17.0,16.5,-35.775,-8.325,263.1245,-73.4327,2.0699,5.0,27.96405,48.843964,2.3533332,355.3036,NaN,2.016,51.870964,5.4,6 / 25,36638,2022-01-10 17:05:09:167
0.156431,9.509675,2.446661,-0.274424,9.414042,2.733292,-0.298804,1.662086,0.30901,0.017843,0.117309,0.025432,17.0,16.5,-35.775,-8.325,263.1245,-73.4327,2.0699,5.0,27.96405,48.843964,2.3533332,355.3036,NaN,2.016,51.870964,5.4,6 / 25,36643,2022-01-10 17:05:09:172
0.156431,9.509675,2.446661,-0.274424,9.414042,2.733292,-0.298804,1.662086,0.30901,0.017843,0.117309,0.025432,17.0,16.5,-35.775,-8.325,263.1245,-73.4327,2.0699,5.0,27.96405,48.843964,2.3533332,355.3036,NaN,2.016,51.870964,5.4,6 / 25,36648,2022-01-10 17:05:09:177
0.156431,9.509675,2.446661,-0.274424,9.414042,2.733292,-0.298804,1.662086,0.30901,0.017843,0.117309,0.025432,17.0,16.5,-35.775,-8.325,263.1245,-73.4327,2.0699,5.0,27.96405,48.843964,2.3533332,355.3036,NaN,2.016,51.870964,5.4,6 / 25,36652,2022-01-10 17:05:09:181
0.156431,9.509675,2.446661,-0.274424,9.414042,2.733292,-0.298804,1.662086,0.30901,0.017843,0.117309,0.025432,17.0,16.5,-35.775,-8.325,263.1245,-73.4327,2.0699,5.0,27.96405,48.843964,2.3533332,355.3036,NaN,2.016,51.870964,5.4,6 / 25,36658,2022-01-10 17:05:09:187
0.156431,9.509675,2.446661,-0.274424,9.414042,2.733292,-0.298804,1.662086,0.30901,0.017843,0.117309,0.025432,17.0,16.5,-35.775,-8.325,263.1245,-73.4327,2.0699,5.0,27.96405,48.843964,2.3533332,355.3036,NaN,2.016,51.870964,5.4,6 / 25,36662,2022-01-10 17:05:09:191
0.156431,9.509675,2.446661,-0.274424,9.414042,2.733292,-0.298804,1.662086,0.30901,0.017843,0.117309,0.025432,17.0,16.5,-35.775,-8.325,263.1245,-73.4327,2.0699,5.0,27.96405,48.843964,2.3533332,355.3036,NaN,2.016,51.870964,5.4,6 / 25,36668,2022-01-10 17:05:09:197
0.156431,9.509675,2.446661,-0.274424,9.414042,2.733292,-0.298804,1.662086,0.30901,0.017843,0.117309,0.025432,17.0,16.5,-35.775,-8.325,263.1245,-73.4327,2.0699,5.0,27.96405,48.843964,2.3533332,355.3036,NaN,2.016,51.870964,5.4,6 / 25,36672,2022-01-10 17:05:09:201
0.156431,9.509675,2.446661,-0.274424,9.414042,2.733292,-0.298804,1.662086,0.30901,0.017843,0.117309,0.025432,17.0,16.5,-35.775,-8.325,263.1245,-73.4327,2.0699,5.0,27.96405,48.843964,2.3533332,355.3036,NaN,2.016,51.870964,5.4,6 / 25,36704,2022-01-10 17:05:09:233
0.156431,9.509675,2.446661,-0.274424,9.414042,2.733292,-0.298804,1.662086,0.30901,0.017843,0.117309,0.025432,17.0,16.5,-35.775,-8.325,263.1245,-73.4327,2.0699,5.0,27.96405,48.843964,2.3533332,355.3036,NaN,2.016,51.870964,5.4,6 / 25,36705,2022-01-10 17:05:09:234
0.156431,9.509675,2.446661,-0.274424,9.414042,2.733292,-0.298804,1.662086,0.30901,0.017843,0.117309,0.025432,17.0,16.5,-35.775,-8.325,263.1245,-73.4327,2.0699,5.0,27.96405,48.843964,2.3533332,355.3036,NaN,2.016,51.870964,5.4,6 / 25,36705,2022-01-10 17:05:09:234
0.156431,9.509675,2.446661,-0.274424,9.414042,2.733292,-0.298804,1.662086,0.30901,0.017843,0.117309,0.025432,17.0,16.5,-35.775,-8.325,263.1245,-73.4327,2.0699,5.0,27.96405,48.843964,2.3533332,355.3036,NaN,2.016,51.870964,5.4,6 / 25,36705,2022-01-10 17:05:09:234
0.156431,9.509675,2.446661,-0.274424,9.414042,2.733292,-0.298804,1.662086,0.30901,0.017843,0.117309,0.025432,17.0,16.5,-35.775,-8.325,263.1245,-73.4327,2.0699,5.0,27.96405,48.843964,2.3533332,355.3036,NaN,2.016,51.870964,5.4,6 / 25,36705,2022-01-10 17:05:09:234
0.156431,9.509675,2.446661,-0.274424,9.414042,2.733292,-0.298804,1.662086,0.30901,0.017843,0.117309,0.025432,17.0,16.5,-35.775,-8.325,263.1245,-73.4327,2.0699,5.0,27.96405,48.843964,2.3533332,355.3036,NaN,2.016,51.870964,5.4,6 / 25,36705,2022-01-10 17:05:09:234
0.156431,9.509675,2.446661,-0.274424,9.414042,2.733292,-0.298804,1.662086,0.30901,0.017843,0.117309,0.025432,17.0,16.5,-35.775,-8.325,263.1245,-73.4327,2.0699,5.0,27.96405,48.843964,2.3533332,355.3036,NaN,2.016,51.870964,5.4,6 / 25,36710,2022-01-10 17:05:09:239
0.156431,9.509675,2.446661,-0.274424,9.414042,2.733292,-0.298804,1.662086,0.30901,0.017843,0.117309,0.025432,17.0,16.5,-35.775,-8.325,263.1245,-73.4327,2.0699,5.0,27.96405,48.843964,2.3533332,355.3036,NaN,2.016,51.870964,5.4,6 / 25,36714,2022-01-10 17:05:09:243
0.156431,9.509675,2.446661,-0.274424,9.414042,2.733292,-0.298804,1.662086,0.30901,0.017843,0.117309,0.025432,17.0,16.5,-35.775,-8.325,263.1245,-73.4327,2.0699,5.0,24.00617,48.843964,2.3533332,355.3036,NaN,2.016,51.870964,5.4,6 / 25,36718,2022-01-10 17:05:09:247
0.156431,9.509675,2.446661,-0.274424,9.414042,2.733292,-0.298804,1.662086,0.30901,0.017843,0.117309,0.025432,17.0,16.5,-35.775,-8.325,263.1245,-73.4327,2.0699,5.0,24.00617,48.843964,2.3533332,355.3036,NaN,2.016,51.870964,5.4,6 / 25,36722,2022-01-10 17:05:09:251
0.156431,9.509675,2.446661,-0.274424,9.414042,2.733292,-0.298804,1.662086,0.30901,0.017843,0.117309,0.025432,17.0,16.5,-35.775,-8.325,263.1245,-73.4327,2.0699,5.0,24.00617,48.843964,2.3533332,355.3036,NaN,2.016,51.870964,5.4,6 / 25,36729,2022-01-10 17:05:09:258
0.156431,9.509675,2.446661,-0.274424,9.414042,2.733292,-0.298804,1.662086,0.30901,0.017843,0.117309,0.025432,17.0,16.5,-35.775,-8.325,263.1245,-73.4327,2.0699,5.0,24.00617,48.843964,2.3533332,355.3036,NaN,2.016,51.870964,5.4,6 / 25,36733,2022-01-10 17:05:09:262
-0.530907,9.591031,2.290829,-0.277862,9.449495,2.607725,-0.007188,1.807365,0.412278,0.017843,0.117309,0.025432,17.0,16.35,-37.05,-3.825,254.0418,-74.4892,6.0821,5.0,24.00617,48.843964,2.3533332,355.3036,NaN,2.016,51.870964,5.4,6 / 25,36738,2022-01-10 17:05:09:267
-0.530907,9.591031,2.290829,-0.277862,9.449495,2.607725,-0.007188,1.807365,0.412278,0.017843,0.117309,0.025432,17.0,16.35,-37.05,-3.825,254.0418,-74.4892,6.0821,5.0,24.00617,48.843964,2.3533332,355.3036,NaN,2.016,51.870964,5.4,6 / 25,36743,2022-01-10 17:05:09:272
-0.530907,9.591031,2.290829,-0.277862,9.449495,2.607725,-0.007188,1.807365,0.412278,0.017843,0.117309,0.025432,17.0,16.35,-37.05,-3.825,254.0418,-74.4892,6.0821,5.0,24.00617,48.843964,2.3533332,355.3036,NaN,2.016,51.870964,5.4,6 / 25,36750,2022-01-10 17:05:09:279
-0.530907,9.591031,2.290829,-0.277862,9.449495,2.607725,-0.007188,1.807365,0.412278,0.017843,0.117309,0.025432,17.0,16.35,-37.05,-3.825,254.0418,-74.4892,6.0821,5.0,24.00617,48.843964,2.3533332,355.3036,NaN,2.016,51.870964,5.4,6 / 25,36752,2022-01-10 17:05:09:281
-0.530907,9.591031,2.290829,-0.277862,9.449495,2.607725,-0.007188,1.807365,0.412278,0.017843,0.117309,0.025432,17.0,16.35,-37.05,-3.825,254.0418,-74.4892,6.0821,5.0,24.00617,48.843964,2.3533332,355.3036,NaN,2.016,51.870964,5.4,6 / 25,36758,2022-01-10 17:05:09:287
-0.530907,9.591031,2.290829,-0.277862,9.449495,2.607725,-0.007188,1.807365,0.412278,0.017843,0.117309,0.025432,17.0,16.35,-37.05,-3.825,254.0418,-74.4892,6.0821,5.0,24.00617,48.843964,2.3533332,355.3036,NaN,2.016,51.870964,5.4,6 / 25,36763,2022-01-10 17:05:09:292
-0.530907,9.591031,2.290829,-0.277862,9.449495,2.607725,-0.007188,1.807365,0.412278,0.017843,0.117309,0.025432,17.0,16.35,-37.05,-3.825,254.0418,-74.4892,6.0821,5.0,24.00617,48.843964,2.3533332,355.3036,NaN,2.016,51.870964,5.4,6 / 25,36767,2022-01-10 17:05:09:296
-0.530907,9.591031,2.290829,-0.277862,9.449495,2.607725,-0.007188,1.807365,0.412278,0.062183,0.618634,0.358717,17.0,16.35,-37.05,-3.825,254.0418,-74.4892,6.0821,5.0,24.00617,48.843964,2.3533332,355.3036,NaN,2.016,51.870964,5.4,6 / 25,36773,2022-01-10 17:05:09:302
-0.530907,9.591031,2.290829,-0.277862,9.449495,2.607725,-0.007188,1.807365,0.412278,0.062183,0.618634,0.358717,17.0,16.35,-37.05,-3.825,254.0418,-74.4892,6.0821,5.0,24.00617,48.843964,2.3533332,355.3036,NaN,2.016,51.870964,5.4,6 / 25,36777,2022-01-10 17:05:09:306
-0.530907,9.591031,2.290829,-0.277862,9.449495,2.607725,-0.007188,1.807365,0.412278,0.062183,0.618634,0.358717,17.0,16.35,-37.05,-3.825,254.0418,-74.4892,6.0821,5.0,24.00617,48.843964,2.3533332,355.3036,NaN,2.016,51.870964,5.4,6 / 25,36783,2022-01-10 17:05:09:312
-0.530907,9.591031,2.290829,-0.277862,9.449495,2.607725,-0.007188,1.807365,0.412278,0.062183,0.618634,0.358717,17.0,16.35,-37.05,-3.825,254.0418,-74.4892,6.0821,5.0,24.00617,48.843964,2.3533332,355.3036,NaN,2.016,51.870964,5.4,6 / 25,36787,2022-01-10 17:05:09:316
-0.530907,9.591031,2.290829,-0.277862,9.449495,2.607725,-0.007188,1.807365,0.412278,0.062183,0.618634,0.358717,17.0,16.35,-37.05,-3.825,254.0418,-74.4892,6.0821,5.0,24.00617,48.843964,2.3533332,355.3036,NaN,2.016,51.870964,5.4,6 / 25,36793,2022-01-10 17:05:09:322
-0.530907,9.591031,2.290829,-0.277862,9.449495,2.607725,-0.007188,1.807365,0.412278,0.062183,0.618634,0.358717,17.0,16.35,-37.05,-3.825,254.0418,-74.4892,6.0821,5.0,24.00617,48.843964,2.3533332,355.3036,NaN,2.016,51.870964,5.4,6 / 25,36798,2022-01-10 17:05:09:327
-0.530907,9.591031,2.290829,-0.277862,9.449495,2.607725,-0.007188,1.807365,0.412278,0.062183,0.618634,0.358717,17.0,16.35,-37.05,-3.825,254.0418,-74.4892,6.0821,5.0,24.00617,48.843964,2.3533332,355.3036,NaN,2.016,51.870964,5.4,6 / 25,36802,2022-01-10 17:05:09:331
-0.530907,9.591031,2.290829,-0.277862,9.449495,2.607725,-0.007188,1.807365,0.412278,0.062183,0.618634,0.358717,17.0,16.35,-37.05,-3.825,254.0418,-74.4892,6.0821,5.0,24.00617,48.843964,2.3533332,355.3036,NaN,2.016,51.870964,5.4,6 / 25,36807,2022-01-10 17:05:09:336
-0.530907,9.591031,2.290829,-0.277862,9.449495,2.607725,-0.007188,1.807365,0.412278,0.062183,0.618634,0.358717,17.0,16.35,-37.05,-3.825,254.0418,-74.4892,6.0821,5.0,24.00617,48.843964,2.3533332,355.3036,NaN,2.016,51.870964,5.4,6 / 25,36813,2022-01-10 17:05:09:342
-0.530907,9.591031,2.290829,-0.277862,9.449495,2.607725,-0.007188,1.807365,0.412278,0.062183,0.618634,0.358717,17.0,16.35,-37.05,-3.825,254.0418,-74.4892,6.0821,5.0,24.00617,48.843964,2.3533332,355.3036,NaN,2.016,51.870964,5.4,6 / 25,36817,2022-01-10 17:05:09:346
-0.530907,9.591031,2.290829,-0.277862,9.449495,2.607725,-0.007188,1.807365,0.412278,0.062183,0.618634,0.358717,17.0,16.35,-37.05,-3.825,254.0418,-74.4892,6.0821,5.0,24.00617,48.843964,2.3533332,355.3036,NaN,2.016,51.870964,5.4,6 / 25,36823,2022-01-10 17:05:09:352
-0.530907,9.591031,2.290829,-0.277862,9.449495,2.607725,-0.007188,1.807365,0.412278,0.062183,0.618634,0.358717,17.0,16.35,-37.05,-3.825,254.0418,-74.4892,6.0821,5.0,24.00617,48.843964,2.3533332,355.3036,NaN,2.016,51.870964,5.4,6 / 25,36827,2022-01-10 17:05:09:356
-0.370588,8.305786,0.997209,-0.277862,9.449495,2.607725,-0.007188,1.807365,0.412278,0.062183,0.618634,0.358717,17.0,16.35,-37.05,-3.825,254.0418,-74.4892,6.0821,5.0,24.00617,48.843964,2.3533332,355.3036,NaN,2.016,51.870964,5.4,6 / 25,36833,2022-01-10 17:05:09:362
-0.370588,8.305786,0.997209,-0.277862,9.449495,2.607725,-0.007188,1.807365,0.412278,0.062183,0.618634,0.358717,19.0,16.35,-37.05,-3.825,254.0418,-74.4892,6.0821,5.0,24.00617,48.843964,2.3533332,355.3036,NaN,2.016,51.870964,5.4,6 / 25,36837,2022-01-10 17:05:09:366
-0.370588,8.305786,0.997209,-0.277862,9.449495,2.607725,-0.007188,1.807365,0.412278,0.062183,0.618634,0.358717,19.0,16.35,-37.05,-3.825,254.0418,-74.4892,6.0821,5.0,24.00617,48.843964,2.3533332,355.3036,NaN,2.016,51.870964,5.4,6 / 25,36843,2022-01-10 17:05:09:372
-0.370588,8.305786,0.997209,0.005954,9.301248,3.107596,-0.776566,1.568771,-1.972047,0.062183,0.618634,0.358717,19.0,16.35,-37.05,-3.825,254.0418,-74.4892,6.0821,5.0,24.00617,48.843964,2.3533332,355.3036,NaN,2.016,51.870964,5.4,6 / 25,36847,2022-01-10 17:05:09:376
-0.370588,8.305786,0.997209,0.005954,9.301248,3.107596,-0.776566,1.568771,-1.972047,0.062183,0.618634,0.358717,19.0,16.35,-37.05,-3.825,254.0418,-74.4892,6.0821,5.0,24.00617,48.843964,2.3533332,355.3036,NaN,2.016,51.870964,5.4,6 / 25,36853,2022-01-10 17:05:09:382
-0.370588,8.305786,0.997209,0.005954,9.301248,3.107596,-0.776566,1.568771,-1.972047,0.062183,0.618634,0.358717,19.0,16.05,-37.5,-1.5,235.9704,-71.5252,-0.1098,5.0,24.00617,48.843964,2.3533332,355.3036,NaN,2.016,51.870964,5.4,6 / 25,36857,2022-01-10 17:05:09:386
-0.370588,8.305786,0.997209,0.005954,9.301248,3.107596,-0.776566,1.568771,-1.972047,0.062183,0.618634,0.358717,19.0,16.05,-37.5,-1.5,235.9704,-71.5252,-0.1098,5.0,24.00617,48.84397,2.3533354,356.8856,NaN,1.26,55.329033,17.8,6 / 25,36863,2022-01-10 17:05:09:392
-0.370588,8.305786,0.997209,0.005954,9.301248,3.107596,-0.776566,1.568771,-1.972047,0.062183,0.618634,0.358717,19.0,16.05,-37.5,-1.5,235.9704,-71.5252,-0.1098,5.0,24.00617,48.84397,2.3533354,356.8856,NaN,1.26,55.329033,17.8,6 / 25,36868,2022-01-10 17:05:09:397
-0.370588,8.305786,0.997209,0.005954,9.301248,3.107596,-0.776566,1.568771,-1.972047,0.062183,0.618634,0.358717,19.0,16.05,-37.5,-1.5,235.9704,-71.5252,-0.1098,5.0,24.00617,48.84397,2.3533354,356.8856,NaN,1.26,55.329033,17.8,6 / 25,36872,2022-01-10 17:05:09:401
-0.370588,8.305786,0.997209,0.005954,9.301248,3.107596,-0.776566,1.568771,-1.972047,0.062183,0.618634,0.358717,19.0,16.05,-37.5,-1.5,235.9704,-71.5252,-0.1098,5.0,24.00617,48.84397,2.3533354,356.8856,NaN,1.26,55.329033,17.8,6 / 25,36878,2022-01-10 17:05:09:407
-0.370588,8.305786,0.997209,0.005954,9.301248,3.107596,-0.776566,1.568771,-1.972047,0.062183,0.618634,0.358717,19.0,16.05,-37.5,-1.5,235.9704,-71.5252,-0.1098,5.0,24.00617,48.84397,2.3533354,356.8856,NaN,1.26,55.329033,17.8,6 / 25,36882,2022-01-10 17:05:09:411
-0.370588,8.305786,0.997209,0.005954,9.301248,3.107596,-0.776566,1.568771,-1.972047,0.062183,0.618634,0.358717,19.0,16.05,-37.5,-1.5,235.9704,-71.5252,-0.1098,5.0,24.00617,48.84397,2.3533354,356.8856,NaN,1.26,55.329033,17.8,6 / 25,36888,2022-01-10 17:05:09:417
-0.370588,8.305786,0.997209,0.005954,9.301248,3.107596,-0.776566,1.568771,-1.972047,0.062183,0.618634,0.358717,19.0,16.05,-37.5,-1.5,235.9704,-71.5252,-0.1098,5.0,24.00617,48.84397,2.3533354,356.8856,NaN,1.26,55.329033,17.8,6 / 25,36892,2022-01-10 17:05:09:421
-0.370588,8.305786,0.997209,0.005954,9.301248,3.107596,-0.776566,1.568771,-1.972047,-1.538729,0.461512,0.667502,19.0,16.05,-37.5,-1.5,235.9704,-71.5252,-0.1098,5.0,24.00617,48.84397,2.3533354,356.8856,NaN,1.26,55.329033,17.8,6 / 25,36897,2022-01-10 17:05:09:426
-0.370588,8.305786,0.997209,0.005954,9.301248,3.107596,-0.776566,1.568771,-1.972047,-1.538729,0.461512,0.667502,19.0,16.05,-37.5,-1.5,235.9704,-71.5252,-0.1098,5.0,24.00617,48.84397,2.3533354,356.8856,NaN,1.26,55.329033,17.8,6 / 25,36902,2022-01-10 17:05:09:431
-0.370588,8.305786,0.997209,0.005954,9.301248,3.107596,-0.776566,1.568771,-1.972047,-1.538729,0.461512,0.667502,19.0,16.05,-37.5,-1.5,235.9704,-71.5252,-0.1098,5.0,24.00617,48.84397,2.3533354,356.8856,NaN,1.26,55.329033,17.8,6 / 25,36907,2022-01-10 17:05:09:436
1.846661,8.22443,6.052944,0.005954,9.301248,3.107596,-0.776566,1.568771,-1.972047,-1.538729,0.461512,0.667502,19.0,16.05,-37.5,-1.5,235.9704,-71.5252,-0.1098,5.0,24.00617,48.84397,2.3533354,356.8856,NaN,1.26,55.329033,17.8,6 / 25,36913,2022-01-10 17:05:09:442
1.846661,8.22443,6.052944,0.005954,9.301248,3.107596,-0.776566,1.568771,-1.972047,-1.538729,0.461512,0.667502,19.0,16.05,-37.5,-1.5,235.9704,-71.5252,-0.1098,5.0,24.00617,48.84397,2.3533354,356.8856,NaN,1.26,55.329033,17.8,6 / 25,36919,2022-01-10 17:05:09:448
1.846661,8.22443,6.052944,0.005954,9.301248,3.107596,-0.776566,1.568771,-1.972047,-1.538729,0.461512,0.667502,19.0,16.05,-37.5,-1.5,235.9704,-71.5252,-0.1098,5.0,24.00617,48.84397,2.3533354,356.8856,NaN,1.26,55.329033,17.8,6 / 25,36923,2022-01-10 17:05:09:452
1.846661,8.22443,6.052944,0.005954,9.301248,3.107596,-0.776566,1.568771,-1.972047,-1.538729,0.461512,0.667502,19.0,16.05,-37.5,-1.5,235.9704,-71.5252,-0.1098,5.0,24.00617,48.84397,2.3533354,356.8856,NaN,1.26,55.329033,17.8,6 / 25,36927,2022-01-10 17:05:09:456
1.846661,8.22443,6.052944,0.005954,9.301248,3.107596,-0.776566,1.568771,-1.972047,-1.538729,0.461512,0.667502,19.0,16.05,-37.5,-1.5,235.9704,-71.5252,-0.1098,5.0,24.00617,48.84397,2.3533354,356.8856,NaN,1.26,55.329033,17.8,6 / 25,36933,2022-01-10 17:05:09:462
1.846661,8.22443,6.052944,0.005954,9.301248,3.107596,-0.776566,1.568771,-1.972047,-1.538729,0.461512,0.667502,19.0,16.05,-37.5,-1.5,235.9704,-71.5252,-0.1098,5.0,24.00617,48.84397,2.3533354,356.8856,NaN,1.26,55.329033,17.8,6 / 25,36938,2022-01-10 17:05:09:467
1.846661,8.22443,6.052944,0.005954,9.301248,3.107596,-0.776566,1.568771,-1.972047,-1.538729,0.461512,0.667502,19.0,16.05,-37.5,-1.5,235.9704,-71.5252,-0.1098,5.0,24.00617,48.84397,2.3533354,356.8856,NaN,1.26,55.329033,17.8,6 / 25,36943,2022-01-10 17:05:09:472
1.846661,8.22443,6.052944,0.005954,9.301248,3.107596,-0.776566,1.568771,-1.972047,-1.538729,0.461512,0.667502,19.0,16.05,-37.5,-1.5,235.9704,-71.5252,-0.1098,5.0,24.00617,48.84397,2.3533354,356.8856,NaN,1.26,55.329033,17.8,6 / 25,36947,2022-01-10 17:05:09:476
1.846661,8.22443,6.052944,0.005954,9.301248,3.107596,-0.776566,1.568771,-1.972047,-1.538729,0.461512,0.667502,19.0,16.05,-37.5,-1.5,235.9704,-71.5252,-0.1098,5.0,24.00617,48.84397,2.3533354,356.8856,NaN,1.26,55.329033,17.8,6 / 25,36953,2022-01-10 17:05:09:482
1.846661,8.22443,6.052944,0.005954,9.301248,3.107596,-0.776566,1.568771,-1.972047,-1.538729,0.461512,0.667502,19.0,16.05,-37.5,-1.5,235.9704,-71.5252,-0.1098,5.0,24.00617,48.84397,2.3533354,356.8856,NaN,1.26,55.329033,17.8,6 / 25,36958,2022-01-10 17:05:09:487
1.846661,8.22443,6.052944,0.005954,9.301248,3.107596,-0.776566,1.568771,-1.972047,-1.538729,0.461512,0.667502,19.0,16.05,-37.5,-1.5,235.9704,-71.5252,-0.1098,5.0,24.00617,48.84397,2.3533354,356.8856,NaN,1.26,55.329033,17.8,6 / 25,36963,2022-01-10 17:05:09:492
1.846661,8.22443,6.052944,0.658633,8.655178,4.563386,0.509411,0.981517,1.311277,-1.538729,0.461512,0.667502,19.0,16.05,-37.5,-1.5,235.9704,-71.5252,-0.1098,5.0,24.00617,48.84397,2.3533354,356.8856,NaN,1.26,55.329033,17.8,6 / 25,36967,2022-01-10 17:05:09:496
1.846661,8.22443,6.052944,0.658633,8.655178,4.563386,0.509411,0.981517,1.311277,-1.538729,0.461512,0.667502,19.0,16.05,-37.5,-1.5,235.9704,-71.5252,-0.1098,5.0,24.00617,48.84397,2.3533354,356.8856,NaN,1.26,55.329033,17.8,6 / 25,36973,2022-01-10 17:05:09:502
1.846661,8.22443,6.052944,0.658633,8.655178,4.563386,0.509411,0.981517,1.311277,-1.538729,0.461512,0.667502,19.0,16.05,-37.5,-1.5,235.9704,-71.5252,-0.1098,5.0,24.00617,48.84397,2.3533354,356.8856,NaN,1.26,55.329033,17.8,6 / 25,36978,2022-01-10 17:05:09:507
1.846661,8.22443,6.052944,0.658633,8.655178,4.563386,0.509411,0.981517,1.311277,-1.538729,0.461512,0.667502,19.0,16.05,-37.5,-1.5,235.9704,-71.5252,-0.1098,5.0,24.00617,48.84397,2.3533354,356.8856,NaN,1.26,55.329033,17.8,6 / 25,36983,2022-01-10 17:05:09:512
1.846661,8.22443,6.052944,0.658633,8.655178,4.563386,0.509411,0.981517,1.311277,-1.538729,0.461512,0.667502,19.0,16.05,-37.5,-1.5,235.9704,-71.5252,-0.1098,5.0,24.00617,48.84397,2.3533354,356.8856,NaN,1.26,55.329033,17.8,6 / 25,36988,2022-01-10 17:05:09:517
1.846661,8.22443,6.052944,0.658633,8.655178,4.563386,0.509411,0.981517,1.311277,-1.538729,0.461512,0.667502,19.0,16.05,-37.5,-1.5,235.9704,-71.5252,-0.1098,5.0,24.00617,48.84397,2.3533354,356.8856,NaN,1.26,55.329033,17.8,6 / 25,36993,2022-01-10 17:05:09:522
1.583151,9.993324,6.766903,0.658633,8.655178,4.563386,0.509411,0.981517,1.311277,-1.538729,0.461512,0.667502,19.0,15.15,-37.8,-2.25,220.0366,-61.9555,-8.2128,5.0,24.00617,48.84397,2.3533354,356.8856,NaN,1.26,55.329033,17.8,6 / 25,36998,2022-01-10 17:05:09:527
1.583151,9.993324,6.766903,0.658633,8.655178,4.563386,0.509411,0.981517,1.311277,-1.538729,0.461512,0.667502,19.0,15.15,-37.8,-2.25,220.0366,-61.9555,-8.2128,5.0,24.00617,48.84397,2.3533354,356.8856,NaN,1.26,55.329033,17.8,6 / 25,37003,2022-01-10 17:05:09:532
1.583151,9.993324,6.766903,0.658633,8.655178,4.563386,0.509411,0.981517,1.311277,-1.538729,0.461512,0.667502,18.0,15.15,-37.8,-2.25,220.0366,-61.9555,-8.2128,5.0,24.00617,48.84397,2.3533354,356.8856,NaN,1.26,55.329033,17.8,6 / 25,37009,2022-01-10 17:05:09:538
1.583151,9.993324,6.766903,0.658633,8.655178,4.563386,0.509411,0.981517,1.311277,-1.538729,0.461512,0.667502,18.0,15.15,-37.8,-2.25,220.0366,-61.9555,-8.2128,5.0,24.00617,48.84397,2.3533354,356.8856,NaN,1.26,55.329033,17.8,6 / 25,37013,2022-01-10 17:05:09:542
1.583151,9.993324,6.766903,0.658633,8.655178,4.563386,0.509411,0.981517,1.311277,-1.538729,0.461512,0.667502,18.0,15.15,-37.8,-2.25,220.0366,-61.9555,-8.2128,5.0,24.00617,48.84397,2.3533354,356.8856,NaN,1.26,55.329033,17.8,6 / 25,37018,2022-01-10 17:05:09:547
1.583151,9.993324,6.766903,0.658633,8.655178,4.563386,0.509411,0.981517,1.311277,-1.538729,0.461512,0.667502,18.0,15.15,-37.8,-2.25,220.0366,-61.9555,-8.2128,5.0,24.00617,48.84397,2.3533354,356.8856,NaN,1.26,55.329033,17.8,6 / 25,37023,2022-01-10 17:05:09:552
1.583151,9.993324,6.766903,0.658633,8.655178,4.563386,0.509411,0.981517,1.311277,-0.301594,-1.257774,0.554321,18.0,15.15,-37.8,-2.25,220.0366,-61.9555,-8.2128,5.0,24.00617,48.84397,2.3533354,356.8856,NaN,1.26,55.329033,17.8,6 / 25,37030,2022-01-10 17:05:09:559
1.583151,9.993324,6.766903,0.658633,8.655178,4.563386,0.509411,0.981517,1.311277,-0.301594,-1.257774,0.554321,18.0,15.15,-37.8,-2.25,220.0366,-61.9555,-8.2128,5.0,24.00617,48.84397,2.3533354,356.8856,NaN,1.26,55.329033,17.8,6 / 25,37032,2022-01-10 17:05:09:561
1.583151,9.993324,6.766903,0.658633,8.655178,4.563386,0.509411,0.981517,1.311277,-0.301594,-1.257774,0.554321,18.0,15.15,-37.8,-2.25,220.0366,-61.9555,-8.2128,5.0,24.00617,48.84397,2.3533354,356.8856,NaN,1.26,55.329033,17.8,6 / 25,37039,2022-01-10 17:05:09:568
1.583151,9.993324,6.766903,0.658633,8.655178,4.563386,0.509411,0.981517,1.311277,-0.301594,-1.257774,0.554321,18.0,15.15,-37.8,-2.25,220.0366,-61.9555,-8.2128,5.0,24.00617,48.84397,2.3533354,356.8856,NaN,1.26,55.329033,17.8,6 / 25,37043,2022-01-10 17:05:09:572
1.583151,9.993324,6.766903,0.658633,8.655178,4.563386,0.509411,0.981517,1.311277,-0.301594,-1.257774,0.554321,18.0,15.15,-37.8,-2.25,220.0366,-61.9555,-8.2128,5.0,33.22302,48.84397,2.3533354,356.8856,NaN,1.26,55.329033,17.8,6 / 25,37048,2022-01-10 17:05:09:577
1.583151,9.993324,6.766903,0.658633,8.655178,4.563386,0.509411,0.981517,1.311277,-0.301594,-1.257774,0.554321,18.0,15.15,-37.8,-2.25,220.0366,-61.9555,-8.2128,5.0,33.22302,48.84397,2.3533354,356.8856,NaN,1.26,55.329033,17.8,6 / 25,37054,2022-01-10 17:05:09:583
1.583151,9.993324,6.766903,0.658633,8.655178,4.563386,0.509411,0.981517,1.311277,-0.301594,-1.257774,0.554321,18.0,15.15,-37.8,-2.25,220.0366,-61.9555,-8.2128,5.0,33.22302,48.84397,2.3533354,356.8856,NaN,1.26,55.329033,17.8,6 / 25,37058,2022-01-10 17:05:09:587
1.583151,9.993324,6.766903,0.658633,8.655178,4.563386,0.509411,0.981517,1.311277,-0.301594,-1.257774,0.554321,18.0,15.15,-37.8,-2.25,220.0366,-61.9555,-8.2128,5.0,33.22302,48.84397,2.3533354,356.8856,NaN,1.26,55.329033,17.8,6 / 25,37063,2022-01-10 17:05:09:592
1.583151,9.993324,6.766903,0.658633,8.655178,4.563386,0.509411,0.981517,1.311277,-0.301594,-1.257774,0.554321,18.0,15.15,-37.8,-2.25,220.0366,-61.9555,-8.2128,5.0,33.22302,48.84397,2.3533354,356.8856,NaN,1.26,55.329033,17.8,6 / 25,37068,2022-01-10 17:05:09:597
1.583151,9.993324,6.766903,0.658633,8.655178,4.563386,0.509411,0.981517,1.311277,-0.301594,-1.257774,0.554321,18.0,15.15,-37.8,-2.25,220.0366,-61.9555,-8.2128,5.0,33.22302,48.84397,2.3533354,356.8856,NaN,1.26,55.329033,17.8,6 / 25,37073,2022-01-10 17:05:09:602
1.583151,9.993324,6.766903,0.658633,8.655178,4.563386,0.509411,0.981517,1.311277,-0.301594,-1.257774,0.554321,18.0,15.15,-37.8,-2.25,220.0366,-61.9555,-8.2128,5.0,33.22302,48.84397,2.3533354,356.8856,NaN,1.26,55.329033,17.8,6 / 25,37078,2022-01-10 17:05:09:607
1.583151,9.993324,6.766903,0.658633,8.655178,4.563386,0.509411,0.981517,1.311277,-0.301594,-1.257774,0.554321,18.0,15.15,-37.8,-2.25,220.0366,-61.9555,-8.2128,5.0,33.22302,48.84397,2.3533354,356.8856,NaN,1.26,55.329033,17.8,6 / 25,37083,2022-01-10 17:05:09:612
1.583151,9.993324,6.766903,0.658633,8.655178,4.563386,0.509411,0.981517,1.311277,-0.301594,-1.257774,0.554321,18.0,15.15,-37.8,-2.25,220.0366,-61.9555,-8.2128,5.0,33.22302,48.84397,2.3533354,356.8856,NaN,1.26,55.329033,17.8,6 / 25,37089,2022-01-10 17:05:09:618
1.583151,9.993324,6.766903,0.658633,8.655178,4.563386,0.509411,0.981517,1.311277,-0.301594,-1.257774,0.554321,18.0,15.15,-37.8,-2.25,220.0366,-61.9555,-8.2128,5.0,33.22302,48.84397,2.3533354,356.8856,NaN,1.26,55.329033,17.8,6 / 25,37093,2022-01-10 17:05:09:622
1.507478,8.55135,4.67079,1.612904,8.509811,4.599136,0.509411,0.981517,1.311277,-0.301594,-1.257774,0.554321,18.0,15.15,-37.8,-2.25,220.0366,-61.9555,-8.2128,5.0,33.22302,48.84397,2.3533354,356.8856,NaN,1.26,55.329033,17.8,6 / 25,37097,2022-01-10 17:05:09:626
1.507478,8.55135,4.67079,1.612904,8.509811,4.599136,1.308905,2.132271,2.893201,-0.301594,-1.257774,0.554321,18.0,15.15,-37.8,-2.25,220.0366,-61.9555,-8.2128,5.0,33.22302,48.84397,2.3533354,356.8856,NaN,1.26,55.329033,17.8,6 / 25,37103,2022-01-10 17:05:09:632
1.507478,8.55135,4.67079,1.612904,8.509811,4.599136,1.308905,2.132271,2.893201,-0.301594,-1.257774,0.554321,18.0,15.15,-37.8,-2.25,220.0366,-61.9555,-8.2128,5.0,33.22302,48.84397,2.3533354,356.8856,NaN,1.26,55.329033,17.8,6 / 25,37108,2022-01-10 17:05:09:637
1.507478,8.55135,4.67079,1.612904,8.509811,4.599136,1.308905,2.132271,2.893201,-0.301594,-1.257774,0.554321,18.0,15.15,-37.8,-2.25,220.0366,-61.9555,-8.2128,5.0,33.22302,48.84397,2.3533354,356.8856,NaN,1.26,55.329033,17.8,6 / 25,37115,2022-01-10 17:05:09:644
1.507478,8.55135,4.67079,1.612904,8.509811,4.599136,1.308905,2.132271,2.893201,-0.301594,-1.257774,0.554321,18.0,15.15,-37.8,-2.25,220.0366,-61.9555,-8.2128,5.0,33.22302,48.84397,2.3533354,356.8856,NaN,1.26,55.329033,17.8,6 / 25,37118,2022-01-10 17:05:09:647
1.507478,8.55135,4.67079,1.612904,8.509811,4.599136,1.308905,2.132271,2.893201,-0.301594,-1.257774,0.554321,18.0,15.15,-37.8,-2.25,220.0366,-61.9555,-8.2128,5.0,33.22302,48.84397,2.3533354,356.8856,NaN,1.26,55.329033,17.8,6 / 25,37122,2022-01-10 17:05:09:651
1.507478,8.55135,4.67079,1.612904,8.509811,4.599136,1.308905,2.132271,2.893201,-0.301594,-1.257774,0.554321,18.0,15.15,-37.8,-2.25,220.0366,-61.9555,-8.2128,5.0,33.22302,48.84397,2.3533354,356.8856,NaN,1.26,55.329033,17.8,6 / 25,37128,2022-01-10 17:05:09:657
1.507478,8.55135,4.67079,1.612904,8.509811,4.599136,1.308905,2.132271,2.893201,-0.301594,-1.257774,0.554321,18.0,15.15,-37.8,-2.25,220.0366,-61.9555,-8.2128,5.0,33.22302,48.84397,2.3533354,356.8856,NaN,1.26,55.329033,17.8,6 / 25,37133,2022-01-10 17:05:09:662
1.507478,8.55135,4.67079,1.612904,8.509811,4.599136,1.308905,2.132271,2.893201,-0.301594,-1.257774,0.554321,18.0,13.2,-38.25,-4.2,215.0932,-60.1993,-19.3256,5.0,33.22302,48.84397,2.3533354,356.8856,NaN,1.26,55.329033,17.8,6 / 25,37138,2022-01-10 17:05:09:667
1.507478,8.55135,4.67079,1.612904,8.509811,4.599136,1.308905,2.132271,2.893201,-0.301594,-1.257774,0.554321,18.0,13.2,-38.25,-4.2,215.0932,-60.1993,-19.3256,5.0,33.22302,48.84397,2.3533354,356.8856,NaN,1.26,55.329033,17.8,6 / 25,37143,2022-01-10 17:05:09:672
1.507478,8.55135,4.67079,1.612904,8.509811,4.599136,1.308905,2.132271,2.893201,-0.301594,-1.257774,0.554321,18.0,13.2,-38.25,-4.2,215.0932,-60.1993,-19.3256,5.0,33.22302,48.84397,2.3533354,356.8856,NaN,1.26,55.329033,17.8,6 / 25,37147,2022-01-10 17:05:09:676
1.507478,8.55135,4.67079,1.612904,8.509811,4.599136,1.308905,2.132271,2.893201,-0.301594,-1.257774,0.554321,18.0,13.2,-38.25,-4.2,215.0932,-60.1993,-19.3256,5.0,33.22302,48.84397,2.3533354,356.8856,NaN,1.26,55.329033,17.8,6 / 25,37153,2022-01-10 17:05:09:682
1.507478,8.55135,4.67079,1.612904,8.509811,4.599136,1.308905,2.132271,2.893201,-1.273353,0.786408,1.026086,18.0,13.2,-38.25,-4.2,215.0932,-60.1993,-19.3256,5.0,33.22302,48.84397,2.3533354,356.8856,NaN,1.26,55.329033,17.8,6 / 25,37157,2022-01-10 17:05:09:686
1.507478,8.55135,4.67079,1.612904,8.509811,4.599136,1.308905,2.132271,2.893201,-1.273353,0.786408,1.026086,18.0,13.2,-38.25,-4.2,215.0932,-60.1993,-19.3256,5.0,33.22302,48.84397,2.3533354,356.8856,NaN,1.26,55.329033,17.8,6 / 25,37165,2022-01-10 17:05:09:694
1.507478,8.55135,4.67079,1.612904,8.509811,4.599136,1.308905,2.132271,2.893201,-1.273353,0.786408,1.026086,18.0,13.2,-38.25,-4.2,215.0932,-60.1993,-19.3256,5.0,33.22302,48.84397,2.3533354,356.8856,NaN,1.26,55.329033,17.8,6 / 25,37168,2022-01-10 17:05:09:697
1.507478,8.55135,4.67079,1.612904,8.509811,4.599136,1.308905,2.132271,2.893201,-1.273353,0.786408,1.026086,18.0,13.2,-38.25,-4.2,215.0932,-60.1993,-19.3256,5.0,33.22302,48.84397,2.3533354,356.8856,NaN,1.26,55.329033,17.8,6 / 25,37172,2022-01-10 17:05:09:701
1.507478,8.55135,4.67079,1.612904,8.509811,4.599136,1.308905,2.132271,2.893201,-1.273353,0.786408,1.026086,18.0,13.2,-38.25,-4.2,215.0932,-60.1993,-19.3256,5.0,33.22302,48.84397,2.3533354,356.8856,NaN,1.26,55.329033,17.8,6 / 25,37178,2022-01-10 17:05:09:707
1.507478,8.55135,4.67079,1.612904,8.509811,4.599136,1.308905,2.132271,2.893201,-1.273353,0.786408,1.026086,18.0,13.2,-38.25,-4.2,215.0932,-60.1993,-19.3256,5.0,33.22302,48.84397,2.3533354,356.8856,NaN,1.26,55.329033,17.8,6 / 25,37183,2022-01-10 17:05:09:712
1.507478,8.55135,4.67079,1.612904,8.509811,4.599136,1.308905,2.132271,2.893201,-1.273353,0.786408,1.026086,18.0,13.2,-38.25,-4.2,215.0932,-60.1993,-19.3256,5.0,33.22302,48.84397,2.3533354,356.8856,NaN,1.26,55.329033,17.8,6 / 25,37188,2022-01-10 17:05:09:717
1.507478,8.55135,4.67079,1.612904,8.509811,4.599136,1.308905,2.132271,2.893201,-1.273353,0.786408,1.026086,18.0,13.2,-38.25,-4.2,215.0932,-60.1993,-19.3256,5.0,33.22302,48.84397,2.3533354,356.8856,NaN,1.26,55.329033,17.8,6 / 25,37193,2022-01-10 17:05:09:722
2.726921,6.091229,1.912464,1.612904,8.509811,4.599136,1.308905,2.132271,2.893201,-1.273353,0.786408,1.026086,18.0,13.2,-38.25,-4.2,215.0932,-60.1993,-19.3256,5.0,33.22302,48.84397,2.3533354,356.8856,NaN,1.26,55.329033,17.8,6 / 25,37197,2022-01-10 17:05:09:726
2.726921,6.091229,1.912464,1.612904,8.509811,4.599136,1.308905,2.132271,2.893201,-1.273353,0.786408,1.026086,18.0,13.2,-38.25,-4.2,215.0932,-60.1993,-19.3256,5.0,33.22302,48.84397,2.3533354,356.8856,NaN,1.26,55.329033,17.8,6 / 25,37203,2022-01-10 17:05:09:732
2.726921,6.091229,1.912464,1.612904,8.509811,4.599136,1.308905,2.132271,2.893201,-1.273353,0.786408,1.026086,18.0,13.2,-38.25,-4.2,215.0932,-60.1993,-19.3256,5.0,33.22302,48.84397,2.3533354,356.8856,NaN,1.26,55.329033,17.8,6 / 25,37208,2022-01-10 17:05:09:737
2.726921,6.091229,1.912464,1.612904,8.509811,4.599136,1.308905,2.132271,2.893201,-1.273353,0.786408,1.026086,18.0,13.2,-38.25,-4.2,215.0932,-60.1993,-19.3256,5.0,33.22302,48.84397,2.3533354,356.8856,NaN,1.26,55.329033,17.8,6 / 25,37213,2022-01-10 17:05:09:742
2.726921,6.091229,1.912464,1.612904,8.509811,4.599136,1.308905,2.132271,2.893201,-1.273353,0.786408,1.026086,18.0,13.2,-38.25,-4.2,215.0932,-60.1993,-19.3256,5.0,33.22302,48.84397,2.3533354,356.8856,NaN,1.26,55.329033,17.8,6 / 25,37218,2022-01-10 17:05:09:747
2.726921,6.091229,1.912464,2.031428,7.456587,6.036803,0.192629,1.276866,-3.317049,-1.273353,0.786408,1.026086,18.0,13.2,-38.25,-4.2,215.0932,-60.1993,-19.3256,5.0,33.22302,48.84397,2.3533354,356.8856,NaN,1.26,55.329033,17.8,6 / 25,37223,2022-01-10 17:05:09:752
2.726921,6.091229,1.912464,2.031428,7.456587,6.036803,0.192629,1.276866,-3.317049,-1.273353,0.786408,1.026086,18.0,13.2,-38.25,-4.2,215.0932,-60.1993,-19.3256,5.0,33.22302,48.84397,2.3533354,356.8856,NaN,1.26,55.329033,17.8,6 / 25,37229,2022-01-10 17:05:09:758
2.726921,6.091229,1.912464,2.031428,7.456587,6.036803,0.192629,1.276866,-3.317049,-1.273353,0.786408,1.026086,18.0,13.2,-38.25,-4.2,215.0932,-60.1993,-19.3256,5.0,33.22302,48.84397,2.3533354,356.8856,NaN,1.26,55.329033,17.8,6 / 25,37232,2022-01-10 17:05:09:761
2.726921,6.091229,1.912464,2.031428,7.456587,6.036803,0.192629,1.276866,-3.317049,-1.273353,0.786408,1.026086,18.0,13.2,-38.25,-4.2,215.0932,-60.1993,-19.3256,5.0,33.22302,48.84397,2.3533354,356.8856,NaN,1.26,55.329033,17.8,6 / 25,37239,2022-01-10 17:05:09:768
2.726921,6.091229,1.912464,2.031428,7.456587,6.036803,0.192629,1.276866,-3.317049,-1.273353,0.786408,1.026086,18.0,13.2,-38.25,-4.2,215.0932,-60.1993,-19.3256,5.0,33.22302,48.84397,2.3533354,356.8856,NaN,1.26,55.329033,17.8,6 / 25,37243,2022-01-10 17:05:09:772
2.726921,6.091229,1.912464,2.031428,7.456587,6.036803,0.192629,1.276866,-3.317049,-1.273353,0.786408,1.026086,18.0,13.2,-38.25,-4.2,215.0932,-60.1993,-19.3256,5.0,33.22302,48.84397,2.3533354,356.8856,NaN,1.26,55.329033,17.8,6 / 25,37247,2022-01-10 17:05:09:776
2.726921,6.091229,1.912464,2.031428,7.456587,6.036803,0.192629,1.276866,-3.317049,-1.273353,0.786408,1.026086,18.0,10.425,-38.55,-7.575,208.6797,-49.496,-18.5985,5.0,33.22302,48.84397,2.3533354,356.8856,NaN,1.26,55.329033,17.8,6 / 25,37256,2022-01-10 17:05:09:785
2.726921,6.091229,1.912464,2.031428,7.456587,6.036803,0.192629,1.276866,-3.317049,-1.273353,0.786408,1.026086,18.0,10.425,-38.55,-7.575,208.6797,-49.496,-18.5985,5.0,33.22302,48.84397,2.3533354,356.8856,NaN,1.26,55.329033,17.8,6 / 25,37258,2022-01-10 17:05:09:787
2.726921,6.091229,1.912464,2.031428,7.456587,6.036803,0.192629,1.276866,-3.317049,-1.273353,0.786408,1.026086,18.0,10.425,-38.55,-7.575,208.6797,-49.496,-18.5985,5.0,33.22302,48.84397,2.3533354,356.8856,NaN,1.26,55.329033,17.8,6 / 25,37263,2022-01-10 17:05:09:792
2.726921,6.091229,1.912464,2.031428,7.456587,6.036803,0.192629,1.276866,-3.317049,-1.273353,0.786408,1.026086,18.0,10.425,-38.55,-7.575,208.6797,-49.496,-18.5985,5.0,33.22302,48.84397,2.3533354,356.8856,NaN,1.26,55.329033,17.8,6 / 25,37268,2022-01-10 17:05:09:797
2.726921,6.091229,1.912464,2.031428,7.456587,6.036803,0.192629,1.276866,-3.317049,-1.273353,0.786408,1.026086,18.0,10.425,-38.55,-7.575,208.6797,-49.496,-18.5985,5.0,33.22302,48.84397,2.3533354,356.8856,NaN,1.26,55.329033,17.8,6 / 25,37273,2022-01-10 17:05:09:802
2.726921,6.091229,1.912464,2.031428,7.456587,6.036803,0.192629,1.276866,-3.317049,-1.273353,0.786408,1.026086,18.0,10.425,-38.55,-7.575,208.6797,-49.496,-18.5985,5.0,33.22302,48.84397,2.3533354,356.8856,NaN,1.26,55.329033,17.8,6 / 25,37278,2022-01-10 17:05:09:807
2.726921,6.091229,1.912464,2.031428,7.456587,6.036803,0.192629,1.276866,-3.317049,-1.273353,0.786408,1.026086,18.0,10.425,-38.55,-7.575,208.6797,-49.496,-18.5985,5.0,33.22302,48.84397,2.3533354,356.8856,NaN,1.26,55.329033,17.8,6 / 25,37283,2022-01-10 17:05:09:812
2.726921,6.091229,1.912464,2.031428,7.456587,6.036803,0.192629,1.276866,-3.317049,-1.273353,0.786408,1.026086,18.0,10.425,-38.55,-7.575,208.6797,-49.496,-18.5985,5.0,33.22302,48.84397,2.3533354,356.8856,NaN,1.26,55.329033,17.8,6 / 25,37287,2022-01-10 17:05:09:816
2.726921,6.091229,1.912464,2.031428,7.456587,6.036803,0.192629,1.276866,-3.317049,-1.273353,0.786408,1.026086,18.0,10.425,-38.55,-7.575,208.6797,-49.496,-18.5985,5.0,33.22302,48.84397,2.3533354,356.8856,NaN,1.26,55.329033,17.8,6 / 25,37293,2022-01-10 17:05:09:822
1.509871,3.242873,12.405889,2.031428,7.456587,6.036803,0.192629,1.276866,-3.317049,-1.273353,0.786408,1.026086,18.0,10.425,-38.55,-7.575,208.6797,-49.496,-18.5985,5.0,33.22302,48.84397,2.3533354,356.8856,NaN,1.26,55.329033,17.8,6 / 25,37298,2022-01-10 17:05:09:827
1.509871,3.242873,12.405889,2.031428,7.456587,6.036803,0.192629,1.276866,-3.317049,-1.273353,0.786408,1.026086,18.0,10.425,-38.55,-7.575,208.6797,-49.496,-18.5985,5.0,33.22302,48.84397,2.3533354,356.8856,NaN,1.26,55.329033,17.8,6 / 25,37303,2022-01-10 17:05:09:832
1.509871,3.242873,12.405889,2.031428,7.456587,6.036803,0.192629,1.276866,-3.317049,-1.273353,0.786408,1.026086,18.0,10.425,-38.55,-7.575,208.6797,-49.496,-18.5985,5.0,33.22302,48.84397,2.3533354,356.8856,NaN,1.26,55.329033,17.8,6 / 25,37307,2022-01-10 17:05:09:836
1.509871,3.242873,12.405889,2.031428,7.456587,6.036803,0.192629,1.276866,-3.317049,-3.743894,-0.539141,0.298798,18.0,10.425,-38.55,-7.575,208.6797,-49.496,-18.5985,5.0,33.22302,48.84397,2.3533354,356.8856,NaN,1.26,55.329033,17.8,6 / 25,37313,2022-01-10 17:05:09:842
1.509871,3.242873,12.405889,2.031428,7.456587,6.036803,0.192629,1.276866,-3.317049,-3.743894,-0.539141,0.298798,18.0,10.425,-38.55,-7.575,208.6797,-49.496,-18.5985,5.0,33.22302,48.84397,2.3533354,356.8856,NaN,1.26,55.329033,17.8,6 / 25,37318,2022-01-10 17:05:09:847
1.509871,3.242873,12.405889,2.031428,7.456587,6.036803,0.192629,1.276866,-3.317049,-3.743894,-0.539141,0.298798,18.0,10.425,-38.55,-7.575,208.6797,-49.496,-18.5985,5.0,33.22302,48.84397,2.3533354,356.8856,NaN,1.26,55.329033,17.8,6 / 25,37322,2022-01-10 17:05:09:851
1.509871,3.242873,12.405889,2.031428,7.456587,6.036803,0.192629,1.276866,-3.317049,-3.743894,-0.539141,0.298798,18.0,10.425,-38.55,-7.575,208.6797,-49.496,-18.5985,5.0,33.22302,48.84397,2.3533354,356.8856,NaN,1.26,55.329033,17.8,6 / 25,37328,2022-01-10 17:05:09:857
1.509871,3.242873,12.405889,2.451672,4.242183,8.494915,-0.860519,-0.042852,-0.333704,-3.743894,-0.539141,0.298798,18.0,10.425,-38.55,-7.575,208.6797,-49.496,-18.5985,5.0,33.22302,48.84397,2.3533354,356.8856,NaN,1.26,55.329033,17.8,6 / 25,37333,2022-01-10 17:05:09:862
1.509871,3.242873,12.405889,2.451672,4.242183,8.494915,-0.860519,-0.042852,-0.333704,-3.743894,-0.539141,0.298798,18.0,10.425,-38.55,-7.575,208.6797,-49.496,-18.5985,5.0,33.22302,48.84397,2.3533354,356.8856,NaN,1.26,55.329033,17.8,6 / 25,37338,2022-01-10 17:05:09:867
1.509871,3.242873,12.405889,2.451672,4.242183,8.494915,-0.860519,-0.042852,-0.333704,-3.743894,-0.539141,0.298798,18.0,10.425,-38.55,-7.575,208.6797,-49.496,-18.5985,5.0,33.22302,48.84397,2.3533354,356.8856,NaN,1.26,55.329033,17.8,6 / 25,37342,2022-01-10 17:05:09:871
1.509871,3.242873,12.405889,2.451672,4.242183,8.494915,-0.860519,-0.042852,-0.333704,-3.743894,-0.539141,0.298798,18.0,10.425,-38.55,-7.575,208.6797,-49.496,-18.5985,5.0,28.72485,48.84397,2.3533354,356.8856,NaN,1.26,55.329033,17.8,6 / 25,37350,2022-01-10 17:05:09:879
1.509871,3.242873,12.405889,2.451672,4.242183,8.494915,-0.860519,-0.042852,-0.333704,-3.743894,-0.539141,0.298798,18.0,10.425,-38.55,-7.575,208.6797,-49.496,-18.5985,5.0,28.72485,48.84397,2.3533354,356.8856,NaN,1.26,55.329033,17.8,6 / 25,37352,2022-01-10 17:05:09:881
1.509871,3.242873,12.405889,2.451672,4.242183,8.494915,-0.860519,-0.042852,-0.333704,-3.743894,-0.539141,0.298798,18.0,10.425,-38.55,-7.575,208.6797,-49.496,-18.5985,5.0,28.72485,48.84397,2.3533354,356.8856,NaN,1.26,55.329033,17.8,6 / 25,37358,2022-01-10 17:05:09:887
1.509871,3.242873,12.405889,2.451672,4.242183,8.494915,-0.860519,-0.042852,-0.333704,-3.743894,-0.539141,0.298798,18.0,10.425,-38.55,-7.575,208.6797,-49.496,-18.5985,5.0,28.72485,48.84397,2.3533354,356.8856,NaN,1.26,55.329033,17.8,6 / 25,37363,2022-01-10 17:05:09:892
1.509871,3.242873,12.405889,2.451672,4.242183,8.494915,-0.860519,-0.042852,-0.333704,-3.743894,-0.539141,0.298798,18.0,10.425,-38.55,-7.575,208.6797,-49.496,-18.5985,5.0,28.72485,48.84397,2.3533354,356.8856,NaN,1.26,55.329033,17.8,6 / 25,37368,2022-01-10 17:05:09:897
1.509871,3.242873,12.405889,2.451672,4.242183,8.494915,-0.860519,-0.042852,-0.333704,-3.743894,-0.539141,0.298798,18.0,10.425,-38.55,-7.575,208.6797,-49.496,-18.5985,5.0,28.72485,48.84397,2.3533354,356.8856,NaN,1.26,55.329033,17.8,6 / 25,37373,2022-01-10 17:05:09:902
1.509871,3.242873,12.405889,2.451672,4.242183,8.494915,-0.860519,-0.042852,-0.333704,-3.743894,-0.539141,0.298798,18.0,10.425,-38.55,-7.575,208.6797,-49.496,-18.5985,5.0,28.72485,48.84397,2.3533354,356.8856,NaN,1.26,55.329033,17.8,6 / 25,37378,2022-01-10 17:05:09:907
1.509871,3.242873,12.405889,2.451672,4.242183,8.494915,-0.860519,-0.042852,-0.333704,-3.743894,-0.539141,0.298798,18.0,10.425,-38.55,-7.575,208.6797,-49.496,-18.5985,5.0,28.72485,48.84397,2.3533354,356.8856,NaN,1.26,55.329033,17.8,6 / 25,37383,2022-01-10 17:05:09:912
1.509871,3.242873,12.405889,2.451672,4.242183,8.494915,-0.860519,-0.042852,-0.333704,-3.743894,-0.539141,0.298798,18.0,10.425,-38.55,-7.575,208.6797,-49.496,-18.5985,5.0,28.72485,48.84397,2.3533354,356.8856,NaN,1.26,55.329033,17.8,6 / 25,37388,2022-01-10 17:05:09:917
1.509871,3.242873,12.405889,2.451672,4.242183,8.494915,-0.860519,-0.042852,-0.333704,-3.743894,-0.539141,0.298798,18.0,10.425,-38.55,-7.575,208.6797,-49.496,-18.5985,5.0,28.72485,48.84397,2.3533354,356.8856,NaN,1.26,55.329033,17.8,6 / 25,37393,2022-01-10 17:05:09:922
4.495815,3.429812,11.260623,2.451672,4.242183,8.494915,-0.860519,-0.042852,-0.333704,-3.743894,-0.539141,0.298798,18.0,7.725,-36.6,-14.25,202.0926,-25.6315,-16.0984,5.0,28.72485,48.84397,2.3533354,356.8856,NaN,1.26,55.329033,17.8,6 / 25,37398,2022-01-10 17:05:09:927
4.495815,3.429812,11.260623,2.451672,4.242183,8.494915,-0.860519,-0.042852,-0.333704,-3.743894,-0.539141,0.298798,18.0,7.725,-36.6,-14.25,202.0926,-25.6315,-16.0984,5.0,28.72485,48.84397,2.3533354,356.8856,NaN,1.26,55.329033,17.8,6 / 25,37403,2022-01-10 17:05:09:932
4.495815,3.429812,11.260623,2.451672,4.242183,8.494915,-0.860519,-0.042852,-0.333704,-3.743894,-0.539141,0.298798,18.0,7.725,-36.6,-14.25,202.0926,-25.6315,-16.0984,5.0,28.72485,48.84397,2.3533354,356.8856,NaN,1.26,55.329033,17.8,6 / 25,37408,2022-01-10 17:05:09:937
4.495815,3.429812,11.260623,2.451672,4.242183,8.494915,-0.860519,-0.042852,-0.333704,-3.743894,-0.539141,0.298798,18.0,7.725,-36.6,-14.25,202.0926,-25.6315,-16.0984,5.0,28.72485,48.84397,2.3533354,356.8856,NaN,1.26,55.329033,17.8,6 / 25,37413,2022-01-10 17:05:09:942
4.495815,3.429812,11.260623,2.451672,4.242183,8.494915,-0.860519,-0.042852,-0.333704,-3.743894,-0.539141,0.298798,18.0,7.725,-36.6,-14.25,202.0926,-25.6315,-16.0984,5.0,28.72485,48.84397,2.3533354,356.8856,NaN,1.26,55.329033,17.8,6 / 25,37417,2022-01-10 17:05:09:946
4.495815,3.429812,11.260623,2.451672,4.242183,8.494915,-0.860519,-0.042852,-0.333704,-3.743894,-0.539141,0.298798,18.0,7.725,-36.6,-14.25,202.0926,-25.6315,-16.0984,5.0,28.72485,48.84397,2.3533354,356.8856,NaN,1.26,55.329033,17.8,6 / 25,37424,2022-01-10 17:05:09:953
4.495815,3.429812,11.260623,2.451672,4.242183,8.494915,-0.860519,-0.042852,-0.333704,-3.743894,-0.539141,0.298798,18.0,7.725,-36.6,-14.25,202.0926,-25.6315,-16.0984,5.0,28.72485,48.84397,2.3533354,356.8856,NaN,1.26,55.329033,17.8,6 / 25,37427,2022-01-10 17:05:09:956
4.495815,3.429812,11.260623,2.451672,4.242183,8.494915,-0.860519,-0.042852,-0.333704,-3.743894,-0.539141,0.298798,18.0,7.725,-36.6,-14.25,202.0926,-25.6315,-16.0984,5.0,28.72485,48.84397,2.3533354,356.8856,NaN,1.26,55.329033,17.8,6 / 25,37434,2022-01-10 17:05:09:963
4.495815,3.429812,11.260623,2.451672,4.242183,8.494915,-0.860519,-0.042852,-0.333704,-3.743894,-0.539141,0.298798,18.0,7.725,-36.6,-14.25,202.0926,-25.6315,-16.0984,5.0,28.72485,48.84397,2.3533354,356.8856,NaN,1.26,55.329033,17.8,6 / 25,37438,2022-01-10 17:05:09:967
4.495815,3.429812,11.260623,2.451672,4.242183,8.494915,-0.860519,-0.042852,-0.333704,-3.743894,-0.539141,0.298798,18.0,7.725,-36.6,-14.25,202.0926,-25.6315,-16.0984,5.0,28.72485,48.84397,2.3533354,356.8856,NaN,1.26,55.329033,17.8,6 / 25,37443,2022-01-10 17:05:09:972
4.495815,3.429812,11.260623,2.451672,4.242183,8.494915,-0.860519,-0.042852,-0.333704,0.776688,-0.483083,-1.331275,18.0,7.725,-36.6,-14.25,202.0926,-25.6315,-16.0984,5.0,28.72485,48.84397,2.3533354,356.8856,NaN,1.26,55.329033,17.8,6 / 25,37448,2022-01-10 17:05:09:977
4.495815,3.429812,11.260623,2.451672,4.242183,8.494915,-0.860519,-0.042852,-0.333704,0.776688,-0.483083,-1.331275,18.0,7.725,-36.6,-14.25,202.0926,-25.6315,-16.0984,5.0,28.72485,48.84397,2.3533354,356.8856,NaN,1.26,55.329033,17.8,6 / 25,37454,2022-01-10 17:05:09:983
4.495815,3.429812,11.260623,2.451672,4.242183,8.494915,-0.860519,-0.042852,-0.333704,0.776688,-0.483083,-1.331275,18.0,7.725,-36.6,-14.25,202.0926,-25.6315,-16.0984,5.0,28.72485,48.84397,2.3533354,356.8856,NaN,1.26,55.329033,17.8,6 / 25,37460,2022-01-10 17:05:09:989
4.495815,3.429812,11.260623,2.451672,4.242183,8.494915,-0.860519,-0.042852,-0.333704,0.776688,-0.483083,-1.331275,18.0,7.725,-36.6,-14.25,202.0926,-25.6315,-16.0984,5.0,28.72485,48.84397,2.3533354,356.8856,NaN,1.26,55.329033,17.8,6 / 25,37463,2022-01-10 17:05:09:992
4.495815,3.429812,11.260623,2.107967,4.902852,8.227327,-0.860519,-0.042852,-0.333704,0.776688,-0.483083,-1.331275,18.0,7.725,-36.6,-14.25,202.0926,-25.6315,-16.0984,5.0,28.72485,48.84397,2.3533354,356.8856,NaN,1.26,55.329033,17.8,6 / 25,37468,2022-01-10 17:05:09:997
4.495815,3.429812,11.260623,2.107967,4.902852,8.227327,2.526848,-0.483423,4.272136,0.776688,-0.483083,-1.331275,18.0,7.725,-36.6,-14.25,202.0926,-25.6315,-16.0984,5.0,28.72485,48.84397,2.3533354,356.8856,NaN,1.26,55.329033,17.8,6 / 25,37472,2022-01-10 17:05:10:001
4.495815,3.429812,11.260623,2.107967,4.902852,8.227327,2.526848,-0.483423,4.272136,0.776688,-0.483083,-1.331275,18.0,7.725,-36.6,-14.25,202.0926,-25.6315,-16.0984,5.0,28.72485,48.84397,2.3533354,356.8856,NaN,1.26,55.329033,17.8,6 / 25,37481,2022-01-10 17:05:10:010
4.495815,3.429812,11.260623,2.107967,4.902852,8.227327,2.526848,-0.483423,4.272136,0.776688,-0.483083,-1.331275,18.0,7.725,-36.6,-14.25,202.0926,-25.6315,-16.0984,5.0,28.72485,48.84397,2.3533354,356.8856,NaN,1.26,55.329033,17.8,6 / 25,37483,2022-01-10 17:05:10:012
4.495815,3.429812,11.260623,2.107967,4.902852,8.227327,2.526848,-0.483423,4.272136,0.776688,-0.483083,-1.331275,18.0,7.725,-36.6,-14.25,202.0926,-25.6315,-16.0984,5.0,28.72485,48.84397,2.3533354,356.8856,NaN,1.26,55.329033,17.8,6 / 25,37488,2022-01-10 17:05:10:017
4.495815,3.429812,11.260623,2.107967,4.902852,8.227327,2.526848,-0.483423,4.272136,0.776688,-0.483083,-1.331275,18.0,7.725,-36.6,-14.25,202.0926,-25.6315,-16.0984,5.0,28.72485,48.84397,2.3533354,356.8856,NaN,1.26,55.329033,17.8,6 / 25,37493,2022-01-10 17:05:10:022
4.495815,3.429812,11.260623,2.107967,4.902852,8.227327,2.526848,-0.483423,4.272136,0.776688,-0.483083,-1.331275,18.0,7.725,-36.6,-14.25,202.0926,-25.6315,-16.0984,5.0,28.72485,48.84397,2.3533354,356.8856,NaN,1.26,55.329033,17.8,6 / 25,37498,2022-01-10 17:05:10:027
2.024926,4.18086,7.847262,2.107967,4.902852,8.227327,2.526848,-0.483423,4.272136,0.776688,-0.483083,-1.331275,18.0,7.725,-36.6,-14.25,202.0926,-25.6315,-16.0984,5.0,28.72485,48.84397,2.3533354,356.8856,NaN,1.26,55.329033,17.8,6 / 25,37502,2022-01-10 17:05:10:031
2.024926,4.18086,7.847262,2.107967,4.902852,8.227327,2.526848,-0.483423,4.272136,0.776688,-0.483083,-1.331275,18.0,7.725,-36.6,-14.25,202.0926,-25.6315,-16.0984,5.0,28.72485,48.84397,2.3533354,356.8856,NaN,1.26,55.329033,17.8,6 / 25,37507,2022-01-10 17:05:10:036
2.024926,4.18086,7.847262,2.107967,4.902852,8.227327,2.526848,-0.483423,4.272136,0.776688,-0.483083,-1.331275,18.0,7.725,-36.6,-14.25,202.0926,-25.6315,-16.0984,5.0,28.72485,48.84397,2.3533354,356.8856,NaN,1.26,55.329033,17.8,6 / 25,37513,2022-01-10 17:05:10:042
2.024926,4.18086,7.847262,2.107967,4.902852,8.227327,2.526848,-0.483423,4.272136,0.776688,-0.483083,-1.331275,18.0,7.725,-36.6,-14.25,202.0926,-25.6315,-16.0984,5.0,28.72485,48.84397,2.3533354,356.8856,NaN,1.26,55.329033,17.8,6 / 25,37518,2022-01-10 17:05:10:047
2.024926,4.18086,7.847262,2.107967,4.902852,8.227327,2.526848,-0.483423,4.272136,0.776688,-0.483083,-1.331275,18.0,7.725,-36.6,-14.25,202.0926,-25.6315,-16.0984,5.0,28.72485,48.84397,2.3533354,356.8856,NaN,1.26,55.329033,17.8,6 / 25,37522,2022-01-10 17:05:10:051
2.024926,4.18086,7.847262,2.107967,4.902852,8.227327,2.526848,-0.483423,4.272136,0.776688,-0.483083,-1.331275,18.0,7.725,-36.6,-14.25,202.0926,-25.6315,-16.0984,5.0,28.72485,48.84397,2.3533354,356.8856,NaN,1.26,55.329033,17.8,6 / 25,37527,2022-01-10 17:05:10:056
2.024926,4.18086,7.847262,2.107967,4.902852,8.227327,2.526848,-0.483423,4.272136,0.776688,-0.483083,-1.331275,18.0,6.6,-34.875,-19.425,207.6135,-29.9968,-14.3709,5.0,28.72485,48.84397,2.3533354,356.8856,NaN,1.26,55.329033,17.8,6 / 25,37532,2022-01-10 17:05:10:061
2.024926,4.18086,7.847262,2.107967,4.902852,8.227327,2.526848,-0.483423,4.272136,0.776688,-0.483083,-1.331275,18.0,6.6,-34.875,-19.425,207.6135,-29.9968,-14.3709,5.0,28.72485,48.84397,2.3533354,356.8856,NaN,1.26,55.329033,17.8,6 / 25,37537,2022-01-10 17:05:10:066
2.024926,4.18086,7.847262,2.107967,4.902852,8.227327,2.526848,-0.483423,4.272136,0.776688,-0.483083,-1.331275,18.0,6.6,-34.875,-19.425,207.6135,-29.9968,-14.3709,5.0,28.72485,48.84397,2.3533354,356.8856,NaN,1.26,55.329033,17.8,6 / 25,37543,2022-01-10 17:05:10:072
2.024926,4.18086,7.847262,2.107967,4.902852,8.227327,2.526848,-0.483423,4.272136,0.776688,-0.483083,-1.331275,18.0,6.6,-34.875,-19.425,207.6135,-29.9968,-14.3709,5.0,28.72485,48.84397,2.3533354,356.8856,NaN,1.26,55.329033,17.8,6 / 25,37547,2022-01-10 17:05:10:076
2.024926,4.18086,7.847262,2.107967,4.902852,8.227327,2.526848,-0.483423,4.272136,0.776688,-0.483083,-1.331275,18.0,6.6,-34.875,-19.425,207.6135,-29.9968,-14.3709,5.0,28.72485,48.84397,2.3533354,356.8856,NaN,1.26,55.329033,17.8,6 / 25,37553,2022-01-10 17:05:10:082
2.024926,4.18086,7.847262,2.107967,4.902852,8.227327,2.526848,-0.483423,4.272136,0.776688,-0.483083,-1.331275,18.0,6.6,-34.875,-19.425,207.6135,-29.9968,-14.3709,5.0,28.72485,48.84397,2.3533354,356.8856,NaN,1.26,55.329033,17.8,6 / 25,37558,2022-01-10 17:05:10:087
2.024926,4.18086,7.847262,2.107967,4.902852,8.227327,2.526848,-0.483423,4.272136,1.768287,0.467637,-1.739259,18.0,6.6,-34.875,-19.425,207.6135,-29.9968,-14.3709,5.0,28.72485,48.84397,2.3533354,356.8856,NaN,1.26,55.329033,17.8,6 / 25,37564,2022-01-10 17:05:10:093
2.024926,4.18086,7.847262,2.107967,4.902852,8.227327,2.526848,-0.483423,4.272136,1.768287,0.467637,-1.739259,18.0,6.6,-34.875,-19.425,207.6135,-29.9968,-14.3709,5.0,28.72485,48.84397,2.3533354,356.8856,NaN,1.26,55.329033,17.8,6 / 25,37568,2022-01-10 17:05:10:097
2.024926,4.18086,7.847262,2.107967,4.902852,8.227327,2.526848,-0.483423,4.272136,1.768287,0.467637,-1.739259,18.0,6.6,-34.875,-19.425,207.6135,-29.9968,-14.3709,5.0,28.72485,48.84397,2.3533354,356.8856,NaN,1.26,55.329033,17.8,6 / 25,37574,2022-01-10 17:05:10:103
2.024926,4.18086,7.847262,2.107967,4.902852,8.227327,2.526848,-0.483423,4.272136,1.768287,0.467637,-1.739259,18.0,6.6,-34.875,-19.425,207.6135,-29.9968,-14.3709,5.0,28.72485,48.84397,2.3533354,356.8856,NaN,1.26,55.329033,17.8,6 / 25,37577,2022-01-10 17:05:10:106
2.024926,4.18086,7.847262,2.107967,4.902852,8.227327,2.526848,-0.483423,4.272136,1.768287,0.467637,-1.739259,18.0,6.6,-34.875,-19.425,207.6135,-29.9968,-14.3709,5.0,28.72485,48.84397,2.3533354,356.8856,NaN,1.26,55.329033,17.8,6 / 25,37583,2022-01-10 17:05:10:112
0.015254,5.323432,5.705686,0.744037,6.640414,7.177863,1.531951,-1.710999,1.273744,1.768287,0.467637,-1.739259,18.0,6.6,-34.875,-19.425,207.6135,-29.9968,-14.3709,5.0,28.72485,48.84397,2.3533354,356.8856,NaN,1.26,55.329033,17.8,6 / 25,37589,2022-01-10 17:05:10:118
0.015254,5.323432,5.705686,0.744037,6.640414,7.177863,1.531951,-1.710999,1.273744,1.768287,0.467637,-1.739259,18.0,6.6,-34.875,-19.425,207.6135,-29.9968,-14.3709,5.0,28.72485,48.84397,2.3533354,356.8856,NaN,1.26,55.329033,17.8,6 / 25,37592,2022-01-10 17:05:10:121
0.015254,5.323432,5.705686,0.744037,6.640414,7.177863,1.531951,-1.710999,1.273744,1.768287,0.467637,-1.739259,19.0,6.6,-34.875,-19.425,207.6135,-29.9968,-14.3709,5.0,28.72485,48.84397,2.3533354,356.8856,NaN,1.26,55.329033,17.8,6 / 25,37597,2022-01-10 17:05:10:126
0.015254,5.323432,5.705686,0.744037,6.640414,7.177863,1.531951,-1.710999,1.273744,1.768287,0.467637,-1.739259,19.0,6.6,-34.875,-19.425,207.6135,-29.9968,-14.3709,5.0,28.72485,48.84397,2.3533354,356.8856,NaN,1.26,55.329033,17.8,6 / 25,37603,2022-01-10 17:05:10:132
0.015254,5.323432,5.705686,0.744037,6.640414,7.177863,1.531951,-1.710999,1.273744,1.768287,0.467637,-1.739259,19.0,6.6,-34.875,-19.425,207.6135,-29.9968,-14.3709,5.0,28.72485,48.84397,2.3533354,356.8856,NaN,1.26,55.329033,17.8,6 / 25,37610,2022-01-10 17:05:10:139
0.015254,5.323432,5.705686,0.744037,6.640414,7.177863,1.531951,-1.710999,1.273744,1.768287,0.467637,-1.739259,19.0,6.6,-34.875,-19.425,207.6135,-29.9968,-14.3709,5.0,28.72485,48.84397,2.3533354,356.8856,NaN,1.26,55.329033,17.8,6 / 25,37612,2022-01-10 17:05:10:141
0.015254,5.323432,5.705686,0.744037,6.640414,7.177863,1.531951,-1.710999,1.273744,1.768287,0.467637,-1.739259,19.0,6.6,-34.875,-19.425,207.6135,-29.9968,-14.3709,5.0,28.72485,48.84397,2.3533354,356.8856,NaN,1.26,55.329033,17.8,6 / 25,37618,2022-01-10 17:05:10:147
0.015254,5.323432,5.705686,0.744037,6.640414,7.177863,1.531951,-1.710999,1.273744,1.768287,0.467637,-1.739259,19.0,6.6,-34.875,-19.425,207.6135,-29.9968,-14.3709,5.0,28.72485,48.84397,2.3533354,356.8856,NaN,1.26,55.329033,17.8,6 / 25,37624,2022-01-10 17:05:10:153
0.015254,5.323432,5.705686,0.744037,6.640414,7.177863,1.531951,-1.710999,1.273744,1.768287,0.467637,-1.739259,19.0,6.6,-34.875,-19.425,207.6135,-29.9968,-14.3709,5.0,28.72485,48.84397,2.3533354,356.8856,NaN,1.26,55.329033,17.8,6 / 25,37627,2022-01-10 17:05:10:156
0.015254,5.323432,5.705686,0.744037,6.640414,7.177863,1.531951,-1.710999,1.273744,1.768287,0.467637,-1.739259,19.0,6.6,-34.875,-19.425,207.6135,-29.9968,-14.3709,5.0,28.72485,48.84397,2.3533354,356.8856,NaN,1.26,55.329033,17.8,6 / 25,37634,2022-01-10 17:05:10:163
0.015254,5.323432,5.705686,0.744037,6.640414,7.177863,1.531951,-1.710999,1.273744,1.768287,0.467637,-1.739259,19.0,6.6,-34.875,-19.425,207.6135,-29.9968,-14.3709,5.0,28.72485,48.84397,2.3533354,356.8856,NaN,1.26,55.329033,17.8,6 / 25,37638,2022-01-10 17:05:10:167
0.015254,5.323432,5.705686,0.744037,6.640414,7.177863,1.531951,-1.710999,1.273744,1.768287,0.467637,-1.739259,19.0,6.6,-34.875,-19.425,207.6135,-29.9968,-14.3709,5.0,28.72485,48.84397,2.3533354,356.8856,NaN,1.26,55.329033,17.8,6 / 25,37642,2022-01-10 17:05:10:171
0.015254,5.323432,5.705686,0.744037,6.640414,7.177863,1.531951,-1.710999,1.273744,1.768287,0.467637,-1.739259,19.0,6.6,-34.875,-19.425,207.6135,-29.9968,-14.3709,5.0,28.72485,48.84397,2.3533354,356.8856,NaN,1.26,55.329033,17.8,6 / 25,37647,2022-01-10 17:05:10:176
0.015254,5.323432,5.705686,0.744037,6.640414,7.177863,1.531951,-1.710999,1.273744,1.768287,0.467637,-1.739259,19.0,6.6,-34.875,-19.425,207.6135,-29.9968,-14.3709,5.0,28.72485,48.84397,2.3533354,356.8856,NaN,1.26,55.329033,17.8,6 / 25,37653,2022-01-10 17:05:10:182
0.015254,5.323432,5.705686,0.744037,6.640414,7.177863,1.531951,-1.710999,1.273744,1.768287,0.467637,-1.739259,19.0,8.1,-33.6,-21.75,223.5409,-42.6201,-5.918,5.0,28.72485,48.84397,2.3533354,356.8856,NaN,1.26,55.329033,17.8,6 / 25,37658,2022-01-10 17:05:10:187
0.015254,5.323432,5.705686,0.744037,6.640414,7.177863,1.531951,-1.710999,1.273744,1.768287,0.467637,-1.739259,19.0,8.1,-33.6,-21.75,223.5409,-42.6201,-5.918,5.0,28.72485,48.84397,2.3533354,356.8856,NaN,1.26,55.329033,17.8,6 / 25,37663,2022-01-10 17:05:10:192
0.015254,5.323432,5.705686,0.744037,6.640414,7.177863,1.531951,-1.710999,1.273744,1.768287,0.467637,-1.739259,19.0,8.1,-33.6,-21.75,223.5409,-42.6201,-5.918,5.0,28.72485,48.84397,2.3533354,356.8856,NaN,1.26,55.329033,17.8,6 / 25,37668,2022-01-10 17:05:10:197
0.015254,5.323432,5.705686,0.744037,6.640414,7.177863,1.531951,-1.710999,1.273744,1.768287,0.467637,-1.739259,19.0,8.1,-33.6,-21.75,223.5409,-42.6201,-5.918,5.0,31.74121,48.84397,2.3533354,356.8856,NaN,1.26,55.329033,17.8,6 / 25,37672,2022-01-10 17:05:10:201
0.015254,5.323432,5.705686,0.744037,6.640414,7.177863,1.531951,-1.710999,1.273744,1.768287,0.467637,-1.739259,19.0,8.1,-33.6,-21.75,223.5409,-42.6201,-5.918,5.0,31.74121,48.84397,2.3533354,356.8856,NaN,1.26,55.329033,17.8,6 / 25,37677,2022-01-10 17:05:10:206
0.015254,5.323432,5.705686,0.744037,6.640414,7.177863,1.531951,-1.710999,1.273744,1.768287,0.467637,-1.739259,19.0,8.1,-33.6,-21.75,223.5409,-42.6201,-5.918,5.0,31.74121,48.84397,2.3533354,356.8856,NaN,1.26,55.329033,17.8,6 / 25,37682,2022-01-10 17:05:10:211
0.015254,5.323432,5.705686,0.744037,6.640414,7.177863,1.531951,-1.710999,1.273744,1.768287,0.467637,-1.739259,19.0,8.1,-33.6,-21.75,223.5409,-42.6201,-5.918,5.0,31.74121,48.84397,2.3533354,356.8856,NaN,1.26,55.329033,17.8,6 / 25,37687,2022-01-10 17:05:10:216
0.015254,5.323432,5.705686,0.744037,6.640414,7.177863,1.531951,-1.710999,1.273744,1.768287,0.467637,-1.739259,19.0,8.1,-33.6,-21.75,223.5409,-42.6201,-5.918,5.0,31.74121,48.84397,2.3533354,356.8856,NaN,1.26,55.329033,17.8,6 / 25,37693,2022-01-10 17:05:10:222
0.015254,5.323432,5.705686,0.744037,6.640414,7.177863,1.531951,-1.710999,1.273744,1.768287,0.467637,-1.739259,19.0,8.1,-33.6,-21.75,223.5409,-42.6201,-5.918,5.0,31.74121,48.84397,2.3533354,356.8856,NaN,1.26,55.329033,17.8,6 / 25,37697,2022-01-10 17:05:10:226
-0.882054,7.178767,5.478069,-1.611073,8.121469,5.255149,1.222522,-0.491947,1.87974,2.274406,1.079347,-1.380009,19.0,8.1,-33.6,-21.75,223.5409,-42.6201,-5.918,5.0,31.74121,48.84397,2.3533354,356.8856,NaN,1.26,55.329033,17.8,6 / 25,37703,2022-01-10 17:05:10:232
-0.882054,7.178767,5.478069,-1.611073,8.121469,5.255149,1.222522,-0.491947,1.87974,2.274406,1.079347,-1.380009,19.0,8.1,-33.6,-21.75,223.5409,-42.6201,-5.918,5.0,31.74121,48.84397,2.3533354,356.8856,NaN,1.26,55.329033,17.8,6 / 25,37708,2022-01-10 17:05:10:237
-0.882054,7.178767,5.478069,-1.611073,8.121469,5.255149,1.222522,-0.491947,1.87974,2.274406,1.079347,-1.380009,19.0,8.1,-33.6,-21.75,223.5409,-42.6201,-5.918,5.0,31.74121,48.84397,2.3533354,356.8856,NaN,1.26,55.329033,17.8,6 / 25,37712,2022-01-10 17:05:10:241
-0.882054,7.178767,5.478069,-1.611073,8.121469,5.255149,1.222522,-0.491947,1.87974,2.274406,1.079347,-1.380009,19.0,8.1,-33.6,-21.75,223.5409,-42.6201,-5.918,5.0,31.74121,48.84397,2.3533354,356.8856,NaN,1.26,55.329033,17.8,6 / 25,37717,2022-01-10 17:05:10:246
-0.882054,7.178767,5.478069,-1.611073,8.121469,5.255149,1.222522,-0.491947,1.87974,2.274406,1.079347,-1.380009,19.0,8.1,-33.6,-21.75,223.5409,-42.6201,-5.918,5.0,31.74121,48.84397,2.3533354,356.8856,NaN,1.26,55.329033,17.8,6 / 25,37722,2022-01-10 17:05:10:251
-0.882054,7.178767,5.478069,-1.611073,8.121469,5.255149,1.222522,-0.491947,1.87974,2.274406,1.079347,-1.380009,19.0,8.1,-33.6,-21.75,223.5409,-42.6201,-5.918,5.0,31.74121,48.84397,2.3533354,356.8856,NaN,1.26,55.329033,17.8,6 / 25,37727,2022-01-10 17:05:10:256
-0.882054,7.178767,5.478069,-1.611073,8.121469,5.255149,1.222522,-0.491947,1.87974,2.274406,1.079347,-1.380009,19.0,8.1,-33.6,-21.75,223.5409,-42.6201,-5.918,5.0,31.74121,48.84397,2.3533354,356.8856,NaN,1.26,55.329033,17.8,6 / 25,37732,2022-01-10 17:05:10:261
-0.882054,7.178767,5.478069,-1.611073,8.121469,5.255149,1.222522,-0.491947,1.87974,2.274406,1.079347,-1.380009,19.0,8.1,-33.6,-21.75,223.5409,-42.6201,-5.918,5.0,31.74121,48.84397,2.3533354,356.8856,NaN,1.26,55.329033,17.8,6 / 25,37737,2022-01-10 17:05:10:266
-0.882054,7.178767,5.478069,-1.611073,8.121469,5.255149,1.222522,-0.491947,1.87974,2.274406,1.079347,-1.380009,19.0,8.1,-33.6,-21.75,223.5409,-42.6201,-5.918,5.0,31.74121,48.84397,2.3533354,356.8856,NaN,1.26,55.329033,17.8,6 / 25,37743,2022-01-10 17:05:10:272
-0.882054,7.178767,5.478069,-1.611073,8.121469,5.255149,1.222522,-0.491947,1.87974,2.274406,1.079347,-1.380009,19.0,8.1,-33.6,-21.75,223.5409,-42.6201,-5.918,5.0,31.74121,48.84397,2.3533354,356.8856,NaN,1.26,55.329033,17.8,6 / 25,37747,2022-01-10 17:05:10:276
-0.882054,7.178767,5.478069,-1.611073,8.121469,5.255149,1.222522,-0.491947,1.87974,2.274406,1.079347,-1.380009,19.0,8.1,-33.6,-21.75,223.5409,-42.6201,-5.918,5.0,31.74121,48.84397,2.3533354,356.8856,NaN,1.26,55.329033,17.8,6 / 25,37753,2022-01-10 17:05:10:282
-0.882054,7.178767,5.478069,-1.611073,8.121469,5.255149,1.222522,-0.491947,1.87974,2.274406,1.079347,-1.380009,19.0,8.1,-33.6,-21.75,223.5409,-42.6201,-5.918,5.0,31.74121,48.84397,2.3533354,356.8856,NaN,1.26,55.329033,17.8,6 / 25,37757,2022-01-10 17:05:10:286
-0.882054,7.178767,5.478069,-1.611073,8.121469,5.255149,1.222522,-0.491947,1.87974,2.274406,1.079347,-1.380009,19.0,8.1,-33.6,-21.75,223.5409,-42.6201,-5.918,5.0,31.74121,48.84397,2.3533354,356.8856,NaN,1.26,55.329033,17.8,6 / 25,37763,2022-01-10 17:05:10:292
-0.882054,7.178767,5.478069,-1.611073,8.121469,5.255149,1.222522,-0.491947,1.87974,2.274406,1.079347,-1.380009,19.0,8.1,-33.6,-21.75,223.5409,-42.6201,-5.918,5.0,31.74121,48.84397,2.3533354,356.8856,NaN,1.26,55.329033,17.8,6 / 25,37768,2022-01-10 17:05:10:297
-0.882054,7.178767,5.478069,-1.611073,8.121469,5.255149,1.222522,-0.491947,1.87974,2.274406,1.079347,-1.380009,19.0,8.1,-33.6,-21.75,223.5409,-42.6201,-5.918,5.0,31.74121,48.84397,2.3533354,356.8856,NaN,1.26,55.329033,17.8,6 / 25,37772,2022-01-10 17:05:10:301
-0.882054,7.178767,5.478069,-1.611073,8.121469,5.255149,1.222522,-0.491947,1.87974,2.274406,1.079347,-1.380009,19.0,8.1,-33.6,-21.75,223.5409,-42.6201,-5.918,5.0,31.74121,48.84397,2.3533354,356.8856,NaN,1.26,55.329033,17.8,6 / 25,37778,2022-01-10 17:05:10:307
-0.882054,7.178767,5.478069,-1.611073,8.121469,5.255149,1.222522,-0.491947,1.87974,2.274406,1.079347,-1.380009,19.0,8.1,-33.6,-21.75,223.5409,-42.6201,-5.918,5.0,31.74121,48.84397,2.3533354,356.8856,NaN,1.26,55.329033,17.8,6 / 25,37782,2022-01-10 17:05:10:311
-0.882054,7.178767,5.478069,-1.611073,8.121469,5.255149,1.222522,-0.491947,1.87974,2.274406,1.079347,-1.380009,19.0,8.1,-33.6,-21.75,223.5409,-42.6201,-5.918,5.0,31.74121,48.84397,2.3533354,356.8856,NaN,1.26,55.329033,17.8,6 / 25,37788,2022-01-10 17:05:10:317
-0.882054,7.178767,5.478069,-1.611073,8.121469,5.255149,1.222522,-0.491947,1.87974,2.274406,1.079347,-1.380009,19.0,8.1,-33.6,-21.75,223.5409,-42.6201,-5.918,5.0,31.74121,48.84397,2.3533354,356.8856,NaN,1.26,55.329033,17.8,6 / 25,37792,2022-01-10 17:05:10:321
-1.388435,8.533403,7.30469,-1.611073,8.121469,5.255149,1.222522,-0.491947,1.87974,2.274406,1.079347,-1.380009,19.0,8.1,-33.6,-21.75,223.5409,-42.6201,-5.918,5.0,31.74121,48.84397,2.3533354,356.8856,NaN,1.26,55.329033,17.8,6 / 25,37797,2022-01-10 17:05:10:326
-1.388435,8.533403,7.30469,-1.611073,8.121469,5.255149,1.222522,-0.491947,1.87974,2.274406,1.079347,-1.380009,19.0,12.3,-32.85,-20.025,272.575,-55.9101,17.044,5.0,31.74121,48.84397,2.3533354,356.8856,NaN,1.26,55.329033,17.8,6 / 25,37803,2022-01-10 17:05:10:332
-1.388435,8.533403,7.30469,-1.611073,8.121469,5.255149,1.222522,-0.491947,1.87974,2.274406,1.079347,-1.380009,19.0,12.3,-32.85,-20.025,272.575,-55.9101,17.044,5.0,31.74121,48.84397,2.3533354,356.8856,NaN,1.26,55.329033,17.8,6 / 25,37807,2022-01-10 17:05:10:336
-1.388435,8.533403,7.30469,-1.611073,8.121469,5.255149,1.222522,-0.491947,1.87974,2.274406,1.079347,-1.380009,19.0,12.3,-32.85,-20.025,272.575,-55.9101,17.044,5.0,31.74121,48.84397,2.3533354,356.8856,NaN,1.26,55.329033,17.8,6 / 25,37812,2022-01-10 17:05:10:341
-1.388435,8.533403,7.30469,-1.611073,8.121469,5.255149,1.222522,-0.491947,1.87974,2.274406,1.079347,-1.380009,19.0,12.3,-32.85,-20.025,272.575,-55.9101,17.044,5.0,31.74121,48.84397,2.3533354,356.8856,NaN,1.26,55.329033,17.8,6 / 25,37818,2022-01-10 17:05:10:347
-1.388435,8.533403,7.30469,-1.611073,8.121469,5.255149,1.222522,-0.491947,1.87974,2.274406,1.079347,-1.380009,19.0,12.3,-32.85,-20.025,272.575,-55.9101,17.044,5.0,31.74121,48.84397,2.3533354,356.8856,NaN,1.26,55.329033,17.8,6 / 25,37823,2022-01-10 17:05:10:352
-1.388435,8.533403,7.30469,-1.611073,8.121469,5.255149,1.222522,-0.491947,1.87974,2.274406,1.079347,-1.380009,19.0,12.3,-32.85,-20.025,272.575,-55.9101,17.044,5.0,31.74121,48.84397,2.3533354,356.8856,NaN,1.26,55.329033,17.8,6 / 25,37828,2022-01-10 17:05:10:357
-1.388435,8.533403,7.30469,-1.955325,8.73046,4.015738,0.097184,1.723426,1.361928,1.452978,0.137681,-0.246601,19.0,12.3,-32.85,-20.025,272.575,-55.9101,17.044,5.0,31.74121,48.84397,2.3533354,356.8856,NaN,1.26,55.329033,17.8,6 / 25,37833,2022-01-10 17:05:10:362
-1.388435,8.533403,7.30469,-1.955325,8.73046,4.015738,0.097184,1.723426,1.361928,1.452978,0.137681,-0.246601,19.0,12.3,-32.85,-20.025,272.575,-55.9101,17.044,5.0,31.74121,48.84397,2.3533354,356.8856,NaN,1.26,55.329033,17.8,6 / 25,37837,2022-01-10 17:05:10:366
-1.388435,8.533403,7.30469,-1.955325,8.73046,4.015738,0.097184,1.723426,1.361928,1.452978,0.137681,-0.246601,19.0,12.3,-32.85,-20.025,272.575,-55.9101,17.044,5.0,31.74121,48.84397,2.3533354,356.8856,NaN,1.26,55.329033,17.8,6 / 25,37848,2022-01-10 17:05:10:377
-1.388435,8.533403,7.30469,-1.955325,8.73046,4.015738,0.097184,1.723426,1.361928,1.452978,0.137681,-0.246601,19.0,12.3,-32.85,-20.025,272.575,-55.9101,17.044,5.0,31.74121,48.84397,2.3533354,356.8856,NaN,1.26,55.329033,17.8,6 / 25,37850,2022-01-10 17:05:10:379
-1.388435,8.533403,7.30469,-1.955325,8.73046,4.015738,0.097184,1.723426,1.361928,1.452978,0.137681,-0.246601,19.0,12.3,-32.85,-20.025,272.575,-55.9101,17.044,5.0,31.74121,48.84397,2.3533354,356.8856,NaN,1.26,55.329033,17.8,6 / 25,37859,2022-01-10 17:05:10:388
-1.388435,8.533403,7.30469,-1.955325,8.73046,4.015738,0.097184,1.723426,1.361928,1.452978,0.137681,-0.246601,19.0,12.3,-32.85,-20.025,272.575,-55.9101,17.044,5.0,31.74121,48.84397,2.3533354,356.8856,NaN,1.26,55.329033,17.8,6 / 25,37860,2022-01-10 17:05:10:389
-1.388435,8.533403,7.30469,-1.955325,8.73046,4.015738,0.097184,1.723426,1.361928,1.452978,0.137681,-0.246601,19.0,12.3,-32.85,-20.025,272.575,-55.9101,17.044,5.0,31.74121,48.84397,2.3533225,353.3967,NaN,3.564,58.787098,273.6,6 / 25,37864,2022-01-10 17:05:10:393
-1.388435,8.533403,7.30469,-1.955325,8.73046,4.015738,0.097184,1.723426,1.361928,1.452978,0.137681,-0.246601,19.0,12.3,-32.85,-20.025,272.575,-55.9101,17.044,5.0,31.74121,48.84397,2.3533225,353.3967,NaN,3.564,58.787098,273.6,6 / 25,37868,2022-01-10 17:05:10:397
-1.388435,8.533403,7.30469,-1.955325,8.73046,4.015738,0.097184,1.723426,1.361928,1.452978,0.137681,-0.246601,19.0,12.3,-32.85,-20.025,272.575,-55.9101,17.044,5.0,31.74121,48.84397,2.3533225,353.3967,NaN,3.564,58.787098,273.6,6 / 25,37873,2022-01-10 17:05:10:402
-1.388435,8.533403,7.30469,-1.955325,8.73046,4.015738,0.097184,1.723426,1.361928,1.452978,0.137681,-0.246601,19.0,12.3,-32.85,-20.025,272.575,-55.9101,17.044,5.0,31.74121,48.84397,2.3533225,353.3967,NaN,3.564,58.787098,273.6,6 / 25,37877,2022-01-10 17:05:10:406
-1.388435,8.533403,7.30469,-1.955325,8.73046,4.015738,0.097184,1.723426,1.361928,1.452978,0.137681,-0.246601,19.0,12.3,-32.85,-20.025,272.575,-55.9101,17.044,5.0,31.74121,48.84397,2.3533225,353.3967,NaN,3.564,58.787098,273.6,6 / 25,37884,2022-01-10 17:05:10:413
-1.388435,8.533403,7.30469,-1.955325,8.73046,4.015738,0.097184,1.723426,1.361928,1.452978,0.137681,-0.246601,19.0,12.3,-32.85,-20.025,272.575,-55.9101,17.044,5.0,31.74121,48.84397,2.3533225,353.3967,NaN,3.564,58.787098,273.6,6 / 25,37888,2022-01-10 17:05:10:417
-1.917847,9.376575,4.076772,-1.955325,8.73046,4.015738,0.097184,1.723426,1.361928,1.452978,0.137681,-0.246601,19.0,12.3,-32.85,-20.025,272.575,-55.9101,17.044,5.0,31.74121,48.84397,2.3533225,353.3967,NaN,3.564,58.787098,273.6,6 / 25,37893,2022-01-10 17:05:10:422
-1.917847,9.376575,4.076772,-1.955325,8.73046,4.015738,0.097184,1.723426,1.361928,1.452978,0.137681,-0.246601,19.0,12.3,-32.85,-20.025,272.575,-55.9101,17.044,5.0,31.74121,48.84397,2.3533225,353.3967,NaN,3.564,58.787098,273.6,6 / 25,37898,2022-01-10 17:05:10:427
-1.917847,9.376575,4.076772,-1.955325,8.73046,4.015738,0.097184,1.723426,1.361928,1.452978,0.137681,-0.246601,19.0,12.3,-32.85,-20.025,272.575,-55.9101,17.044,5.0,31.74121,48.84397,2.3533225,353.3967,NaN,3.564,58.787098,273.6,6 / 25,37903,2022-01-10 17:05:10:432
-1.917847,9.376575,4.076772,-1.955325,8.73046,4.015738,0.097184,1.723426,1.361928,1.452978,0.137681,-0.246601,19.0,12.3,-32.85,-20.025,272.575,-55.9101,17.044,5.0,31.74121,48.84397,2.3533225,353.3967,NaN,3.564,58.787098,273.6,6 / 25,37909,2022-01-10 17:05:10:438
-1.917847,9.376575,4.076772,-1.955325,8.73046,4.015738,0.097184,1.723426,1.361928,1.452978,0.137681,-0.246601,19.0,12.3,-32.85,-20.025,272.575,-55.9101,17.044,5.0,31.74121,48.84397,2.3533225,353.3967,NaN,3.564,58.787098,273.6,6 / 25,37914,2022-01-10 17:05:10:443
-1.917847,9.376575,4.076772,-1.955325,8.73046,4.015738,0.097184,1.723426,1.361928,1.452978,0.137681,-0.246601,19.0,12.3,-32.85,-20.025,272.575,-55.9101,17.044,5.0,31.74121,48.84397,2.3533225,353.3967,NaN,3.564,58.787098,273.6,6 / 25,37919,2022-01-10 17:05:10:448
-1.917847,9.376575,4.076772,-1.955325,8.73046,4.015738,0.097184,1.723426,1.361928,1.452978,0.137681,-0.246601,19.0,12.3,-32.85,-20.025,272.575,-55.9101,17.044,5.0,31.74121,48.84397,2.3533225,353.3967,NaN,3.564,58.787098,273.6,6 / 25,37923,2022-01-10 17:05:10:452
-1.917847,9.376575,4.076772,-1.955325,8.73046,4.015738,0.097184,1.723426,1.361928,1.452978,0.137681,-0.246601,19.0,12.3,-32.85,-20.025,272.575,-55.9101,17.044,5.0,31.74121,48.84397,2.3533225,353.3967,NaN,3.564,58.787098,273.6,6 / 25,37929,2022-01-10 17:05:10:458
-1.917847,9.376575,4.076772,-1.955325,8.73046,4.015738,0.097184,1.723426,1.361928,1.452978,0.137681,-0.246601,19.0,12.3,-32.85,-20.025,272.575,-55.9101,17.044,5.0,31.74121,48.84397,2.3533225,353.3967,NaN,3.564,58.787098,273.6,6 / 25,37934,2022-01-10 17:05:10:463
-1.917847,9.376575,4.076772,-1.955325,8.73046,4.015738,0.097184,1.723426,1.361928,1.452978,0.137681,-0.246601,19.0,17.025,-34.125,-14.025,284.3716,-62.9058,25.9622,5.0,31.74121,48.84397,2.3533225,353.3967,NaN,3.564,58.787098,273.6,6 / 25,37938,2022-01-10 17:05:10:467
-1.917847,9.376575,4.076772,-1.955325,8.73046,4.015738,0.097184,1.723426,1.361928,1.452978,0.137681,-0.246601,19.0,17.025,-34.125,-14.025,284.3716,-62.9058,25.9622,5.0,31.74121,48.84397,2.3533225,353.3967,NaN,3.564,58.787098,273.6,6 / 25,37943,2022-01-10 17:05:10:472
-1.917847,9.376575,4.076772,-1.955325,8.73046,4.015738,0.097184,1.723426,1.361928,1.452978,0.137681,-0.246601,19.0,17.025,-34.125,-14.025,284.3716,-62.9058,25.9622,5.0,31.74121,48.84397,2.3533225,353.3967,NaN,3.564,58.787098,273.6,6 / 25,37949,2022-01-10 17:05:10:478
-1.917847,9.376575,4.076772,-1.925391,9.056827,3.230659,-0.45869,1.707905,1.069864,1.452978,0.137681,-0.246601,19.0,17.025,-34.125,-14.025,284.3716,-62.9058,25.9622,5.0,31.74121,48.84397,2.3533225,353.3967,NaN,3.564,58.787098,273.6,6 / 25,37953,2022-01-10 17:05:10:482
-1.917847,9.376575,4.076772,-1.925391,9.056827,3.230659,-0.45869,1.707905,1.069864,1.452978,0.137681,-0.246601,19.0,17.025,-34.125,-14.025,284.3716,-62.9058,25.9622,5.0,31.74121,48.84397,2.3533225,353.3967,NaN,3.564,58.787098,273.6,6 / 25,37958,2022-01-10 17:05:10:487
-1.917847,9.376575,4.076772,-1.925391,9.056827,3.230659,-0.45869,1.707905,1.069864,1.452978,0.137681,-0.246601,19.0,17.025,-34.125,-14.025,284.3716,-62.9058,25.9622,5.0,31.74121,48.84397,2.3533225,353.3967,NaN,3.564,58.787098,273.6,6 / 25,37963,2022-01-10 17:05:10:492
-1.917847,9.376575,4.076772,-1.925391,9.056827,3.230659,-0.45869,1.707905,1.069864,0.605186,-0.036884,-0.165777,19.0,17.025,-34.125,-14.025,284.3716,-62.9058,25.9622,5.0,31.74121,48.84397,2.3533225,353.3967,NaN,3.564,58.787098,273.6,6 / 25,37967,2022-01-10 17:05:10:496
-1.917847,9.376575,4.076772,-1.925391,9.056827,3.230659,-0.45869,1.707905,1.069864,0.605186,-0.036884,-0.165777,19.0,17.025,-34.125,-14.025,284.3716,-62.9058,25.9622,5.0,31.74121,48.84397,2.3533225,353.3967,NaN,3.564,58.787098,273.6,6 / 25,37974,2022-01-10 17:05:10:503
-1.917847,9.376575,4.076772,-1.925391,9.056827,3.230659,-0.45869,1.707905,1.069864,0.605186,-0.036884,-0.165777,19.0,17.025,-34.125,-14.025,284.3716,-62.9058,25.9622,5.0,31.74121,48.84397,2.3533225,353.3967,NaN,3.564,58.787098,273.6,6 / 25,37978,2022-01-10 17:05:10:507
-1.917847,9.376575,4.076772,-1.925391,9.056827,3.230659,-0.45869,1.707905,1.069864,0.605186,-0.036884,-0.165777,19.0,17.025,-34.125,-14.025,284.3716,-62.9058,25.9622,5.0,31.74121,48.84397,2.3533225,353.3967,NaN,3.564,58.787098,273.6,6 / 25,37983,2022-01-10 17:05:10:512
-1.917847,9.376575,4.076772,-1.925391,9.056827,3.230659,-0.45869,1.707905,1.069864,0.605186,-0.036884,-0.165777,19.0,17.025,-34.125,-14.025,284.3716,-62.9058,25.9622,5.0,31.74121,48.84397,2.3533225,353.3967,NaN,3.564,58.787098,273.6,6 / 25,37988,2022-01-10 17:05:10:517
-1.917847,9.376575,4.076772,-1.925391,9.056827,3.230659,-0.45869,1.707905,1.069864,0.605186,-0.036884,-0.165777,19.0,17.025,-34.125,-14.025,284.3716,-62.9058,25.9622,5.0,25.85881,48.84397,2.3533225,353.3967,NaN,3.564,58.787098,273.6,6 / 25,37992,2022-01-10 17:05:10:521
-1.724029,9.380164,3.641876,-1.925391,9.056827,3.230659,-0.45869,1.707905,1.069864,0.605186,-0.036884,-0.165777,19.0,17.025,-34.125,-14.025,284.3716,-62.9058,25.9622,5.0,25.85881,48.84397,2.3533225,353.3967,NaN,3.564,58.787098,273.6,6 / 25,37999,2022-01-10 17:05:10:528
-1.724029,9.380164,3.641876,-1.925391,9.056827,3.230659,-0.45869,1.707905,1.069864,0.605186,-0.036884,-0.165777,19.0,17.025,-34.125,-14.025,284.3716,-62.9058,25.9622,5.0,25.85881,48.84397,2.3533225,353.3967,NaN,3.564,58.787098,273.6,6 / 25,38003,2022-01-10 17:05:10:532
-1.724029,9.380164,3.641876,-1.925391,9.056827,3.230659,-0.45869,1.707905,1.069864,0.605186,-0.036884,-0.165777,19.0,17.025,-34.125,-14.025,284.3716,-62.9058,25.9622,5.0,25.85881,48.84397,2.3533225,353.3967,NaN,3.564,58.787098,273.6,6 / 25,38011,2022-01-10 17:05:10:540
-1.724029,9.380164,3.641876,-1.925391,9.056827,3.230659,-0.45869,1.707905,1.069864,0.605186,-0.036884,-0.165777,19.0,17.025,-34.125,-14.025,284.3716,-62.9058,25.9622,5.0,25.85881,48.84397,2.3533225,353.3967,NaN,3.564,58.787098,273.6,6 / 25,38013,2022-01-10 17:05:10:542
-1.724029,9.380164,3.641876,-1.925391,9.056827,3.230659,-0.45869,1.707905,1.069864,0.605186,-0.036884,-0.165777,19.0,17.025,-34.125,-14.025,284.3716,-62.9058,25.9622,5.0,25.85881,48.84397,2.3533225,353.3967,NaN,3.564,58.787098,273.6,6 / 25,38017,2022-01-10 17:05:10:546
-1.724029,9.380164,3.641876,-1.925391,9.056827,3.230659,-0.45869,1.707905,1.069864,0.605186,-0.036884,-0.165777,19.0,17.025,-34.125,-14.025,284.3716,-62.9058,25.9622,5.0,25.85881,48.84397,2.3533225,353.3967,NaN,3.564,58.787098,273.6,6 / 25,38023,2022-01-10 17:05:10:552
-1.724029,9.380164,3.641876,-1.925391,9.056827,3.230659,-0.45869,1.707905,1.069864,0.605186,-0.036884,-0.165777,19.0,17.025,-34.125,-14.025,284.3716,-62.9058,25.9622,5.0,25.85881,48.84397,2.3533225,353.3967,NaN,3.564,58.787098,273.6,6 / 25,38028,2022-01-10 17:05:10:557
-1.724029,9.380164,3.641876,-1.925391,9.056827,3.230659,-0.45869,1.707905,1.069864,0.605186,-0.036884,-0.165777,19.0,17.025,-34.125,-14.025,284.3716,-62.9058,25.9622,5.0,25.85881,48.84397,2.3533225,353.3967,NaN,3.564,58.787098,273.6,6 / 25,38034,2022-01-10 17:05:10:563
-1.724029,9.380164,3.641876,-1.925391,9.056827,3.230659,-0.45869,1.707905,1.069864,0.605186,-0.036884,-0.165777,19.0,17.025,-34.125,-14.025,284.3716,-62.9058,25.9622,5.0,25.85881,48.84397,2.3533225,353.3967,NaN,3.564,58.787098,273.6,6 / 25,38038,2022-01-10 17:05:10:567
-1.724029,9.380164,3.641876,-1.925391,9.056827,3.230659,-0.45869,1.707905,1.069864,0.605186,-0.036884,-0.165777,19.0,17.025,-34.125,-14.025,284.3716,-62.9058,25.9622,5.0,25.85881,48.84397,2.3533225,353.3967,NaN,3.564,58.787098,273.6,6 / 25,38042,2022-01-10 17:05:10:571
-1.724029,9.380164,3.641876,-1.925391,9.056827,3.230659,-0.45869,1.707905,1.069864,0.605186,-0.036884,-0.165777,19.0,17.025,-34.125,-14.025,284.3716,-62.9058,25.9622,5.0,25.85881,48.84397,2.3533225,353.3967,NaN,3.564,58.787098,273.6,6 / 25,38049,2022-01-10 17:05:10:578
-1.724029,9.380164,3.641876,-1.925391,9.056827,3.230659,-0.45869,1.707905,1.069864,0.605186,-0.036884,-0.165777,19.0,17.025,-34.125,-14.025,284.3716,-62.9058,25.9622,5.0,25.85881,48.84397,2.3533225,353.3967,NaN,3.564,58.787098,273.6,6 / 25,38053,2022-01-10 17:05:10:582
-1.724029,9.380164,3.641876,-1.925391,9.056827,3.230659,-0.45869,1.707905,1.069864,0.605186,-0.036884,-0.165777,19.0,21.225,-35.1,-7.8,281.5636,-67.4491,30.7939,5.0,25.85881,48.84397,2.3533225,353.3967,NaN,3.564,58.787098,273.6,6 / 25,38060,2022-01-10 17:05:10:589
-1.724029,9.380164,3.641876,-1.925391,9.056827,3.230659,-0.45869,1.707905,1.069864,0.605186,-0.036884,-0.165777,19.0,21.225,-35.1,-7.8,281.5636,-67.4491,30.7939,5.0,25.85881,48.84397,2.3533225,353.3967,NaN,3.564,58.787098,273.6,6 / 25,38064,2022-01-10 17:05:10:593
-1.724029,9.380164,3.641876,-2.121348,9.178677,2.72437,0.290718,1.416215,1.074824,0.605186,-0.036884,-0.165777,19.0,21.225,-35.1,-7.8,281.5636,-67.4491,30.7939,5.0,25.85881,48.84397,2.3533225,353.3967,NaN,3.564,58.787098,273.6,6 / 25,38068,2022-01-10 17:05:10:597
-1.724029,9.380164,3.641876,-2.121348,9.178677,2.72437,0.290718,1.416215,1.074824,0.605186,-0.036884,-0.165777,19.0,21.225,-35.1,-7.8,281.5636,-67.4491,30.7939,5.0,25.85881,48.84397,2.3533225,353.3967,NaN,3.564,58.787098,273.6,6 / 25,38074,2022-01-10 17:05:10:603
-1.724029,9.380164,3.641876,-2.121348,9.178677,2.72437,0.290718,1.416215,1.074824,0.605186,-0.036884,-0.165777,19.0,21.225,-35.1,-7.8,281.5636,-67.4491,30.7939,5.0,25.85881,48.84397,2.3533225,353.3967,NaN,3.564,58.787098,273.6,6 / 25,38078,2022-01-10 17:05:10:607
-1.724029,9.380164,3.641876,-2.121348,9.178677,2.72437,0.290718,1.416215,1.074824,0.605186,-0.036884,-0.165777,19.0,21.225,-35.1,-7.8,281.5636,-67.4491,30.7939,5.0,25.85881,48.84397,2.3533225,353.3967,NaN,3.564,58.787098,273.6,6 / 25,38083,2022-01-10 17:05:10:612
-1.724029,9.380164,3.641876,-2.121348,9.178677,2.72437,0.290718,1.416215,1.074824,0.605186,-0.036884,-0.165777,19.0,21.225,-35.1,-7.8,281.5636,-67.4491,30.7939,5.0,25.85881,48.84397,2.3533225,353.3967,NaN,3.564,58.787098,273.6,6 / 25,38088,2022-01-10 17:05:10:617
-1.724029,9.380164,3.641876,-2.121348,9.178677,2.72437,0.290718,1.416215,1.074824,0.605186,-0.036884,-0.165777,19.0,21.225,-35.1,-7.8,281.5636,-67.4491,30.7939,5.0,25.85881,48.84397,2.3533225,353.3967,NaN,3.564,58.787098,273.6,6 / 25,38093,2022-01-10 17:05:10:622
-1.628017,8.926126,4.319942,-2.121348,9.178677,2.72437,0.290718,1.416215,1.074824,0.191342,-0.303858,-0.076297,19.0,21.225,-35.1,-7.8,281.5636,-67.4491,30.7939,5.0,25.85881,48.84397,2.3533225,353.3967,NaN,3.564,58.787098,273.6,6 / 25,38100,2022-01-10 17:05:10:629
-1.628017,8.926126,4.319942,-2.121348,9.178677,2.72437,0.290718,1.416215,1.074824,0.191342,-0.303858,-0.076297,19.0,21.225,-35.1,-7.8,281.5636,-67.4491,30.7939,5.0,25.85881,48.84397,2.3533225,353.3967,NaN,3.564,58.787098,273.6,6 / 25,38102,2022-01-10 17:05:10:631
-1.628017,8.926126,4.319942,-2.121348,9.178677,2.72437,0.290718,1.416215,1.074824,0.191342,-0.303858,-0.076297,19.0,21.225,-35.1,-7.8,281.5636,-67.4491,30.7939,5.0,25.85881,48.84397,2.3533225,353.3967,NaN,3.564,58.787098,273.6,6 / 25,38108,2022-01-10 17:05:10:637
-1.628017,8.926126,4.319942,-2.121348,9.178677,2.72437,0.290718,1.416215,1.074824,0.191342,-0.303858,-0.076297,19.0,21.225,-35.1,-7.8,281.5636,-67.4491,30.7939,5.0,25.85881,48.84397,2.3533225,353.3967,NaN,3.564,58.787098,273.6,6 / 25,38113,2022-01-10 17:05:10:642
-1.628017,8.926126,4.319942,-2.121348,9.178677,2.72437,0.290718,1.416215,1.074824,0.191342,-0.303858,-0.076297,19.0,21.225,-35.1,-7.8,281.5636,-67.4491,30.7939,5.0,25.85881,48.84397,2.3533225,353.3967,NaN,3.564,58.787098,273.6,6 / 25,38118,2022-01-10 17:05:10:647
-1.628017,8.926126,4.319942,-2.121348,9.178677,2.72437,0.290718,1.416215,1.074824,0.191342,-0.303858,-0.076297,19.0,21.225,-35.1,-7.8,281.5636,-67.4491,30.7939,5.0,25.85881,48.84397,2.3533225,353.3967,NaN,3.564,58.787098,273.6,6 / 25,38122,2022-01-10 17:05:10:651
-1.628017,8.926126,4.319942,-2.121348,9.178677,2.72437,0.290718,1.416215,1.074824,0.191342,-0.303858,-0.076297,19.0,21.225,-35.1,-7.8,281.5636,-67.4491,30.7939,5.0,25.85881,48.84397,2.3533225,353.3967,NaN,3.564,58.787098,273.6,6 / 25,38128,2022-01-10 17:05:10:657
-1.628017,8.926126,4.319942,-2.121348,9.178677,2.72437,0.290718,1.416215,1.074824,0.191342,-0.303858,-0.076297,19.0,21.225,-35.1,-7.8,281.5636,-67.4491,30.7939,5.0,25.85881,48.84397,2.3533225,353.3967,NaN,3.564,58.787098,273.6,6 / 25,38133,2022-01-10 17:05:10:662
-1.628017,8.926126,4.319942,-2.121348,9.178677,2.72437,0.290718,1.416215,1.074824,0.191342,-0.303858,-0.076297,19.0,21.225,-35.1,-7.8,281.5636,-67.4491,30.7939,5.0,25.85881,48.84397,2.3533225,353.3967,NaN,3.564,58.787098,273.6,6 / 25,38139,2022-01-10 17:05:10:668
-1.628017,8.926126,4.319942,-2.121348,9.178677,2.72437,0.290718,1.416215,1.074824,0.191342,-0.303858,-0.076297,19.0,21.225,-35.1,-7.8,281.5636,-67.4491,30.7939,5.0,25.85881,48.84397,2.3533225,353.3967,NaN,3.564,58.787098,273.6,6 / 25,38143,2022-01-10 17:05:10:672
-1.628017,8.926126,4.319942,-2.121348,9.178677,2.72437,0.290718,1.416215,1.074824,0.191342,-0.303858,-0.076297,19.0,21.225,-35.1,-7.8,281.5636,-67.4491,30.7939,5.0,25.85881,48.84397,2.3533225,353.3967,NaN,3.564,58.787098,273.6,6 / 25,38149,2022-01-10 17:05:10:678
-1.628017,8.926126,4.319942,-2.121348,9.178677,2.72437,0.290718,1.416215,1.074824,0.191342,-0.303858,-0.076297,19.0,21.225,-35.1,-7.8,281.5636,-67.4491,30.7939,5.0,25.85881,48.84397,2.3533225,353.3967,NaN,3.564,58.787098,273.6,6 / 25,38152,2022-01-10 17:05:10:681
-1.628017,8.926126,4.319942,-2.121348,9.178677,2.72437,0.290718,1.416215,1.074824,0.191342,-0.303858,-0.076297,19.0,21.225,-35.1,-7.8,281.5636,-67.4491,30.7939,5.0,25.85881,48.84397,2.3533225,353.3967,NaN,3.564,58.787098,273.6,6 / 25,38157,2022-01-10 17:05:10:686